ID,AcPower(usb风扇,TimeT,AcPower(电吹风）,总
2.02E+11,75306,1692086083,876257,951563
2.02E+11,75567,1692086084,877207,952774
2.02E+11,76026,1692086085,876835,952861
2.02E+11,76443,1692086086,873928,950371
2.02E+11,75192,1692086087,876683,951875
2.02E+11,75013,1692086088,876491,951504
2.02E+11,75882,1692086089,876946,952828
2.02E+11,76010,1692086090,877206,953216
2.02E+11,76424,1692086091,876525,952949
2.02E+11,75583,1692086092,877745,953328
2.02E+11,75770,1692086093,876405,952175
2.02E+11,76458,1692086094,876481,952939
2.02E+11,76349,1692086095,876107,952456
2.02E+11,76108,1692086095,876189,952297
2.02E+11,76109,1692086097,876360,952469
2.02E+11,75453,1692086098,875940,951393
2.02E+11,76171,1692086099,876198,952369
2.02E+11,76186,1692086100,875768,951954
2.02E+11,76071,1692086101,876183,952254
2.02E+11,76224,1692086102,876242,952466
2.02E+11,75906,1692086103,875383,951289
2.02E+11,75980,1692086104,875909,951889
2.02E+11,75843,1692086105,875720,951563
2.02E+11,74956,1692086106,874722,949678
2.02E+11,75441,1692086107,875243,950684
2.02E+11,75327,1692086108,876416,951743
2.02E+11,75990,1692086109,875365,951355
2.02E+11,75321,1692086110,875995,951316
2.02E+11,75318,1692086111,875191,950509
2.02E+11,75986,1692086112,875465,951451
2.02E+11,75879,1692086113,875430,951309
2.02E+11,75893,1692086114,875548,951441
2.02E+11,75520,1692086115,876126,951646
2.02E+11,74832,1692086116,875969,950801
2.02E+11,75221,1692086117,875327,950548
2.02E+11,75311,1692086118,876339,951650
2.02E+11,75195,1692086119,875060,950255
2.02E+11,75334,1692086120,874682,950016
2.02E+11,75702,1692086121,875097,950799
2.02E+11,75741,1692086122,875095,950836
2.02E+11,75502,1692086123,875694,951196
2.02E+11,74897,1692086124,876210,951107
2.02E+11,74874,1692086125,876912,951786
2.02E+11,75790,1692086126,877244,953034
2.02E+11,75672,1692086127,876007,951679
2.02E+11,76089,1692086128,875841,951930
2.02E+11,75045,1692086129,876039,951084
2.02E+11,75253,1692086130,872596,947849
2.02E+11,75759,1692086131,875473,951232
2.02E+11,75434,1692086132,874549,949983
2.02E+11,74910,1692086133,875260,950170
2.02E+11,75768,1692086134,873669,949437
2.02E+11,75028,1692086135,875925,950953
2.02E+11,75210,1692086136,874449,949659
2.02E+11,75308,1692086137,875776,951084
2.02E+11,74787,1692086138,876658,951445
2.02E+11,75265,1692086139,875874,951139
2.02E+11,75502,1692086140,876225,951727
2.02E+11,75617,1692086141,876817,952434
2.02E+11,75324,1692086142,877079,952403
2.02E+11,76584,1692086143,875455,952039
2.02E+11,75759,1692086144,876408,952167
2.02E+11,76330,1692086145,876191,952521
2.02E+11,76353,1692086146,875313,951666
2.02E+11,76016,1692086147,874582,950598
2.02E+11,76742,1692086148,875074,951816
2.02E+11,76767,1692086149,875306,952073
2.02E+11,76483,1692086150,875242,951725
2.02E+11,76515,1692086151,874815,951330
2.02E+11,75426,1692086152,874591,950017
2.02E+11,75889,1692086153,874548,950437
2.02E+11,75047,1692086154,875129,950176
2.02E+11,74886,1692086155,876035,950921
2.02E+11,75551,1692086156,875761,951312
2.02E+11,74907,1692086157,875842,950749
2.02E+11,75619,1692086158,875819,951438
2.02E+11,75542,1692086159,875857,951399
2.02E+11,74715,1692086160,875353,950068
2.02E+11,74882,1692086161,875484,950366
2.02E+11,75444,1692086162,875103,950547
2.02E+11,75322,1692086163,874941,950263
2.02E+11,75485,1692086164,874455,949940
2.02E+11,75464,1692086165,873334,948798
2.02E+11,74687,1692086166,874277,948964
2.02E+11,75645,1692086167,874357,950002
2.02E+11,75285,1692086168,875418,950703
2.02E+11,75259,1692086169,876756,952015
2.02E+11,74476,1692086170,874817,949293
2.02E+11,75262,1692086171,876170,951432
2.02E+11,75447,1692086172,874875,950322
2.02E+11,75112,1692086173,876260,951372
2.02E+11,75032,1692086174,876334,951366
2.02E+11,74588,1692086175,875734,950322
2.02E+11,75191,1692086176,875587,950778
2.02E+11,75269,1692086177,874573,949842
2.02E+11,74821,1692086178,875474,950295
2.02E+11,74949,1692086179,875337,950286
2.02E+11,75324,1692086180,876215,951539
2.02E+11,75351,1692086181,875891,951242
2.02E+11,75718,1692086182,875931,951649
2.02E+11,75445,1692086183,875192,950637
2.02E+11,74976,1692086184,874216,949192
2.02E+11,75288,1692086185,874710,949998
2.02E+11,75145,1692086186,873470,948615
2.02E+11,75189,1692086187,873817,949006
2.02E+11,74573,1692086188,873468,948041
2.02E+11,75725,1692086189,874004,949729
2.02E+11,75094,1692086190,874185,949279
2.02E+11,75346,1692086191,874962,950308
2.02E+11,74799,1692086192,875391,950190
2.02E+11,75393,1692086193,875101,950494
2.02E+11,76046,1692086194,875688,951734
2.02E+11,75749,1692086195,875666,951415
2.02E+11,74870,1692086196,876860,951730
2.02E+11,74639,1692086197,1584363,1659002
2.02E+11,75295,1692086198,1583012,1658307
2.02E+11,75736,1692086199,1583713,1659449
2.02E+11,75844,1692086200,1583406,1659250
2.02E+11,75693,1692086201,1583177,1658870
2.02E+11,75765,1692086202,1582262,1658027
2.02E+11,76246,1692086203,1581867,1658113
2.02E+11,76477,1692086204,1580231,1656708
2.02E+11,76210,1692086205,1579783,1655993
2.02E+11,75969,1692086206,1581880,1657849
2.02E+11,75482,1692086207,1581330,1656812
2.02E+11,75661,1692086208,1581880,1657541
2.02E+11,75549,1692086209,1582443,1657992
2.02E+11,75879,1692086210,1581656,1657535
2.02E+11,74839,1692086211,1584098,1658937
2.02E+11,75194,1692086212,1582575,1657769
2.02E+11,75062,1692086213,1583580,1658642
2.02E+11,75090,1692086214,1582645,1657735
2.02E+11,75195,1692086215,1583561,1658756
2.02E+11,75712,1692086216,1583559,1659271
2.02E+11,75715,1692086217,1582363,1658078
2.02E+11,75564,1692086218,1582383,1657947
2.02E+11,75192,1692086219,1580680,1655872
2.02E+11,75780,1692086220,1581935,1657715
2.02E+11,76323,1692086221,1580977,1657300
2.02E+11,76183,1692086222,1581404,1657587
2.02E+11,75727,1692086223,1580607,1656334
2.02E+11,75394,1692086224,1582934,1658328
2.02E+11,75139,1692086225,1582397,1657536
2.02E+11,75536,1692086226,1581123,1656659
2.02E+11,75437,1692086227,1582772,1658209
2.02E+11,75133,1692086228,1584042,1659175
2.02E+11,75306,1692086229,1583915,1659221
2.02E+11,75899,1692086230,1584641,1660540
2.02E+11,75349,1692086231,1584544,1659893
2.02E+11,75553,1692086232,1583928,1659481
2.02E+11,75329,1692086233,1583679,1659008
2.02E+11,75347,1692086234,1582873,1658220
2.02E+11,75536,1692086235,1582086,1657622
2.02E+11,75729,1692086236,1582109,1657838
2.02E+11,75881,1692086237,1580344,1656225
2.02E+11,75440,1692086238,1582302,1657742
2.02E+11,76205,1692086239,1582315,1658520
2.02E+11,75597,1692086240,1581355,1656952
2.02E+11,75825,1692086241,1582690,1658515
2.02E+11,75053,1692086242,1581958,1657011
2.02E+11,76047,1692086243,1583409,1659456
2.02E+11,76636,1692086244,1583459,1660095
2.02E+11,76071,1692086245,1583500,1659571
2.02E+11,76312,1692086245,1584332,1660644
2.02E+11,75994,1692086247,1583253,1659247
2.02E+11,75647,1692086248,1584508,1660155
2.02E+11,76659,1692086249,1583108,1659767
2.02E+11,76156,1692086250,1583238,1659394
2.02E+11,76120,1692086251,1584148,1660268
2.02E+11,76070,1692086252,1582328,1658398
2.02E+11,76056,1692086253,1583913,1659969
2.02E+11,76008,1692086254,1582632,1658640
2.02E+11,75918,1692086255,1581812,1657730
2.02E+11,75933,1692086256,1582629,1658562
2.02E+11,74985,1692086257,1580768,1655753
2.02E+11,75361,1692086258,1580999,1656360
2.02E+11,75789,1692086259,1579669,1655458
2.02E+11,75766,1692086260,1580684,1656450
2.02E+11,75576,1692086261,1582188,1657764
2.02E+11,75062,1692086262,1580927,1655989
2.02E+11,75470,1692086263,1580373,1655843
2.02E+11,75336,1692086264,1580141,1655477
2.02E+11,75027,1692086265,1580796,1655823
2.02E+11,74500,1692086266,1579935,1654435
2.02E+11,75374,1692086267,1580262,1655636
2.02E+11,75206,1692086268,873848,949054
2.02E+11,75549,1692086269,874684,950233
2.02E+11,75395,1692086270,874592,949987
2.02E+11,75060,1692086271,876171,951231
2.02E+11,75267,1692086272,876554,951821
2.02E+11,75527,1692086273,876602,952129
2.02E+11,74643,1692086274,875972,950615
2.02E+11,74872,1692086275,875976,950848
2.02E+11,75121,1692086276,875242,950363
2.02E+11,75336,1692086277,875847,951183
2.02E+11,74862,1692086278,875325,950187
2.02E+11,75185,1692086279,876233,951418
2.02E+11,75369,1692086280,876208,951577
2.02E+11,75971,1692086281,875687,951658
2.02E+11,75664,1692086282,876624,952288
2.02E+11,75638,1692086283,876224,951862
2.02E+11,75243,1692086284,876911,952154
2.02E+11,76182,1692086285,876760,952942
2.02E+11,76610,1692086286,876336,952946
2.02E+11,75933,1692086287,875680,951613
2.02E+11,74834,1692086288,876287,951121
2.02E+11,75284,1692086289,876713,951997
2.02E+11,75406,1692086290,877816,953222
2.02E+11,76005,1692086291,876417,952422
2.02E+11,75955,1692086292,876317,952272
2.02E+11,75216,1692086293,876757,951973
2.02E+11,75360,1692086294,877067,952427
2.02E+11,75678,1692086295,874567,950245
2.02E+11,75251,1692086296,874864,950115
2.02E+11,74736,1692086297,874061,948797
2.02E+11,75183,1692086298,874745,949928
2.02E+11,75430,1692086299,874976,950406
2.02E+11,74869,1692086300,875620,950489
2.02E+11,75030,1692086301,875400,950430
2.02E+11,75404,1692086302,876344,951748
2.02E+11,74909,1692086303,876756,951665
2.02E+11,75336,1692086304,877575,952911
2.02E+11,74940,1692086305,876700,951640
2.02E+11,74453,1692086306,877263,951716
2.02E+11,74069,1692086307,876226,950295
2.02E+11,74968,1692086308,876189,951157
2.02E+11,75445,1692086309,875434,950879
2.02E+11,75321,1692086310,875079,950400
2.02E+11,74446,1692086311,875437,949883
2.02E+11,74811,1692086312,875271,950082
2.02E+11,75685,1692086313,875270,950955
2.02E+11,75007,1692086314,875054,950061
2.02E+11,75646,1692086315,874584,950230
2.02E+11,75681,1692086316,874659,950340
2.02E+11,75707,1692086317,875564,951271
2.02E+11,75676,1692086318,876051,951727
2.02E+11,75524,1692086319,876355,951879
2.02E+11,75403,1692086320,876322,951725
2.02E+11,75577,1692086321,876150,951727
2.02E+11,75806,1692086322,876698,952504
2.02E+11,75411,1692086323,875687,951098
2.02E+11,75464,1692086324,874958,950422
2.02E+11,75432,1692086325,873901,949333
2.02E+11,76037,1692086326,873320,949357
2.02E+11,75547,1692086327,873843,949390
2.02E+11,75982,1692086328,875113,951095
2.02E+11,75634,1692086329,874358,949992
2.02E+11,75221,1692086330,875019,950240
2.02E+11,76258,1692086331,875566,951824
2.02E+11,75614,1692086332,876547,952161
2.02E+11,75941,1692086333,875369,951310
2.02E+11,75973,1692086334,874863,950836
2.02E+11,74958,1692086335,875906,950864
2.02E+11,75783,1692086336,876230,952013
2.02E+11,75934,1692086337,876622,952556
2.02E+11,75189,1692086338,875728,950917
2.02E+11,75047,1692086339,875194,950241
2.02E+11,75892,1692086340,876046,951938
2.02E+11,76024,1692086341,875643,951667
2.02E+11,75529,1692086342,876639,952168
2.02E+11,75433,1692086343,876428,951861
2.02E+11,75908,1692086344,877076,952984
2.02E+11,75818,1692086345,875692,951510
2.02E+11,75647,1692086346,875407,951054
2.02E+11,75687,1692086347,874724,950411
2.02E+11,75637,1692086348,875814,951451
2.02E+11,75376,1692086349,875854,951230
2.02E+11,75496,1692086350,877242,952738
2.02E+11,75384,1692086351,877109,952493
2.02E+11,75402,1692086352,876851,952253
2.02E+11,74602,1692086353,872276,946878
2.02E+11,75555,1692086354,875572,951127
2.02E+11,75200,1692086355,875032,950232
2.02E+11,75529,1692086356,874079,949608
2.02E+11,75214,1692086357,874005,949219
2.02E+11,76012,1692086358,872752,948764
2.02E+11,75914,1692086359,873434,949348
2.02E+11,76381,1692086360,873472,949853
2.02E+11,76077,1692086361,874744,950821
2.02E+11,75709,1692086362,875070,950779
2.02E+11,75522,1692086363,876228,951750
2.02E+11,76076,1692086364,876295,952371
2.02E+11,76076,1692086365,876593,952669
2.02E+11,75858,1692086366,875480,951338
2.02E+11,76013,1692086367,875985,951998
2.02E+11,76182,1692086368,876223,952405
2.02E+11,76076,1692086369,875667,951743
2.02E+11,76267,1692086370,876188,952455
2.02E+11,74828,1692086371,875741,950569
2.02E+11,75139,1692086372,876174,951313
2.02E+11,75206,1692086373,876009,951215
2.02E+11,75909,1692086374,876143,952052
2.02E+11,75424,1692086375,876029,951453
2.02E+11,75402,1692086376,876264,951666
2.02E+11,75383,1692086377,876251,951634
2.02E+11,75435,1692086378,876336,951771
2.02E+11,75362,1692086379,876720,952082
2.02E+11,75693,1692086380,878093,953786
2.02E+11,75196,1692086381,878578,953774
2.02E+11,76193,1692086382,877873,954066
2.02E+11,75491,1692086383,877641,953132
2.02E+11,75212,1692086384,876538,951750
2.02E+11,75916,1692086385,876918,952834
2.02E+11,76115,1692086386,875306,951421
2.02E+11,76128,1692086387,875573,951701
2.02E+11,75618,1692086388,876605,952223
2.02E+11,75403,1692086389,876577,951980
2.02E+11,75524,1692086390,877710,953234
2.02E+11,76321,1692086391,877026,953347
2.02E+11,75967,1692086392,878645,954612
2.02E+11,76009,1692086393,878884,954893
2.02E+11,75796,1692086394,878954,954750
2.02E+11,76193,1692086395,879160,955353
2.02E+11,76084,1692086396,877909,953993
2.02E+11,76545,1692086396,878819,955364
2.02E+11,75896,1692086398,878776,954672
2.02E+11,75128,1692086399,877856,952984
2.02E+11,75835,1692086400,876254,952089
2.02E+11,76466,1692086401,877363,953829
2.02E+11,75593,1692086402,877925,953518
2.02E+11,75357,1692086403,877743,953100
2.02E+11,75134,1692086404,877792,952926
2.02E+11,75421,1692086405,878422,953843
2.02E+11,75321,1692086406,877956,953277
2.02E+11,75353,1692086407,878079,953432
2.02E+11,75788,1692086408,877624,953412
2.02E+11,75360,1692086409,878110,953470
2.02E+11,75046,1692086410,879140,954186
2.02E+11,75413,1692086411,879193,954606
2.02E+11,75536,1692086412,879157,954693
2.02E+11,74528,1692086413,877652,952180
2.02E+11,74433,1692086414,878009,952442
2.02E+11,75414,1692086415,877805,953219
2.02E+11,74994,1692086416,877813,952807
2.02E+11,74834,1692086417,875625,950459
2.02E+11,74762,1692086418,877270,952032
2.02E+11,75297,1692086419,877701,952998
2.02E+11,74519,1692086420,876746,951265
2.02E+11,75099,1692086421,877484,952583
2.02E+11,75081,1692086422,878281,953362
2.02E+11,75710,1692086423,879395,955105
2.02E+11,76076,1692086424,878876,954952
2.02E+11,75987,1692086425,877660,953647
2.02E+11,74635,1692086426,879176,953811
2.02E+11,75536,1692086427,878445,953981
2.02E+11,75641,1692086428,878041,953682
2.02E+11,75455,1692086429,877838,953293
2.02E+11,75705,1692086430,877624,953329
2.02E+11,74978,1692086431,878242,953220
2.02E+11,76069,1692086432,877524,953593
2.02E+11,75905,1692086433,878205,954110
2.02E+11,75895,1692086434,878858,954753
2.02E+11,75750,1692086435,878373,954123
2.02E+11,75794,1692086436,878580,954374
2.02E+11,76275,1692086437,877096,953371
2.02E+11,76071,1692086438,878961,955032
2.02E+11,76186,1692086439,879673,955859
2.02E+11,75984,1692086440,879728,955712
2.02E+11,75958,1692086441,880248,956206
2.02E+11,75753,1692086442,878457,954210
2.02E+11,76113,1692086443,878514,954627
2.02E+11,76137,1692086444,878298,954435
2.02E+11,75366,1692086445,877824,953190
2.02E+11,75780,1692086446,875986,951766
2.02E+11,75841,1692086447,878293,954134
2.02E+11,75608,1692086448,877349,952957
2.02E+11,75696,1692086449,879523,955219
2.02E+11,75174,1692086450,879266,954440
2.02E+11,74722,1692086451,879509,954231
2.02E+11,75859,1692086452,879892,955751
2.02E+11,75379,1692086453,880219,955598
2.02E+11,75784,1692086454,880261,956045
2.02E+11,75135,1692086455,878913,954048
2.02E+11,75381,1692086456,879523,954904
2.02E+11,75723,1692086457,880274,955997
2.02E+11,75480,1692086458,878810,954290
2.02E+11,75070,1692086459,878613,953683
2.02E+11,75464,1692086460,878428,953892
2.02E+11,75487,1692086461,877773,953260
2.02E+11,76108,1692086462,878613,954721
2.02E+11,75517,1692086463,878325,953842
2.02E+11,75023,1692086464,878532,953555
2.02E+11,75356,1692086465,878394,953750
2.02E+11,75817,1692086466,878780,954597
2.02E+11,75545,1692086467,878897,954442
2.02E+11,75208,1692086468,878792,954000
2.02E+11,75643,1692086469,878916,954559
2.02E+11,75944,1692086470,878879,954823
2.02E+11,76017,1692086471,878569,954586
2.02E+11,75382,1692086472,879576,954958
2.02E+11,75076,1692086473,878911,953987
2.02E+11,75250,1692086474,878906,954156
2.02E+11,75949,1692086475,879141,955090
2.02E+11,75888,1692086476,878155,954043
2.02E+11,75766,1692086477,877932,953698
2.02E+11,74972,1692086478,879014,953986
2.02E+11,75348,1692086479,879274,954622
2.02E+11,75492,1692086480,878996,954488
2.02E+11,75304,1692086481,879303,954607
2.02E+11,75028,1692086482,877417,952445
2.02E+11,75025,1692086483,878172,953197
2.02E+11,76080,1692086484,878892,954972
2.02E+11,75739,1692086485,879709,955448
2.02E+11,76033,1692086486,879773,955806
2.02E+11,76012,1692086487,879255,955267
2.02E+11,75667,1692086488,878438,954105
2.02E+11,75732,1692086489,878151,953883
2.02E+11,76320,1692086490,878203,954523
2.02E+11,75957,1692086491,879358,955315
2.02E+11,75780,1692086492,879521,955301
2.02E+11,76255,1692086493,878417,954672
2.02E+11,75400,1692086494,878897,954297
2.02E+11,76339,1692086495,878410,954749
2.02E+11,76140,1692086496,878214,954354
2.02E+11,75611,1692086497,878853,954464
2.02E+11,75599,1692086498,878474,954073
2.02E+11,76444,1692086499,878249,954693
2.02E+11,75951,1692086500,878716,954667
2.02E+11,75478,1692086501,880046,955524
2.02E+11,75135,1692086502,879869,955004
2.02E+11,75195,1692086503,878978,954173
2.02E+11,75734,1692086504,880012,955746
2.02E+11,75723,1692086505,879595,955318
2.02E+11,75466,1692086506,879698,955164
2.02E+11,74918,1692086507,879523,954441
2.02E+11,75757,1692086508,880351,956108
2.02E+11,76115,1692086509,880074,956189
2.02E+11,75512,1692086510,880274,955786
2.02E+11,75620,1692086511,879735,955355
2.02E+11,75562,1692086512,880421,955983
2.02E+11,75731,1692086513,878521,954252
2.02E+11,75794,1692086514,876246,952040
2.02E+11,75400,1692086515,876559,951959
2.02E+11,75538,1692086516,876643,952181
2.02E+11,75526,1692086517,877711,953237
2.02E+11,76456,1692086518,877981,954437
2.02E+11,76399,1692086519,877681,954080
2.02E+11,76160,1692086520,878098,954258
2.02E+11,75515,1692086521,878750,954265
2.02E+11,75386,1692086522,879375,954761
2.02E+11,75589,1692086523,879084,954673
2.02E+11,75450,1692086524,878239,953689
2.02E+11,75507,1692086525,877215,952722
2.02E+11,75799,1692086526,876520,952319
2.02E+11,75925,1692086527,879057,954982
2.02E+11,75931,1692086528,879940,955871
2.02E+11,75365,1692086529,879100,954465
2.02E+11,74558,1692086530,880472,955030
2.02E+11,75149,1692086531,880826,955975
2.02E+11,74930,1692086532,879911,954841
2.02E+11,75347,1692086533,880052,955399
2.02E+11,74372,1692086534,880129,954501
2.02E+11,74560,1692086535,880480,955040
2.02E+11,75348,1692086536,881143,956491
2.02E+11,75140,1692086537,880955,956095
2.02E+11,75042,1692086538,880599,955641
2.02E+11,75101,1692086539,879899,955000
2.02E+11,75562,1692086540,880564,956126
2.02E+11,75702,1692086541,879634,955336
2.02E+11,75807,1692086542,879287,955094
2.02E+11,75731,1692086543,877918,953649
2.02E+11,76222,1692086544,878363,954585
2.02E+11,76002,1692086545,879257,955259
2.02E+11,76158,1692086546,879448,955606
2.02E+11,75650,1692086546,879672,955322
2.02E+11,75731,1692086548,879606,955337
2.02E+11,75636,1692086549,879968,955604
2.02E+11,75791,1692086550,880249,956040
2.02E+11,76098,1692086551,881016,957114
2.02E+11,75958,1692086552,881678,957636
2.02E+11,75983,1692086553,880874,956857
2.02E+11,75793,1692086554,880461,956254
2.02E+11,76144,1692086555,880430,956574
2.02E+11,75487,1692086556,879839,955326
2.02E+11,75229,1692086557,880008,955237
2.02E+11,74492,1692086558,880222,954714
2.02E+11,75930,1692086559,880121,956051
2.02E+11,75541,1692086560,879054,954595
2.02E+11,75208,1692086561,879252,954460
2.02E+11,74841,1692086562,878930,953771
2.02E+11,75655,1692086563,879157,954812
2.02E+11,75364,1692086564,879315,954679
2.02E+11,75157,1692086565,879938,955095
2.02E+11,74810,1692086566,879599,954409
2.02E+11,75304,1692086567,880002,955306
2.02E+11,75792,1692086568,879999,955791
2.02E+11,75794,1692086569,879837,955631
2.02E+11,75979,1692086570,880133,956112
2.02E+11,75367,1692086571,880880,956247
2.02E+11,75849,1692086572,880677,956526
2.02E+11,75528,1692086573,879710,955238
2.02E+11,75057,1692086574,880860,955917
2.02E+11,74773,1692086575,880421,955194
2.02E+11,75631,1692086576,881037,956668
2.02E+11,75840,1692086577,880329,956169
2.02E+11,75109,1692086578,881106,956215
2.02E+11,75823,1692086579,880419,956242
2.02E+11,75473,1692086580,880257,955730
2.02E+11,75391,1692086581,880119,955510
2.02E+11,76049,1692086582,879676,955725
2.02E+11,75727,1692086583,879447,955174
2.02E+11,76202,1692086584,879903,956105
2.02E+11,75741,1692086585,880630,956371
2.02E+11,76681,1692086586,879520,956201
2.02E+11,76385,1692086587,880430,956815
2.02E+11,76692,1692086588,880621,957313
2.02E+11,75517,1692086589,879902,955419
2.02E+11,75796,1692086590,879949,955745
2.02E+11,75878,1692086591,879343,955221
2.02E+11,76386,1692086592,880325,956711
2.02E+11,75932,1692086593,879622,955554
2.02E+11,76086,1692086594,880865,956951
2.02E+11,75463,1692086595,881039,956502
2.02E+11,75816,1692086596,880773,956589
2.02E+11,75864,1692086597,880011,955875
2.02E+11,75720,1692086598,879434,955154
2.02E+11,76009,1692086599,880269,956278
2.02E+11,75844,1692086600,879961,955805
2.02E+11,75624,1692086601,879589,955213
2.02E+11,75442,1692086602,879479,954921
2.02E+11,75608,1692086603,879868,955476
2.02E+11,75220,1692086604,878843,954063
2.02E+11,75596,1692086605,879595,955191
2.02E+11,75963,1692086606,880446,956409
2.02E+11,75075,1692086607,879431,954506
2.02E+11,74904,1692086608,878148,953052
2.02E+11,75275,1692086609,878865,954140
2.02E+11,75265,1692086610,879086,954351
2.02E+11,75248,1692086611,879368,954616
2.02E+11,74925,1692086612,880229,955154
2.02E+11,75140,1692086613,880615,955755
2.02E+11,75454,1692086614,879114,954568
2.02E+11,75109,1692086615,879784,954893
2.02E+11,75679,1692086616,879638,955317
2.02E+11,76022,1692086617,879974,955996
2.02E+11,76341,1692086618,880348,956689
2.02E+11,76803,1692086619,878545,955348
2.02E+11,76178,1692086620,877914,954092
2.02E+11,75672,1692086621,879123,954795
2.02E+11,76182,1692086622,879784,955966
2.02E+11,75796,1692086623,879743,955539
2.02E+11,76156,1692086624,880190,956346
2.02E+11,76670,1692086625,880457,957127
2.02E+11,76378,1692086626,879982,956360
2.02E+11,76474,1692086627,880867,957341
2.02E+11,76525,1692086628,881299,957824
2.02E+11,75293,1692086629,879691,954984
2.02E+11,75881,1692086630,879958,955839
2.02E+11,75460,1692086631,880459,955919
2.02E+11,74976,1692086632,880307,955283
2.02E+11,75720,1692086633,879335,955055
2.02E+11,75780,1692086634,879756,955536
2.02E+11,75855,1692086635,880009,955864
2.02E+11,75781,1692086636,879130,954911
2.02E+11,75838,1692086637,880175,956013
2.02E+11,75789,1692086638,879788,955577
2.02E+11,76176,1692086639,878398,954574
2.02E+11,75368,1692086640,880085,955453
2.02E+11,75388,1692086641,880019,955407
2.02E+11,75766,1692086642,880147,955913
2.02E+11,75676,1692086643,880556,956232
2.02E+11,75952,1692086644,879891,955843
2.02E+11,75415,1692086645,879640,955055
2.02E+11,75965,1692086646,882183,958148
2.02E+11,75614,1692086647,880934,956548
2.02E+11,75266,1692086648,881139,956405
2.02E+11,75247,1692086649,880539,955786
2.02E+11,75956,1692086650,878389,954345
2.02E+11,75725,1692086651,879566,955291
2.02E+11,75304,1692086652,879741,955045
2.02E+11,75760,1692086653,880919,956679
2.02E+11,75401,1692086654,880271,955672
2.02E+11,75468,1692086655,881534,957002
2.02E+11,75774,1692086656,881376,957150
2.02E+11,75929,1692086657,541073,617002
2.02E+11,75154,1692086658,541173,616327
2.02E+11,75878,1692086659,540839,616717
2.02E+11,75656,1692086660,541163,616819
2.02E+11,75422,1692086661,540586,616008
2.02E+11,75684,1692086662,540262,615946
2.02E+11,75695,1692086663,539365,615060
2.02E+11,76055,1692086664,540075,616130
2.02E+11,76183,1692086665,540110,616293
2.02E+11,75739,1692086666,539924,615663
2.02E+11,75914,1692086667,539562,615476
2.02E+11,75716,1692086668,541050,616766
2.02E+11,76423,1692086669,540754,617177
2.02E+11,75308,1692086670,540967,616275
2.02E+11,75554,1692086671,540859,616413
2.02E+11,76075,1692086672,541049,617124
2.02E+11,76559,1692086673,541591,618150
2.02E+11,76234,1692086674,540873,617107
2.02E+11,76039,1692086675,540951,616990
2.02E+11,75908,1692086676,540914,616822
2.02E+11,75296,1692086677,541184,616480
2.02E+11,76349,1692086678,540902,617251
2.02E+11,75941,1692086679,540937,616878
2.02E+11,75955,1692086680,541180,617135
2.02E+11,75598,1692086681,541045,616643
2.02E+11,75672,1692086682,540942,616614
2.02E+11,75646,1692086683,540516,616162
2.02E+11,75248,1692086684,540986,616234
2.02E+11,75345,1692086685,540588,615933
2.02E+11,75548,1692086686,540531,616079
2.02E+11,75616,1692086687,540128,615744
2.02E+11,75628,1692086688,540067,615695
2.02E+11,75036,1692086689,540245,615281
2.02E+11,74904,1692086690,540303,615207
2.02E+11,75773,1692086691,539733,615506
2.02E+11,75420,1692086692,540728,616148
2.02E+11,75745,1692086693,540587,616332
2.02E+11,74458,1692086694,541185,615643
2.02E+11,75608,1692086695,540885,616493
2.02E+11,75481,1692086696,540212,615693
2.02E+11,75572,1692086697,539936,615508
2.02E+11,75318,1692086697,540214,615532
2.02E+11,74965,1692086699,539445,614410
2.02E+11,75640,1692086700,540673,616313
2.02E+11,76077,1692086701,540667,616744
2.02E+11,75834,1692086702,540645,616479
2.02E+11,75198,1692086703,540091,615289
2.02E+11,76292,1692086704,540362,616654
2.02E+11,75748,1692086705,540704,616452
2.02E+11,75888,1692086706,540034,615922
2.02E+11,75534,1692086707,541230,616764
2.02E+11,75529,1692086708,540480,616009
2.02E+11,75578,1692086709,540650,616228
2.02E+11,76188,1692086710,540825,617013
2.02E+11,75315,1692086711,540892,616207
2.02E+11,76018,1692086712,539552,615570
2.02E+11,76145,1692086713,540455,616600
2.02E+11,76445,1692086714,538725,615170
2.02E+11,75835,1692086715,540108,615943
2.02E+11,76286,1692086716,539734,616020
2.02E+11,76287,1692086717,539768,616055
2.02E+11,76031,1692086718,540022,616053
2.02E+11,76123,1692086719,539954,616077
2.02E+11,75829,1692086720,540563,616392
2.02E+11,75827,1692086721,540414,616241
2.02E+11,74471,1692086722,540033,614504
2.02E+11,75850,1692086723,540235,616085
2.02E+11,75138,1692086724,540292,615430
2.02E+11,75042,1692086725,539744,614786
2.02E+11,74730,1692086726,539499,614229
2.02E+11,75092,1692086727,538184,613276
2.02E+11,75333,1692086728,538154,613487
2.02E+11,74941,1692086729,539806,614747
2.02E+11,75085,1692086730,539101,614186
2.02E+11,75053,1692086731,539787,614840
2.02E+11,75419,1692086732,540304,615723
2.02E+11,75714,1692086733,539662,615376
2.02E+11,74793,1692086734,539733,614526
2.02E+11,75272,1692086735,540454,615726
2.02E+11,75904,1692086736,540070,615974
2.02E+11,76231,1692086737,540652,616883
2.02E+11,76181,1692086738,540245,616426
2.02E+11,75377,1692086739,539986,615363
2.02E+11,75534,1692086740,539813,615347
2.02E+11,75935,1692086741,539327,615262
2.02E+11,75930,1692086742,539713,615643
2.02E+11,75620,1692086743,539621,615241
2.02E+11,75735,1692086744,539285,615020
2.02E+11,75717,1692086745,539640,615357
2.02E+11,76375,1692086746,539370,615745
2.02E+11,76116,1692086747,540337,616453
2.02E+11,75528,1692086748,539813,615341
2.02E+11,75699,1692086749,540205,615904
2.02E+11,75364,1692086750,539957,615321
2.02E+11,76617,1692086751,539849,616466
2.02E+11,76613,1692086752,539516,616129
2.02E+11,75969,1692086753,539340,615309
2.02E+11,75328,1692086754,538915,614243
2.02E+11,75339,1692086755,539114,614453
2.02E+11,76399,1692086756,538095,614494
2.02E+11,75679,1692086757,538583,614262
2.02E+11,75126,1692086758,539754,614880
2.02E+11,75543,1692086759,539038,614581
2.02E+11,75931,1692086760,539635,615566
2.02E+11,75620,1692086761,540149,615769
2.02E+11,75419,1692086762,540796,616215
2.02E+11,74782,1692086763,539925,614707
2.02E+11,75319,1692086764,539967,615286
2.02E+11,75753,1692086765,540080,615833
2.02E+11,75152,1692086766,539839,614991
2.02E+11,75348,1692086767,540121,615469
2.02E+11,73978,1692086768,539230,613208
2.02E+11,75356,1692086769,539275,614631
2.02E+11,75216,1692086770,539606,614822
2.02E+11,75271,1692086771,538975,614246
2.02E+11,74727,1692086772,538590,613317
2.02E+11,76273,1692086773,538852,615125
2.02E+11,75444,1692086774,539487,614931
2.02E+11,75383,1692086775,538670,614053
2.02E+11,75677,1692086776,540144,615821
2.02E+11,75224,1692086777,539683,614907
2.02E+11,75546,1692086778,539537,615083
2.02E+11,75814,1692086779,539699,615513
2.02E+11,75466,1692086780,540812,616278
2.02E+11,75408,1692086781,539785,615193
2.02E+11,75573,1692086782,539286,614859
2.02E+11,75987,1692086783,539401,615388
2.02E+11,75505,1692086784,538943,614448
2.02E+11,75585,1692086785,539648,615233
2.02E+11,75607,1692086786,539413,615020
2.02E+11,75690,1692086787,539893,615583
2.02E+11,75478,1692086788,538750,614228
2.02E+11,74909,1692086789,539174,614083
2.02E+11,75414,1692086790,539267,614681
2.02E+11,75501,1692086791,539830,615331
2.02E+11,75120,1692086792,540758,615878
2.02E+11,75699,1692086793,540383,616082
2.02E+11,75246,1692086794,540238,615484
2.02E+11,75184,1692086795,540371,615555
2.02E+11,75913,1692086796,540114,616027
2.02E+11,75986,1692086797,539639,615625
2.02E+11,76141,1692086798,539693,615834
2.02E+11,75063,1692086799,538987,614050
2.02E+11,74986,1692086800,538512,613498
2.02E+11,74955,1692086801,538132,613087
2.02E+11,75177,1692086802,538184,613361
2.02E+11,75543,1692086803,539106,614649
2.02E+11,75037,1692086804,539789,614826
2.02E+11,75866,1692086805,539264,615130
2.02E+11,75679,1692086806,539216,614895
2.02E+11,75333,1692086807,539345,614678
2.02E+11,74874,1692086808,540373,615247
2.02E+11,74907,1692086809,540039,614946
2.02E+11,74743,1692086810,540175,614918
2.02E+11,75454,1692086811,540062,615516
2.02E+11,75000,1692086812,539037,614037
2.02E+11,75102,1692086813,539034,614136
2.02E+11,75737,1692086814,538938,614675
2.02E+11,75698,1692086815,538772,614470
2.02E+11,74822,1692086816,538627,613449
2.02E+11,74322,1692086817,538269,612591
2.02E+11,75477,1692086818,538516,613993
2.02E+11,75699,1692086819,539262,614961
2.02E+11,74921,1692086820,538909,613830
2.02E+11,74933,1692086821,539600,614533
2.02E+11,75167,1692086822,539895,615062
2.02E+11,74874,1692086823,540000,614874
2.02E+11,74434,1692086824,539642,614076
2.02E+11,74849,1692086825,540498,615347
2.02E+11,74682,1692086826,540099,614781
2.02E+11,75197,1692086827,539367,614564
2.02E+11,75180,1692086828,539350,614530
2.02E+11,74973,1692086829,539404,614377
2.02E+11,75653,1692086830,539062,614715
2.02E+11,75261,1692086831,538759,614020
2.02E+11,75577,1692086832,539956,615533
2.02E+11,75316,1692086833,539612,614928
2.02E+11,74771,1692086834,540063,614834
2.02E+11,75507,1692086835,539351,614858
2.02E+11,75786,1692086836,539354,615140
2.02E+11,74984,1692086837,540153,615137
2.02E+11,75288,1692086838,539943,615231
2.02E+11,75222,1692086839,540947,616169
2.02E+11,75625,1692086840,539162,614787
2.02E+11,75884,1692086841,539279,615163
2.02E+11,75101,1692086842,539540,614641
2.02E+11,75497,1692086843,538872,614369
2.02E+11,74989,1692086844,539215,614204
2.02E+11,76090,1692086845,538761,614851
2.02E+11,76093,1692086846,538533,614626
2.02E+11,75871,1692086847,539376,615247
2.02E+11,75703,1692086847,539332,615035
2.02E+11,75549,1692086849,540111,615660
2.02E+11,76295,1692086850,539722,616017
2.02E+11,76272,1692086851,540332,616604
2.02E+11,75903,1692086852,538908,614811
2.02E+11,75296,1692086853,539901,615197
2.02E+11,75515,1692086854,540550,616065
2.02E+11,75546,1692086855,540680,616226
2.02E+11,75182,1692086856,540613,615795
2.02E+11,74932,1692086857,539629,614561
2.02E+11,75208,1692086858,540390,615598
2.02E+11,75696,1692086859,539674,615370
2.02E+11,76873,1692086860,539742,616615
2.02E+11,76274,1692086861,539603,615877
2.02E+11,75458,1692086862,539377,614835
2.02E+11,75622,1692086863,539422,615044
2.02E+11,75362,1692086864,538788,614150
2.02E+11,75089,1692086865,538792,613881
2.02E+11,74753,1692086866,539310,614063
2.02E+11,74968,1692086867,539170,614138
2.02E+11,75457,1692086868,539179,614636
2.02E+11,75622,1692086869,539752,615374
2.02E+11,75502,1692086870,538795,614297
2.02E+11,75816,1692086871,538595,614411
2.02E+11,76241,1692086872,539444,615685
2.02E+11,75497,1692086873,539261,614758
2.02E+11,75079,1692086874,539634,614713
2.02E+11,74706,1692086875,539002,613708
2.02E+11,74906,1692086876,539541,614447
2.02E+11,75367,1692086877,538983,614350
2.02E+11,75216,1692086878,538459,613675
2.02E+11,74841,1692086879,539144,613985
2.02E+11,75437,1692086880,539191,614628
2.02E+11,75200,1692086881,538322,613522
2.02E+11,75562,1692086882,538664,614226
2.02E+11,75105,1692086883,538496,613601
2.02E+11,75375,1692086884,538466,613841
2.02E+11,75022,1692086885,538843,613865
2.02E+11,75249,1692086886,539357,614606
2.02E+11,75440,1692086887,539867,615307
2.02E+11,74722,1692086888,539793,614515
2.02E+11,75598,1692086889,539905,615503
2.02E+11,75419,1692086890,539168,614587
2.02E+11,75828,1692086891,539581,615409
2.02E+11,75446,1692086892,539757,615203
2.02E+11,75265,1692086893,539281,614546
2.02E+11,75945,1692086894,539081,615026
2.02E+11,76234,1692086895,539177,615411
2.02E+11,76061,1692086896,539355,615416
2.02E+11,76000,1692086897,539453,615453
2.02E+11,75995,1692086898,539146,615141
2.02E+11,76367,1692086899,538510,614877
2.02E+11,76215,1692086900,539095,615310
2.02E+11,76129,1692086901,538429,614558
2.02E+11,75876,1692086902,539926,615802
2.02E+11,75416,1692086903,539391,614807
2.02E+11,75997,1692086904,538947,614944
2.02E+11,75994,1692086905,538597,614591
2.02E+11,75763,1692086906,538729,614492
2.02E+11,75688,1692086907,539364,615052
2.02E+11,75561,1692086908,539475,615036
2.02E+11,75639,1692086909,540047,615686
2.02E+11,75580,1692086910,539109,614689
2.02E+11,75456,1692086911,539408,614864
2.02E+11,75670,1692086912,539558,615228
2.02E+11,76047,1692086913,539495,615542
2.02E+11,76120,1692086914,540144,616264
2.02E+11,74484,1692086916,538893,613377
2.02E+11,75850,1692086917,539069,614919
2.02E+11,75361,1692086918,539340,614701
2.02E+11,75459,1692086919,538664,614123
2.02E+11,75038,1692086920,538429,613467
2.02E+11,75341,1692086921,539066,614407
2.02E+11,75334,1692086922,539773,615107
2.02E+11,75156,1692086923,540161,615317
2.02E+11,74856,1692086924,539292,614148
2.02E+11,74850,1692086925,540095,614945
2.02E+11,75654,1692086926,539151,614805
2.02E+11,75560,1692086927,539368,614928
2.02E+11,75806,1692086928,539549,615355
2.02E+11,74657,1692086929,539779,614436
2.02E+11,75291,1692086930,0,75291
2.02E+11,75241,1692086931,0,75241
2.02E+11,75387,1692086932,0,75387
2.02E+11,75251,1692086933,0,75251
2.02E+11,75376,1692086934,0,75376
2.02E+11,75849,1692086935,0,75849
2.02E+11,75432,1692086936,0,75432
2.02E+11,75812,1692086937,542094,617906
2.02E+11,75404,1692086938,538211,613615
2.02E+11,75483,1692086939,538596,614079
2.02E+11,75890,1692086940,538409,614299
2.02E+11,76032,1692086941,537895,613927
2.02E+11,76081,1692086942,537586,613667
2.02E+11,75097,1692086943,537894,612991
2.02E+11,75538,1692086944,537961,613499
2.02E+11,76363,1692086945,537527,613890
2.02E+11,75869,1692086947,537263,613132
2.02E+11,76094,1692086948,537408,613502
2.02E+11,76284,1692086949,538320,614604
2.02E+11,75570,1692086950,537050,612620
2.02E+11,75394,1692086951,536210,611604
2.02E+11,75377,1692086952,536640,612017
2.02E+11,75202,1692086953,537368,612570
2.02E+11,75363,1692086954,537965,613328
2.02E+11,75067,1692086955,537037,612104
2.02E+11,75193,1692086956,536828,612021
2.02E+11,74782,1692086957,537829,612611
2.02E+11,75719,1692086958,537965,613684
2.02E+11,75226,1692086959,538403,613629
2.02E+11,75573,1692086960,538574,614147
2.02E+11,74253,1692086961,538310,612563
2.02E+11,75133,1692086962,538034,613167
2.02E+11,75712,1692086963,539176,614888
2.02E+11,75516,1692086964,537664,613180
2.02E+11,75080,1692086965,538338,613418
2.02E+11,74954,1692086967,537001,611955
2.02E+11,75367,1692086968,537485,612852
2.02E+11,74486,1692086969,537503,611989
2.02E+11,74820,1692086970,536731,611551
2.02E+11,75387,1692086971,536865,612252
2.02E+11,75285,1692086972,536785,612070
2.02E+11,74818,1692086973,537274,612092
2.02E+11,74786,1692086974,536416,611202
2.02E+11,74850,1692086975,535883,610733
2.02E+11,75133,1692086976,536030,611163
2.02E+11,75221,1692086977,536490,611711
2.02E+11,74964,1692086978,536883,611847
2.02E+11,74840,1692086979,536891,611731
2.02E+11,75324,1692086980,536340,611664
2.02E+11,75574,1692086981,536200,611774
2.02E+11,74805,1692086982,536259,611064
2.02E+11,74506,1692086983,536591,611097
2.02E+11,76039,1692086984,536705,612744
2.02E+11,75599,1692086985,537295,612894
2.02E+11,75783,1692086986,536997,612780
2.02E+11,75472,1692086987,537194,612666
2.02E+11,75619,1692086988,537029,612648
2.02E+11,76384,1692086989,536948,613332
2.02E+11,76029,1692086990,536114,612143
2.02E+11,75688,1692086991,537021,612709
2.02E+11,75685,1692086992,536106,611791
2.02E+11,76099,1692086993,535766,611865
2.02E+11,75638,1692086994,535696,611334
2.02E+11,76168,1692086995,535450,611618
2.02E+11,75605,1692086996,536110,611715
2.02E+11,74749,1692086997,536403,611152
2.02E+11,75621,1692086998,536287,611908
2.02E+11,75675,1692086998,536907,612582
2.02E+11,75677,1692087000,536801,612478
2.02E+11,75690,1692087001,537507,613197
2.02E+11,75549,1692087002,537210,612759
2.02E+11,75478,1692087003,536427,611905
2.02E+11,75211,1692087004,536674,611885
2.02E+11,74914,1692087005,536516,611430
2.02E+11,74895,1692087006,536316,611211
2.02E+11,75270,1692087007,535953,611223
2.02E+11,75159,1692087008,536462,611621
2.02E+11,74858,1692087009,535936,610794
2.02E+11,74902,1692087010,535714,610616
2.02E+11,75343,1692087011,536005,611348
2.02E+11,75134,1692087012,535807,610941
2.02E+11,75473,1692087013,536331,611804
2.02E+11,74950,1692087014,535842,610792
2.02E+11,75130,1692087015,536527,611657
2.02E+11,75397,1692087016,537395,612792
2.02E+11,75635,1692087017,536813,612448
2.02E+11,75494,1692087018,536638,612132
2.02E+11,75576,1692087019,536293,611869
2.02E+11,75485,1692087020,535399,610884
2.02E+11,76272,1692087021,536434,612706
2.02E+11,75315,1692087022,536432,611747
2.02E+11,75407,1692087023,535673,611080
2.02E+11,74775,1692087024,536158,610933
2.02E+11,74886,1692087025,535051,609937
2.02E+11,74700,1692087026,535938,610638
2.02E+11,74827,1692087027,536040,610867
2.02E+11,74701,1692087028,536011,610712
2.02E+11,74664,1692087029,535561,610225
2.02E+11,75093,1692087030,537081,612174
2.02E+11,75558,1692087031,536782,612340
2.02E+11,74411,1692087032,536207,610618
2.02E+11,74451,1692087033,536558,611009
2.02E+11,75028,1692087034,535306,610334
2.02E+11,75217,1692087035,536020,611237
2.02E+11,75086,1692087036,535672,610758
2.02E+11,75021,1692087037,536707,611728
2.02E+11,75795,1692087038,536867,612662
2.02E+11,76445,1692087039,536350,612795
2.02E+11,76293,1692087040,536645,612938
2.02E+11,75728,1692087041,535664,611392
2.02E+11,75688,1692087042,535818,611506
2.02E+11,75662,1692087043,535086,610748
2.02E+11,75893,1692087044,535009,610902
2.02E+11,75879,1692087045,535728,611607
2.02E+11,75002,1692087046,535243,610245
2.02E+11,75836,1692087047,534585,610421
2.02E+11,76130,1692087048,534258,610388
2.02E+11,76273,1692087049,534888,611161
2.02E+11,75890,1692087050,534881,610771
2.02E+11,76022,1692087051,534939,610961
2.02E+11,75730,1692087052,534498,610228
2.02E+11,75922,1692087053,536590,612512
2.02E+11,75679,1692087054,536329,612008
2.02E+11,75071,1692087055,536785,611856
2.02E+11,74625,1692087056,536967,611592
2.02E+11,75329,1692087057,536418,611747
2.02E+11,75485,1692087058,536472,611957
2.02E+11,75087,1692087059,536258,611345
2.02E+11,75052,1692087060,535827,610879
2.02E+11,74937,1692087061,535941,610878
2.02E+11,75275,1692087062,534659,609934
2.02E+11,75528,1692087063,534935,610463
2.02E+11,75313,1692087064,535841,611154
2.02E+11,75041,1692087065,535307,610348
2.02E+11,75049,1692087066,535906,610955
2.02E+11,75754,1692087067,535709,611463
2.02E+11,74641,1692087068,535720,610361
2.02E+11,74911,1692087069,535853,610764
2.02E+11,74944,1692087070,536363,611307
2.02E+11,75064,1692087071,536222,611286
2.02E+11,74341,1692087072,536961,611302
2.02E+11,75228,1692087073,536935,612163
2.02E+11,75359,1692087074,536674,612033
2.02E+11,75741,1692087075,536313,612054
2.02E+11,75992,1692087076,537069,613061
2.02E+11,75153,1692087077,536295,611448
2.02E+11,75523,1692087078,537590,613113
2.02E+11,76164,1692087079,536974,613138
2.02E+11,75700,1692087080,536576,612276
2.02E+11,76525,1692087081,537149,613674
2.02E+11,75727,1692087082,537609,613336
2.02E+11,75561,1692087083,537696,613257
2.02E+11,75919,1692087084,536658,612577
