ID,AcPower(usb风扇,TimeT,AcPower(电吹风）,总
2.02307E+11,76238,1692085449,0,76238
2.02307E+11,76180,1692085450,0,76180
2.02307E+11,75750,1692085451,0,75750
2.02307E+11,74736,1692085452,0,74736
2.02307E+11,75714,1692085453,0,75714
2.02307E+11,76043,1692085454,0,76043
2.02307E+11,75709,1692085455,0,75709
2.02307E+11,75561,1692085456,542094,617655
2.02307E+11,75157,1692085457,538211,613368
2.02307E+11,75835,1692085458,538596,614431
2.02307E+11,75889,1692085459,538409,614298
2.02307E+11,74858,1692085460,537895,612753
2.02307E+11,75544,1692085461,537586,613130
2.02307E+11,75669,1692085462,537894,613563
2.02307E+11,75833,1692085463,537961,613794
2.02307E+11,75880,1692085464,537527,613407
2.02307E+11,75270,1692085465,537263,612533
2.02307E+11,75889,1692085466,537408,613297
2.02307E+11,75812,1692085467,538320,614132
2.02307E+11,75613,1692085468,537050,612663
2.02307E+11,75302,1692085469,536210,611512
2.02307E+11,75633,1692085470,536640,612273
2.02307E+11,75699,1692085471,537368,613067
2.02307E+11,75618,1692085472,537965,613583
2.02307E+11,75742,1692085473,537037,612779
2.02307E+11,76106,1692085474,536828,612934
2.02307E+11,75893,1692085475,537829,613722
2.02307E+11,76211,1692085476,537965,614176
2.02307E+11,76082,1692085477,538403,614485
2.02307E+11,75864,1692085478,538574,614438
2.02307E+11,75778,1692085479,538310,614088
2.02307E+11,75665,1692085480,538034,613699
2.02307E+11,75805,1692085481,539176,614981
2.02307E+11,76380,1692085482,537664,614044
2.02307E+11,76387,1692085483,538338,614725
2.02307E+11,75609,1692085484,537001,612610
2.02307E+11,75930,1692085485,537485,613415
2.02307E+11,76512,1692085486,537503,614015
2.02307E+11,76203,1692085487,536731,612934
2.02307E+11,75920,1692085488,536865,612785
2.02307E+11,75638,1692085489,536785,612423
2.02307E+11,75040,1692085490,537274,612314
2.02307E+11,75912,1692085491,536416,612328
2.02307E+11,75809,1692085492,535883,611692
2.02307E+11,74582,1692085493,536030,610612
2.02307E+11,75296,1692085493,536490,611786
2.02307E+11,76045,1692085495,536883,612928
2.02307E+11,75647,1692085496,536891,612538
2.02307E+11,75756,1692085497,536340,612096
2.02307E+11,74847,1692085498,536200,611047
2.02307E+11,75522,1692085499,536259,611781
2.02307E+11,75469,1692085500,536591,612060
2.02307E+11,75267,1692085501,536705,611972
2.02307E+11,75326,1692085502,537295,612621
2.02307E+11,75048,1692085503,536997,612045
2.02307E+11,75772,1692085504,537194,612966
2.02307E+11,75353,1692085505,537029,612382
2.02307E+11,74930,1692085506,536948,611878
2.02307E+11,74946,1692085507,536114,611060
2.02307E+11,75270,1692085508,537021,612291
2.02307E+11,75181,1692085509,536106,611287
2.02307E+11,75138,1692085510,535766,610904
2.02307E+11,74677,1692085511,535696,610373
2.02307E+11,74876,1692085512,535450,610326
2.02307E+11,75288,1692085513,536110,611398
2.02307E+11,75915,1692085514,536403,612318
2.02307E+11,74936,1692085515,536287,611223
2.02307E+11,75464,1692085516,536907,612371
2.02307E+11,75886,1692085517,536801,612687
2.02307E+11,76365,1692085518,537507,613872
2.02307E+11,76081,1692085519,537210,613291
2.02307E+11,75973,1692085520,536427,612400
2.02307E+11,76129,1692085521,536674,612803
2.02307E+11,76704,1692085522,536516,613220
2.02307E+11,76140,1692085523,536316,612456
2.02307E+11,76469,1692085524,535953,612422
2.02307E+11,76018,1692085525,536462,612480
2.02307E+11,75904,1692085526,535936,611840
2.02307E+11,76228,1692085527,535714,611942
2.02307E+11,76064,1692085528,536005,612069
2.02307E+11,76027,1692085529,535807,611834
2.02307E+11,75005,1692085530,536331,611336
2.02307E+11,75706,1692085531,535842,611548
2.02307E+11,75348,1692085532,536527,611875
2.02307E+11,75571,1692085533,537395,612966
2.02307E+11,75410,1692085534,536813,612223
2.02307E+11,75442,1692085535,536638,612080
2.02307E+11,75772,1692085536,536293,612065
2.02307E+11,75426,1692085537,535399,610825
2.02307E+11,74832,1692085538,536434,611266
2.02307E+11,74167,1692085539,536432,610599
2.02307E+11,75594,1692085540,535673,611267
2.02307E+11,76061,1692085541,536158,612219
2.02307E+11,75171,1692085542,535051,610222
2.02307E+11,75659,1692085543,535938,611597
2.02307E+11,75388,1692085544,536040,611428
2.02307E+11,75312,1692085545,536011,611323
2.02307E+11,75024,1692085546,535561,610585
2.02307E+11,75552,1692085547,537081,612633
2.02307E+11,75211,1692085548,536782,611993
2.02307E+11,75877,1692085549,536207,612084
2.02307E+11,76002,1692085550,536558,612560
2.02307E+11,75286,1692085551,535306,610592
2.02307E+11,74898,1692085552,536020,610918
2.02307E+11,75454,1692085553,535672,611126
2.02307E+11,75550,1692085554,536707,612257
2.02307E+11,75641,1692085555,536867,612508
2.02307E+11,75452,1692085556,536350,611802
2.02307E+11,75862,1692085557,536645,612507
2.02307E+11,76153,1692085558,535664,611817
2.02307E+11,76158,1692085559,535818,611976
2.02307E+11,75770,1692085560,535086,610856
2.02307E+11,75681,1692085561,535009,610690
2.02307E+11,75734,1692085562,535728,611462
2.02307E+11,75911,1692085563,535243,611154
2.02307E+11,75357,1692085564,534585,609942
2.02307E+11,76125,1692085565,534258,610383
2.02307E+11,75517,1692085566,534888,610405
2.02307E+11,75901,1692085567,534881,610782
2.02307E+11,75793,1692085568,534939,610732
2.02307E+11,75421,1692085569,534498,609919
2.02307E+11,75769,1692085570,536590,612359
2.02307E+11,75278,1692085571,536329,611607
2.02307E+11,75853,1692085572,536785,612638
2.02307E+11,76230,1692085573,536967,613197
2.02307E+11,76002,1692085574,536418,612420
2.02307E+11,75933,1692085575,536472,612405
2.02307E+11,75985,1692085576,536258,612243
2.02307E+11,76990,1692085577,535827,612817
2.02307E+11,76807,1692085578,535941,612748
2.02307E+11,75821,1692085579,534659,610480
2.02307E+11,75911,1692085580,534935,610846
2.02307E+11,75305,1692085581,535841,611146
2.02307E+11,76274,1692085582,535307,611581
2.02307E+11,75848,1692085583,535906,611754
2.02307E+11,75705,1692085584,535709,611414
2.02307E+11,74990,1692085585,535720,610710
2.02307E+11,76298,1692085586,535853,612151
2.02307E+11,75875,1692085587,536363,612238
2.02307E+11,75852,1692085588,536222,612074
2.02307E+11,75458,1692085589,536961,612419
2.02307E+11,75611,1692085590,536935,612546
2.02307E+11,75915,1692085591,536674,612589
2.02307E+11,75827,1692085592,536313,612140
2.02307E+11,75828,1692085593,537069,612897
2.02307E+11,75179,1692085594,536295,611474
2.02307E+11,75524,1692085595,537590,613114
2.02307E+11,75602,1692085596,536974,612576
2.02307E+11,75177,1692085597,536576,611753
2.02307E+11,74528,1692085598,537149,611677
2.02307E+11,74670,1692085599,537609,612279
2.02307E+11,75612,1692085600,537696,613308
2.02307E+11,75665,1692085601,536658,612323
2.02307E+11,75537,1692085602,536796,612333
2.02307E+11,75713,1692085603,535139,610852
2.02307E+11,76222,1692085604,535242,611464
2.02307E+11,76379,1692085605,534069,610448
2.02307E+11,76162,1692085606,533779,609941
2.02307E+11,75472,1692085607,533748,609220
2.02307E+11,75542,1692085608,534396,609938
2.02307E+11,75890,1692085609,534387,610277
2.02307E+11,75679,1692085610,535144,610823
2.02307E+11,75141,1692085611,534758,609899
2.02307E+11,74717,1692085612,534529,609246
2.02307E+11,76286,1692085613,534584,610870
2.02307E+11,75385,1692085614,535061,610446
2.02307E+11,75535,1692085615,536133,611668
2.02307E+11,75492,1692085616,535885,611377
2.02307E+11,75731,1692085617,536166,611897
2.02307E+11,75717,1692085618,536182,611899
2.02307E+11,76021,1692085619,535818,611839
2.02307E+11,75496,1692085620,534762,610258
2.02307E+11,75993,1692085621,535143,611136
2.02307E+11,75907,1692085622,535819,611726
2.02307E+11,75870,1692085623,535947,611817
2.02307E+11,76132,1692085624,534962,611094
2.02307E+11,75920,1692085625,535286,611206
2.02307E+11,75928,1692085626,535684,611612
2.02307E+11,76154,1692085627,536029,612183
2.02307E+11,76459,1692085628,536188,612647
2.02307E+11,76321,1692085629,535398,611719
2.02307E+11,75324,1692085630,536172,611496
2.02307E+11,75501,1692085631,535297,610798
2.02307E+11,75877,1692085632,535946,611823
2.02307E+11,75860,1692085633,535953,611813
2.02307E+11,75985,1692085634,535778,611763
2.02307E+11,76099,1692085635,535944,612043
2.02307E+11,75988,1692085636,535849,611837
2.02307E+11,76717,1692085637,535502,612219
2.02307E+11,76426,1692085638,536015,612441
2.02307E+11,76577,1692085639,536506,613083
2.02307E+11,75882,1692085640,536175,612057
2.02307E+11,75910,1692085641,534928,610838
2.02307E+11,75849,1692085642,535912,611761
2.02307E+11,76044,1692085643,535709,611753
2.02307E+11,75583,1692085643,535194,610777
2.02307E+11,74766,1692085645,535631,610397
2.02307E+11,75402,1692085646,535127,610529
2.02307E+11,75366,1692085647,535486,610852
2.02307E+11,75381,1692085648,535261,610642
2.02307E+11,74290,1692085649,535235,609525
2.02307E+11,75491,1692085650,534866,610357
2.02307E+11,75323,1692085651,533895,609218
2.02307E+11,75552,1692085652,534632,610184
2.02307E+11,75419,1692085653,535027,610446
2.02307E+11,75324,1692085654,534649,609973
2.02307E+11,75276,1692085655,534605,609881
2.02307E+11,75523,1692085656,534753,610276
2.02307E+11,75072,1692085657,534862,609934
2.02307E+11,74878,1692085658,533993,608871
2.02307E+11,75719,1692085659,1577086,1652805
2.02307E+11,75595,1692085660,1579843,1655438
2.02307E+11,75267,1692085661,1578686,1653953
2.02307E+11,75377,1692085662,534163,609540
2.02307E+11,76295,1692085663,872492,948787
2.02307E+11,76432,1692085664,873156,949588
2.02307E+11,76113,1692085665,872631,948744
2.02307E+11,76555,1692085666,872453,949008
2.02307E+11,75480,1692085667,873218,948698
2.02307E+11,76153,1692085668,873560,949713
2.02307E+11,76377,1692085669,872931,949308
2.02307E+11,75747,1692085670,872926,948673
2.02307E+11,76244,1692085671,873185,949429
2.02307E+11,76104,1692085672,873744,949848
2.02307E+11,75938,1692085673,873661,949599
2.02307E+11,75959,1692085674,873463,949422
2.02307E+11,76259,1692085675,873289,949548
2.02307E+11,75381,1692085676,872996,948377
2.02307E+11,75470,1692085677,872813,948283
2.02307E+11,75582,1692085678,873277,948859
2.02307E+11,75574,1692085679,873700,949274
2.02307E+11,75959,1692085680,873656,949615
2.02307E+11,75199,1692085681,873806,949005
2.02307E+11,75277,1692085682,873573,948850
2.02307E+11,75533,1692085683,872645,948178
2.02307E+11,75624,1692085684,872429,948053
2.02307E+11,75146,1692085685,873224,948370
2.02307E+11,75639,1692085686,873010,948649
2.02307E+11,75261,1692085687,872209,947470
2.02307E+11,76109,1692085688,873041,949150
2.02307E+11,76199,1692085689,873321,949520
2.02307E+11,76035,1692085690,872802,948837
2.02307E+11,75617,1692085691,873413,949030
2.02307E+11,75684,1692085692,874054,949738
2.02307E+11,75748,1692085693,873234,948982
2.02307E+11,75576,1692085694,872927,948503
2.02307E+11,75215,1692085695,871955,947170
2.02307E+11,75481,1692085696,871483,946964
2.02307E+11,75883,1692085697,870337,946220
2.02307E+11,76043,1692085698,870439,946482
2.02307E+11,75733,1692085699,872129,947862
2.02307E+11,75143,1692085700,872339,947482
2.02307E+11,75515,1692085701,872958,948473
2.02307E+11,75763,1692085702,873480,949243
2.02307E+11,75664,1692085703,874090,949754
2.02307E+11,75547,1692085704,876431,951978
2.02307E+11,75130,1692085705,876504,951634
2.02307E+11,75831,1692085706,875560,951391
2.02307E+11,75803,1692085707,874791,950594
2.02307E+11,75089,1692085708,874872,949961
2.02307E+11,75289,1692085709,875717,951006
2.02307E+11,75680,1692085710,874556,950236
2.02307E+11,75319,1692085711,874694,950013
2.02307E+11,75272,1692085712,875062,950334
2.02307E+11,75222,1692085713,875050,950272
2.02307E+11,75844,1692085714,875240,951084
2.02307E+11,76418,1692085715,874903,951321
2.02307E+11,76101,1692085716,875946,952047
2.02307E+11,75674,1692085717,875447,951121
2.02307E+11,75736,1692085718,875533,951269
2.02307E+11,75245,1692085719,874991,950236
2.02307E+11,75784,1692085720,876099,951883
2.02307E+11,75993,1692085721,876203,952196
2.02307E+11,75936,1692085722,876790,952726
2.02307E+11,75212,1692085723,876611,951823
2.02307E+11,76041,1692085724,876804,952845
2.02307E+11,76097,1692085725,876785,952882
2.02307E+11,76012,1692085726,875613,951625
2.02307E+11,76477,1692085727,872768,949245
2.02307E+11,75586,1692085728,874289,949875
2.02307E+11,75647,1692085729,875534,951181
2.02307E+11,75967,1692085730,874782,950749
2.02307E+11,75572,1692085731,875049,950621
2.02307E+11,75731,1692085732,874862,950593
2.02307E+11,75990,1692085733,873571,949561
2.02307E+11,75850,1692085734,873786,949636
2.02307E+11,75752,1692085735,873542,949294
2.02307E+11,75350,1692085736,874318,949668
2.02307E+11,75181,1692085737,875027,950208
2.02307E+11,74983,1692085738,874413,949396
2.02307E+11,75651,1692085739,874289,949940
2.02307E+11,76259,1692085740,875023,951282
2.02307E+11,75073,1692085741,876253,951326
2.02307E+11,74997,1692085742,876642,951639
2.02307E+11,74920,1692085743,875938,950858
2.02307E+11,74863,1692085744,875790,950653
2.02307E+11,75580,1692085745,876742,952322
2.02307E+11,75447,1692085746,876160,951607
2.02307E+11,75674,1692085747,876715,952389
2.02307E+11,76280,1692085748,875915,952195
2.02307E+11,75940,1692085749,876623,952563
2.02307E+11,76564,1692085750,876473,953037
2.02307E+11,75556,1692085751,876172,951728
2.02307E+11,75953,1692085752,875458,951411
2.02307E+11,75918,1692085753,875907,951825
2.02307E+11,76742,1692085754,876305,953047
2.02307E+11,75942,1692085755,875534,951476
2.02307E+11,75860,1692085756,876221,952081
2.02307E+11,75846,1692085757,876435,952281
2.02307E+11,75837,1692085758,874548,950385
2.02307E+11,75955,1692085759,875119,951074
2.02307E+11,75636,1692085760,874791,950427
2.02307E+11,75330,1692085761,875343,950673
2.02307E+11,75342,1692085762,875560,950902
2.02307E+11,76333,1692085763,875504,951837
2.02307E+11,76081,1692085764,876634,952715
2.02307E+11,75879,1692085765,875182,951061
2.02307E+11,75065,1692085766,875048,950113
2.02307E+11,75170,1692085767,875853,951023
2.02307E+11,75621,1692085768,874740,950361
2.02307E+11,74952,1692085769,875169,950121
2.02307E+11,75758,1692085770,875162,950920
2.02307E+11,75583,1692085771,874769,950352
2.02307E+11,76175,1692085772,875546,951721
2.02307E+11,76318,1692085773,875720,952038
2.02307E+11,75909,1692085774,873943,949852
2.02307E+11,75643,1692085775,873943,949586
2.02307E+11,75251,1692085776,874115,949366
2.02307E+11,75900,1692085777,873638,949538
2.02307E+11,75490,1692085778,873309,948799
2.02307E+11,75035,1692085779,873727,948762
2.02307E+11,74788,1692085780,873870,948658
2.02307E+11,75512,1692085781,873726,949238
2.02307E+11,75614,1692085782,873713,949327
2.02307E+11,75414,1692085783,874340,949754
2.02307E+11,74963,1692085784,873953,948916
2.02307E+11,75188,1692085785,873781,948969
2.02307E+11,75396,1692085786,872638,948034
2.02307E+11,74712,1692085787,873956,948668
2.02307E+11,74469,1692085788,872824,947293
2.02307E+11,75387,1692085789,873590,948977
2.02307E+11,74887,1692085790,873437,948324
2.02307E+11,75080,1692085791,874292,949372
2.02307E+11,75309,1692085792,874269,949578
2.02307E+11,75876,1692085793,874959,950835
2.02307E+11,76504,1692085794,874339,950843
2.02307E+11,75930,1692085794,874355,950285
2.02307E+11,76201,1692085796,875446,951647
2.02307E+11,75454,1692085797,876152,951606
2.02307E+11,76076,1692085798,875970,952046
2.02307E+11,75969,1692085799,875990,951959
2.02307E+11,76202,1692085800,875875,952077
2.02307E+11,75464,1692085801,875586,951050
2.02307E+11,75484,1692085802,874298,949782
2.02307E+11,75430,1692085803,874012,949442
2.02307E+11,75706,1692085804,874100,949806
2.02307E+11,75475,1692085805,875327,950802
2.02307E+11,75240,1692085806,875434,950674
2.02307E+11,74864,1692085807,875186,950050
2.02307E+11,75270,1692085808,874453,949723
2.02307E+11,75307,1692085809,875186,950493
2.02307E+11,74970,1692085810,874605,949575
2.02307E+11,75189,1692085811,874123,949312
2.02307E+11,75859,1692085812,874713,950572
2.02307E+11,75752,1692085813,874734,950486
2.02307E+11,75639,1692085814,876237,951876
2.02307E+11,75415,1692085815,876502,951917
2.02307E+11,75214,1692085816,875205,950419
2.02307E+11,75561,1692085817,872036,947597
2.02307E+11,75895,1692085818,873792,949687
2.02307E+11,75964,1692085819,873627,949591
2.02307E+11,75189,1692085820,874123,949312
2.02307E+11,75882,1692085821,873794,949676
2.02307E+11,75911,1692085822,871345,947256
2.02307E+11,75011,1692085823,872374,947385
2.02307E+11,75495,1692085824,874017,949512
2.02307E+11,76156,1692085825,874586,950742
2.02307E+11,76147,1692085826,875268,951415
2.02307E+11,76133,1692085827,875120,951253
2.02307E+11,75732,1692085828,875301,951033
2.02307E+11,75457,1692085829,874298,949755
2.02307E+11,75959,1692085830,873884,949843
2.02307E+11,76983,1692085831,875412,952395
2.02307E+11,76431,1692085832,874821,951252
2.02307E+11,76182,1692085833,874714,950896
2.02307E+11,75877,1692085834,874632,950509
2.02307E+11,75762,1692085835,874452,950214
2.02307E+11,76092,1692085836,875268,951360
2.02307E+11,75715,1692085837,873887,949602
2.02307E+11,75329,1692085838,874753,950082
2.02307E+11,75142,1692085839,875222,950364
2.02307E+11,75796,1692085840,875598,951394
2.02307E+11,75858,1692085841,874042,949900
2.02307E+11,75658,1692085842,874517,950175
2.02307E+11,75080,1692085843,874723,949803
2.02307E+11,75321,1692085844,874407,949728
2.02307E+11,75610,1692085845,875161,950771
2.02307E+11,75549,1692085846,874641,950190
2.02307E+11,74920,1692085847,874346,949266
2.02307E+11,74991,1692085848,870757,945748
2.02307E+11,75287,1692085849,875400,950687
2.02307E+11,75461,1692085850,875376,950837
2.02307E+11,75446,1692085851,874980,950426
2.02307E+11,75114,1692085852,874505,949619
2.02307E+11,75145,1692085853,872978,948123
2.02307E+11,75679,1692085854,874639,950318
2.02307E+11,75577,1692085855,874454,950031
2.02307E+11,75623,1692085856,875508,951131
2.02307E+11,75785,1692085857,874915,950700
2.02307E+11,76108,1692085858,874218,950326
2.02307E+11,75804,1692085859,875313,951117
2.02307E+11,75634,1692085860,874544,950178
2.02307E+11,75400,1692085861,874382,949782
2.02307E+11,76071,1692085862,875959,952030
2.02307E+11,75872,1692085863,874133,950005
2.02307E+11,76118,1692085864,874872,950990
2.02307E+11,76337,1692085865,874247,950584
2.02307E+11,75460,1692085866,874218,949678
2.02307E+11,75848,1692085867,874467,950315
2.02307E+11,76519,1692085868,874077,950596
2.02307E+11,76652,1692085869,873815,950467
2.02307E+11,76269,1692085870,874518,950787
2.02307E+11,76026,1692085871,873420,949446
2.02307E+11,75659,1692085872,873926,949585
2.02307E+11,76035,1692085873,874890,950925
2.02307E+11,75976,1692085874,873835,949811
2.02307E+11,75709,1692085875,875363,951072
2.02307E+11,75263,1692085876,873967,949230
2.02307E+11,75992,1692085877,874630,950622
2.02307E+11,75352,1692085878,874796,950148
2.02307E+11,75605,1692085879,874380,949985
2.02307E+11,74909,1692085880,874745,949654
2.02307E+11,75703,1692085881,875419,951122
2.02307E+11,75576,1692085882,874109,949685
2.02307E+11,74955,1692085883,875402,950357
2.02307E+11,74832,1692085884,872305,947137
2.02307E+11,75018,1692085885,875086,950104
2.02307E+11,75420,1692085886,875382,950802
2.02307E+11,76407,1692085887,874864,951271
2.02307E+11,75731,1692085888,875017,950748
2.02307E+11,75689,1692085889,874576,950265
2.02307E+11,75356,1692085890,875139,950495
2.02307E+11,76340,1692085891,874188,950528
2.02307E+11,75706,1692085892,875173,950879
2.02307E+11,75226,1692085893,874964,950190
2.02307E+11,75222,1692085894,876395,951617
2.02307E+11,75493,1692085895,875853,951346
2.02307E+11,75986,1692085896,874583,950569
2.02307E+11,76165,1692085897,876797,952962
2.02307E+11,75224,1692085898,875405,950629
2.02307E+11,75897,1692085899,875723,951620
2.02307E+11,75898,1692085900,875793,951691
2.02307E+11,76203,1692085901,876675,952878
2.02307E+11,76130,1692085902,877121,953251
2.02307E+11,75484,1692085903,876779,952263
2.02307E+11,76794,1692085904,875618,952412
2.02307E+11,76166,1692085905,875931,952097
2.02307E+11,76642,1692085906,876157,952799
2.02307E+11,76153,1692085907,874944,951097
2.02307E+11,75793,1692085908,874484,950277
2.02307E+11,76141,1692085909,875464,951605
2.02307E+11,75855,1692085910,874707,950562
2.02307E+11,75842,1692085911,874911,950753
2.02307E+11,75519,1692085912,874081,949600
2.02307E+11,75695,1692085913,874020,949715
2.02307E+11,75818,1692085914,874502,950320
2.02307E+11,76201,1692085915,875063,951264
2.02307E+11,75817,1692085916,875905,951722
2.02307E+11,75563,1692085917,876019,951582
2.02307E+11,75929,1692085918,875072,951001
2.02307E+11,75806,1692085919,875305,951111
2.02307E+11,75807,1692085920,875192,950999
2.02307E+11,74814,1692085921,876262,951076
2.02307E+11,75225,1692085922,875234,950459
2.02307E+11,76048,1692085923,875992,952040
2.02307E+11,75524,1692085924,875654,951178
2.02307E+11,75254,1692085925,875388,950642
2.02307E+11,75315,1692085926,875625,950940
2.02307E+11,74355,1692085927,875247,949602
2.02307E+11,75598,1692085928,874866,950464
2.02307E+11,75260,1692085929,874877,950137
2.02307E+11,75542,1692085930,874929,950471
2.02307E+11,75779,1692085931,874556,950335
2.02307E+11,75499,1692085932,874788,950287
2.02307E+11,76308,1692085933,875109,951417
2.02307E+11,75912,1692085934,874685,950597
2.02307E+11,76257,1692085935,874027,950284
2.02307E+11,75428,1692085936,875288,950716
2.02307E+11,75519,1692085937,875592,951111
2.02307E+11,76172,1692085938,875349,951521
2.02307E+11,75263,1692085939,876112,951375
2.02307E+11,75562,1692085940,875750,951312
2.02307E+11,75167,1692085941,874701,949868
2.02307E+11,76257,1692085942,875602,951859
2.02307E+11,75897,1692085943,875021,950918
2.02307E+11,75965,1692085944,875713,951678
2.02307E+11,75826,1692085944,875926,951752
2.02307E+11,76180,1692085946,875527,951707
2.02307E+11,75578,1692085947,875435,951013
2.02307E+11,75909,1692085948,875568,951477
2.02307E+11,75788,1692085949,875282,951070
2.02307E+11,75184,1692085950,874149,949333
2.02307E+11,76065,1692085951,874809,950874
2.02307E+11,75509,1692085952,874810,950319
2.02307E+11,75847,1692085953,875489,951336
2.02307E+11,75087,1692085954,875774,950861
2.02307E+11,75082,1692085955,875709,950791
2.02307E+11,75016,1692085956,874641,949657
2.02307E+11,75372,1692085957,875132,950504
2.02307E+11,75166,1692085958,874709,949875
2.02307E+11,75523,1692085960,874760,950283
2.02307E+11,75301,1692085961,875019,950320
2.02307E+11,75068,1692085962,875416,950484
2.02307E+11,75054,1692085963,874252,949306
2.02307E+11,75522,1692085964,874211,949733
2.02307E+11,76781,1692085965,874835,951616
2.02307E+11,75758,1692085966,875296,951054
2.02307E+11,75579,1692085967,875102,950681
2.02307E+11,75282,1692085968,875340,950622
2.02307E+11,75262,1692085969,874419,949681
2.02307E+11,75947,1692085970,875242,951189
2.02307E+11,75661,1692085971,874935,950596
2.02307E+11,75542,1692085972,875154,950696
2.02307E+11,75153,1692085973,875395,950548
2.02307E+11,75854,1692085974,874873,950727
2.02307E+11,75715,1692085975,876013,951728
2.02307E+11,75574,1692085976,875757,951331
2.02307E+11,75623,1692085977,875002,950625
2.02307E+11,75666,1692085978,875950,951616
2.02307E+11,76538,1692085979,874459,950997
2.02307E+11,77004,1692085980,874779,951783
2.02307E+11,76234,1692085981,874865,951099
2.02307E+11,76885,1692085982,875755,952640
2.02307E+11,76627,1692085983,875117,951744
2.02307E+11,76822,1692085984,874826,951648
2.02307E+11,76213,1692085985,874770,950983
2.02307E+11,75760,1692085986,874285,950045
2.02307E+11,76131,1692085987,874865,950996
2.02307E+11,76502,1692085988,875259,951761
2.02307E+11,76380,1692085989,875094,951474
2.02307E+11,76468,1692085990,876406,952874
2.02307E+11,75852,1692085991,874792,950644
2.02307E+11,75916,1692085992,875165,951081
2.02307E+11,76246,1692085993,874147,950393
2.02307E+11,76112,1692085994,874619,950731
2.02307E+11,75783,1692085995,874104,949887
2.02307E+11,75696,1692085996,874616,950312
2.02307E+11,75680,1692085997,874746,950426
2.02307E+11,75776,1692085998,874190,949966
2.02307E+11,75094,1692085999,874202,949296
2.02307E+11,75768,1692086000,873280,949048
2.02307E+11,75306,1692086001,873627,948933
2.02307E+11,76037,1692086002,873683,949720
2.02307E+11,75596,1692086003,874072,949668
2.02307E+11,75937,1692086004,873986,949923
2.02307E+11,75309,1692086005,873755,949064
2.02307E+11,76397,1692086006,874248,950645
2.02307E+11,75453,1692086007,875042,950495
2.02307E+11,75737,1692086008,875235,950972
2.02307E+11,75962,1692086009,873978,949940
2.02307E+11,75968,1692086010,874890,950858
2.02307E+11,75413,1692086011,874396,949809
2.02307E+11,75693,1692086012,874516,950209
2.02307E+11,75159,1692086013,875213,950372
2.02307E+11,74812,1692086014,874392,949204
2.02307E+11,75589,1692086015,874161,949750
2.02307E+11,75888,1692086016,874106,949994
2.02307E+11,75685,1692086017,874141,949826
2.02307E+11,75607,1692086018,873960,949567
2.02307E+11,75599,1692086019,874185,949784
2.02307E+11,76303,1692086020,872420,948723
2.02307E+11,76034,1692086021,874037,950071
2.02307E+11,75476,1692086022,874215,949691
2.02307E+11,75883,1692086023,874567,950450
2.02307E+11,75939,1692086024,874477,950416
2.02307E+11,76449,1692086025,875148,951597
2.02307E+11,76781,1692086026,875529,952310
2.02307E+11,76250,1692086027,876431,952681
2.02307E+11,75885,1692086028,876143,952028
2.02307E+11,75720,1692086029,874575,950295
2.02307E+11,76083,1692086030,874886,950969
2.02307E+11,75768,1692086031,875159,950927
2.02307E+11,75706,1692086032,875102,950808
2.02307E+11,75120,1692086033,875428,950548
2.02307E+11,75453,1692086034,874196,949649
2.02307E+11,75647,1692086035,874349,949996
2.02307E+11,75401,1692086036,874955,950356
2.02307E+11,75816,1692086037,874299,950115
2.02307E+11,75635,1692086038,874685,950320
2.02307E+11,75511,1692086039,875231,950742
2.02307E+11,75842,1692086040,874846,950688
2.02307E+11,75188,1692086041,875633,950821
2.02307E+11,74917,1692086042,874580,949497
2.02307E+11,75959,1692086043,874796,950755
2.02307E+11,75048,1692086044,874652,949700
2.02307E+11,75074,1692086045,874999,950073
2.02307E+11,74412,1692086046,874580,948992
2.02307E+11,74575,1692086047,874788,949363
2.02307E+11,74654,1692086048,875019,949673
2.02307E+11,74944,1692086049,874555,949499
2.02307E+11,75691,1692086050,875395,951086
2.02307E+11,74957,1692086051,874222,949179
2.02307E+11,75574,1692086052,873301,948875
2.02307E+11,76443,1692086053,873182,949625
2.02307E+11,76576,1692086054,871361,947937
2.02307E+11,76496,1692086055,873009,949505
2.02307E+11,75849,1692086056,872384,948233
2.02307E+11,75784,1692086057,873052,948836
2.02307E+11,75788,1692086058,873996,949784
2.02307E+11,76407,1692086059,875397,951804
2.02307E+11,76055,1692086060,875607,951662
2.02307E+11,75730,1692086061,876101,951831
2.02307E+11,76284,1692086062,875232,951516
2.02307E+11,76540,1692086063,874309,950849
2.02307E+11,75816,1692086064,875433,951249
2.02307E+11,76308,1692086065,875789,952097
2.02307E+11,75274,1692086066,875947,951221
2.02307E+11,76093,1692086067,874797,950890
2.02307E+11,75998,1692086068,874950,950948
2.02307E+11,75272,1692086069,875109,950381
2.02307E+11,74758,1692086070,875136,949894
2.02307E+11,75732,1692086071,875662,951394
2.02307E+11,75628,1692086072,875920,951548
2.02307E+11,76028,1692086073,875913,951941
2.02307E+11,75478,1692086074,876316,951794
2.02307E+11,75342,1692086075,876884,952226
2.02307E+11,75528,1692086076,875396,950924
2.02307E+11,76179,1692086077,875668,951847
2.02307E+11,75416,1692086078,876542,951958
2.02307E+11,75088,1692086079,876046,951134
2.02307E+11,75666,1692086080,877149,952815
2.02307E+11,75478,1692086081,876556,952034
2.02307E+11,75498,1692086082,876360,951858
2.02307E+11,75306,1692086083,876257,951563
2.02307E+11,75567,1692086084,877207,952774
2.02307E+11,76026,1692086085,876835,952861
2.02307E+11,76443,1692086086,873928,950371
2.02307E+11,75192,1692086087,876683,951875
2.02307E+11,75013,1692086088,876491,951504
2.02307E+11,75882,1692086089,876946,952828
2.02307E+11,76010,1692086090,877206,953216
2.02307E+11,76424,1692086091,876525,952949
2.02307E+11,75583,1692086092,877745,953328
2.02307E+11,75770,1692086093,876405,952175
2.02307E+11,76458,1692086094,876481,952939
2.02307E+11,76349,1692086095,876107,952456
2.02307E+11,76108,1692086095,876189,952297
2.02307E+11,76109,1692086097,876360,952469
2.02307E+11,75453,1692086098,875940,951393
2.02307E+11,76171,1692086099,876198,952369
2.02307E+11,76186,1692086100,875768,951954
2.02307E+11,76071,1692086101,876183,952254
2.02307E+11,76224,1692086102,876242,952466
2.02307E+11,75906,1692086103,875383,951289
2.02307E+11,75980,1692086104,875909,951889
2.02307E+11,75843,1692086105,875720,951563
2.02307E+11,74956,1692086106,874722,949678
2.02307E+11,75441,1692086107,875243,950684
2.02307E+11,75327,1692086108,876416,951743
2.02307E+11,75990,1692086109,875365,951355
2.02307E+11,75321,1692086110,875995,951316
2.02307E+11,75318,1692086111,875191,950509
2.02307E+11,75986,1692086112,875465,951451
2.02307E+11,75879,1692086113,875430,951309
2.02307E+11,75893,1692086114,875548,951441
2.02307E+11,75520,1692086115,876126,951646
2.02307E+11,74832,1692086116,875969,950801
2.02307E+11,75221,1692086117,875327,950548
2.02307E+11,75311,1692086118,876339,951650
2.02307E+11,75195,1692086119,875060,950255
2.02307E+11,75334,1692086120,874682,950016
2.02307E+11,75702,1692086121,875097,950799
2.02307E+11,75741,1692086122,875095,950836
2.02307E+11,75502,1692086123,875694,951196
2.02307E+11,74897,1692086124,876210,951107
2.02307E+11,74874,1692086125,876912,951786
2.02307E+11,75790,1692086126,877244,953034
2.02307E+11,75672,1692086127,876007,951679
2.02307E+11,76089,1692086128,875841,951930
2.02307E+11,75045,1692086129,876039,951084
2.02307E+11,75253,1692086130,872596,947849
2.02307E+11,75759,1692086131,875473,951232
2.02307E+11,75434,1692086132,874549,949983
2.02307E+11,74910,1692086133,875260,950170
2.02307E+11,75768,1692086134,873669,949437
2.02307E+11,75028,1692086135,875925,950953
2.02307E+11,75210,1692086136,874449,949659
2.02307E+11,75308,1692086137,875776,951084
2.02307E+11,74787,1692086138,876658,951445
2.02307E+11,75265,1692086139,875874,951139
2.02307E+11,75502,1692086140,876225,951727
2.02307E+11,75617,1692086141,876817,952434
2.02307E+11,75324,1692086142,877079,952403
2.02307E+11,76584,1692086143,875455,952039
2.02307E+11,75759,1692086144,876408,952167
2.02307E+11,76330,1692086145,876191,952521
2.02307E+11,76353,1692086146,875313,951666
2.02307E+11,76016,1692086147,874582,950598
2.02307E+11,76742,1692086148,875074,951816
2.02307E+11,76767,1692086149,875306,952073
2.02307E+11,76483,1692086150,875242,951725
2.02307E+11,76515,1692086151,874815,951330
2.02307E+11,75426,1692086152,874591,950017
2.02307E+11,75889,1692086153,874548,950437
2.02307E+11,75047,1692086154,875129,950176
2.02307E+11,74886,1692086155,876035,950921
2.02307E+11,75551,1692086156,875761,951312
2.02307E+11,74907,1692086157,875842,950749
2.02307E+11,75619,1692086158,875819,951438
2.02307E+11,75542,1692086159,875857,951399
2.02307E+11,74715,1692086160,875353,950068
2.02307E+11,74882,1692086161,875484,950366
2.02307E+11,75444,1692086162,875103,950547
2.02307E+11,75322,1692086163,874941,950263
2.02307E+11,75485,1692086164,874455,949940
2.02307E+11,75464,1692086165,873334,948798
2.02307E+11,74687,1692086166,874277,948964
2.02307E+11,75645,1692086167,874357,950002
2.02307E+11,75285,1692086168,875418,950703
2.02307E+11,75259,1692086169,876756,952015
2.02307E+11,74476,1692086170,874817,949293
2.02307E+11,75262,1692086171,876170,951432
2.02307E+11,75447,1692086172,874875,950322
2.02307E+11,75112,1692086173,876260,951372
2.02307E+11,75032,1692086174,876334,951366
2.02307E+11,74588,1692086175,875734,950322
2.02307E+11,75191,1692086176,875587,950778
2.02307E+11,75269,1692086177,874573,949842
2.02307E+11,74821,1692086178,875474,950295
2.02307E+11,74949,1692086179,875337,950286
2.02307E+11,75324,1692086180,876215,951539
2.02307E+11,75351,1692086181,875891,951242
2.02307E+11,75718,1692086182,875931,951649
2.02307E+11,75445,1692086183,875192,950637
2.02307E+11,74976,1692086184,874216,949192
2.02307E+11,75288,1692086185,874710,949998
2.02307E+11,75145,1692086186,873470,948615
2.02307E+11,75189,1692086187,873817,949006
2.02307E+11,74573,1692086188,873468,948041
2.02307E+11,75725,1692086189,874004,949729
2.02307E+11,75094,1692086190,874185,949279
2.02307E+11,75346,1692086191,874962,950308
2.02307E+11,74799,1692086192,875391,950190
2.02307E+11,75393,1692086193,875101,950494
2.02307E+11,76046,1692086194,875688,951734
2.02307E+11,75749,1692086195,875666,951415
2.02307E+11,74870,1692086196,876860,951730
2.02307E+11,74639,1692086197,1584363,1659002
2.02307E+11,75295,1692086198,1583012,1658307
2.02307E+11,75736,1692086199,1583713,1659449
2.02307E+11,75844,1692086200,1583406,1659250
2.02307E+11,75693,1692086201,1583177,1658870
2.02307E+11,75765,1692086202,1582262,1658027
2.02307E+11,76246,1692086203,1581867,1658113
2.02307E+11,76477,1692086204,1580231,1656708
2.02307E+11,76210,1692086205,1579783,1655993
2.02307E+11,75969,1692086206,1581880,1657849
2.02307E+11,75482,1692086207,1581330,1656812
2.02307E+11,75661,1692086208,1581880,1657541
2.02307E+11,75549,1692086209,1582443,1657992
2.02307E+11,75879,1692086210,1581656,1657535
2.02307E+11,74839,1692086211,1584098,1658937
2.02307E+11,75194,1692086212,1582575,1657769
2.02307E+11,75062,1692086213,1583580,1658642
2.02307E+11,75090,1692086214,1582645,1657735
2.02307E+11,75195,1692086215,1583561,1658756
2.02307E+11,75712,1692086216,1583559,1659271
2.02307E+11,75715,1692086217,1582363,1658078
2.02307E+11,75564,1692086218,1582383,1657947
2.02307E+11,75192,1692086219,1580680,1655872
2.02307E+11,75780,1692086220,1581935,1657715
2.02307E+11,76323,1692086221,1580977,1657300
2.02307E+11,76183,1692086222,1581404,1657587
2.02307E+11,75727,1692086223,1580607,1656334
2.02307E+11,75394,1692086224,1582934,1658328
2.02307E+11,75139,1692086225,1582397,1657536
2.02307E+11,75536,1692086226,1581123,1656659
2.02307E+11,75437,1692086227,1582772,1658209
2.02307E+11,75133,1692086228,1584042,1659175
2.02307E+11,75306,1692086229,1583915,1659221
2.02307E+11,75899,1692086230,1584641,1660540
2.02307E+11,75349,1692086231,1584544,1659893
2.02307E+11,75553,1692086232,1583928,1659481
2.02307E+11,75329,1692086233,1583679,1659008
2.02307E+11,75347,1692086234,1582873,1658220
2.02307E+11,75536,1692086235,1582086,1657622
2.02307E+11,75729,1692086236,1582109,1657838
2.02307E+11,75881,1692086237,1580344,1656225
2.02307E+11,75440,1692086238,1582302,1657742
2.02307E+11,76205,1692086239,1582315,1658520
2.02307E+11,75597,1692086240,1581355,1656952
2.02307E+11,75825,1692086241,1582690,1658515
2.02307E+11,75053,1692086242,1581958,1657011
2.02307E+11,76047,1692086243,1583409,1659456
2.02307E+11,76636,1692086244,1583459,1660095
2.02307E+11,76071,1692086245,1583500,1659571
2.02307E+11,76312,1692086245,1584332,1660644
2.02307E+11,75994,1692086247,1583253,1659247
2.02307E+11,75647,1692086248,1584508,1660155
2.02307E+11,76659,1692086249,1583108,1659767
2.02307E+11,76156,1692086250,1583238,1659394
2.02307E+11,76120,1692086251,1584148,1660268
2.02307E+11,76070,1692086252,1582328,1658398
2.02307E+11,76056,1692086253,1583913,1659969
2.02307E+11,76008,1692086254,1582632,1658640
2.02307E+11,75918,1692086255,1581812,1657730
2.02307E+11,75933,1692086256,1582629,1658562
2.02307E+11,74985,1692086257,1580768,1655753
2.02307E+11,75361,1692086258,1580999,1656360
2.02307E+11,75789,1692086259,1579669,1655458
2.02307E+11,75766,1692086260,1580684,1656450
2.02307E+11,75576,1692086261,1582188,1657764
2.02307E+11,75062,1692086262,1580927,1655989
2.02307E+11,75470,1692086263,1580373,1655843
2.02307E+11,75336,1692086264,1580141,1655477
2.02307E+11,75027,1692086265,1580796,1655823
2.02307E+11,74500,1692086266,1579935,1654435
2.02307E+11,75374,1692086267,1580262,1655636
2.02307E+11,75206,1692086268,873848,949054
2.02307E+11,75549,1692086269,874684,950233
2.02307E+11,75395,1692086270,874592,949987
2.02307E+11,75060,1692086271,876171,951231
2.02307E+11,75267,1692086272,876554,951821
2.02307E+11,75527,1692086273,876602,952129
2.02307E+11,74643,1692086274,875972,950615
2.02307E+11,74872,1692086275,875976,950848
2.02307E+11,75121,1692086276,875242,950363
2.02307E+11,75336,1692086277,875847,951183
2.02307E+11,74862,1692086278,875325,950187
2.02307E+11,75185,1692086279,876233,951418
2.02307E+11,75369,1692086280,876208,951577
2.02307E+11,75971,1692086281,875687,951658
2.02307E+11,75664,1692086282,876624,952288
2.02307E+11,75638,1692086283,876224,951862
2.02307E+11,75243,1692086284,876911,952154
2.02307E+11,76182,1692086285,876760,952942
2.02307E+11,76610,1692086286,876336,952946
2.02307E+11,75933,1692086287,875680,951613
2.02307E+11,74834,1692086288,876287,951121
2.02307E+11,75284,1692086289,876713,951997
2.02307E+11,75406,1692086290,877816,953222
2.02307E+11,76005,1692086291,876417,952422
2.02307E+11,75955,1692086292,876317,952272
2.02307E+11,75216,1692086293,876757,951973
2.02307E+11,75360,1692086294,877067,952427
2.02307E+11,75678,1692086295,874567,950245
2.02307E+11,75251,1692086296,874864,950115
2.02307E+11,74736,1692086297,874061,948797
2.02307E+11,75183,1692086298,874745,949928
2.02307E+11,75430,1692086299,874976,950406
2.02307E+11,74869,1692086300,875620,950489
2.02307E+11,75030,1692086301,875400,950430
2.02307E+11,75404,1692086302,876344,951748
2.02307E+11,74909,1692086303,876756,951665
2.02307E+11,75336,1692086304,877575,952911
2.02307E+11,74940,1692086305,876700,951640
2.02307E+11,74453,1692086306,877263,951716
2.02307E+11,74069,1692086307,876226,950295
2.02307E+11,74968,1692086308,876189,951157
2.02307E+11,75445,1692086309,875434,950879
2.02307E+11,75321,1692086310,875079,950400
2.02307E+11,74446,1692086311,875437,949883
2.02307E+11,74811,1692086312,875271,950082
2.02307E+11,75685,1692086313,875270,950955
2.02307E+11,75007,1692086314,875054,950061
2.02307E+11,75646,1692086315,874584,950230
2.02307E+11,75681,1692086316,874659,950340
2.02307E+11,75707,1692086317,875564,951271
2.02307E+11,75676,1692086318,876051,951727
2.02307E+11,75524,1692086319,876355,951879
2.02307E+11,75403,1692086320,876322,951725
2.02307E+11,75577,1692086321,876150,951727
2.02307E+11,75806,1692086322,876698,952504
2.02307E+11,75411,1692086323,875687,951098
2.02307E+11,75464,1692086324,874958,950422
2.02307E+11,75432,1692086325,873901,949333
2.02307E+11,76037,1692086326,873320,949357
2.02307E+11,75547,1692086327,873843,949390
2.02307E+11,75982,1692086328,875113,951095
2.02307E+11,75634,1692086329,874358,949992
2.02307E+11,75221,1692086330,875019,950240
2.02307E+11,76258,1692086331,875566,951824
2.02307E+11,75614,1692086332,876547,952161
2.02307E+11,75941,1692086333,875369,951310
2.02307E+11,75973,1692086334,874863,950836
2.02307E+11,74958,1692086335,875906,950864
2.02307E+11,75783,1692086336,876230,952013
2.02307E+11,75934,1692086337,876622,952556
2.02307E+11,75189,1692086338,875728,950917
2.02307E+11,75047,1692086339,875194,950241
2.02307E+11,75892,1692086340,876046,951938
2.02307E+11,76024,1692086341,875643,951667
2.02307E+11,75529,1692086342,876639,952168
2.02307E+11,75433,1692086343,876428,951861
2.02307E+11,75908,1692086344,877076,952984
2.02307E+11,75818,1692086345,875692,951510
2.02307E+11,75647,1692086346,875407,951054
2.02307E+11,75687,1692086347,874724,950411
2.02307E+11,75637,1692086348,875814,951451
2.02307E+11,75376,1692086349,875854,951230
2.02307E+11,75496,1692086350,877242,952738
2.02307E+11,75384,1692086351,877109,952493
2.02307E+11,75402,1692086352,876851,952253
2.02307E+11,74602,1692086353,872276,946878
2.02307E+11,75555,1692086354,875572,951127
2.02307E+11,75200,1692086355,875032,950232
2.02307E+11,75529,1692086356,874079,949608
2.02307E+11,75214,1692086357,874005,949219
2.02307E+11,76012,1692086358,872752,948764
2.02307E+11,75914,1692086359,873434,949348
2.02307E+11,76381,1692086360,873472,949853
2.02307E+11,76077,1692086361,874744,950821
2.02307E+11,75709,1692086362,875070,950779
2.02307E+11,75522,1692086363,876228,951750
2.02307E+11,76076,1692086364,876295,952371
2.02307E+11,76076,1692086365,876593,952669
2.02307E+11,75858,1692086366,875480,951338
2.02307E+11,76013,1692086367,875985,951998
2.02307E+11,76182,1692086368,876223,952405
2.02307E+11,76076,1692086369,875667,951743
2.02307E+11,76267,1692086370,876188,952455
2.02307E+11,74828,1692086371,875741,950569
2.02307E+11,75139,1692086372,876174,951313
2.02307E+11,75206,1692086373,876009,951215
2.02307E+11,75909,1692086374,876143,952052
2.02307E+11,75424,1692086375,876029,951453
2.02307E+11,75402,1692086376,876264,951666
2.02307E+11,75383,1692086377,876251,951634
2.02307E+11,75435,1692086378,876336,951771
2.02307E+11,75362,1692086379,876720,952082
2.02307E+11,75693,1692086380,878093,953786
2.02307E+11,75196,1692086381,878578,953774
2.02307E+11,76193,1692086382,877873,954066
2.02307E+11,75491,1692086383,877641,953132
2.02307E+11,75212,1692086384,876538,951750
2.02307E+11,75916,1692086385,876918,952834
2.02307E+11,76115,1692086386,875306,951421
2.02307E+11,76128,1692086387,875573,951701
2.02307E+11,75618,1692086388,876605,952223
2.02307E+11,75403,1692086389,876577,951980
2.02307E+11,75524,1692086390,877710,953234
2.02307E+11,76321,1692086391,877026,953347
2.02307E+11,75967,1692086392,878645,954612
2.02307E+11,76009,1692086393,878884,954893
2.02307E+11,75796,1692086394,878954,954750
2.02307E+11,76193,1692086395,879160,955353
2.02307E+11,76084,1692086396,877909,953993
2.02307E+11,76545,1692086396,878819,955364
2.02307E+11,75896,1692086398,878776,954672
2.02307E+11,75128,1692086399,877856,952984
2.02307E+11,75835,1692086400,876254,952089
2.02307E+11,76466,1692086401,877363,953829
2.02307E+11,75593,1692086402,877925,953518
2.02307E+11,75357,1692086403,877743,953100
2.02307E+11,75134,1692086404,877792,952926
2.02307E+11,75421,1692086405,878422,953843
2.02307E+11,75321,1692086406,877956,953277
2.02307E+11,75353,1692086407,878079,953432
2.02307E+11,75788,1692086408,877624,953412
2.02307E+11,75360,1692086409,878110,953470
2.02307E+11,75046,1692086410,879140,954186
2.02307E+11,75413,1692086411,879193,954606
2.02307E+11,75536,1692086412,879157,954693
2.02307E+11,74528,1692086413,877652,952180
2.02307E+11,74433,1692086414,878009,952442
2.02307E+11,75414,1692086415,877805,953219
2.02307E+11,74994,1692086416,877813,952807
2.02307E+11,74834,1692086417,875625,950459
2.02307E+11,74762,1692086418,877270,952032
2.02307E+11,75297,1692086419,877701,952998
2.02307E+11,74519,1692086420,876746,951265
2.02307E+11,75099,1692086421,877484,952583
2.02307E+11,75081,1692086422,878281,953362
2.02307E+11,75710,1692086423,879395,955105
2.02307E+11,76076,1692086424,878876,954952
2.02307E+11,75987,1692086425,877660,953647
2.02307E+11,74635,1692086426,879176,953811
2.02307E+11,75536,1692086427,878445,953981
2.02307E+11,75641,1692086428,878041,953682
2.02307E+11,75455,1692086429,877838,953293
2.02307E+11,75705,1692086430,877624,953329
2.02307E+11,74978,1692086431,878242,953220
2.02307E+11,76069,1692086432,877524,953593
2.02307E+11,75905,1692086433,878205,954110
2.02307E+11,75895,1692086434,878858,954753
2.02307E+11,75750,1692086435,878373,954123
2.02307E+11,75794,1692086436,878580,954374
2.02307E+11,76275,1692086437,877096,953371
2.02307E+11,76071,1692086438,878961,955032
2.02307E+11,76186,1692086439,879673,955859
2.02307E+11,75984,1692086440,879728,955712
2.02307E+11,75958,1692086441,880248,956206
2.02307E+11,75753,1692086442,878457,954210
2.02307E+11,76113,1692086443,878514,954627
2.02307E+11,76137,1692086444,878298,954435
2.02307E+11,75366,1692086445,877824,953190
2.02307E+11,75780,1692086446,875986,951766
2.02307E+11,75841,1692086447,878293,954134
2.02307E+11,75608,1692086448,877349,952957
2.02307E+11,75696,1692086449,879523,955219
2.02307E+11,75174,1692086450,879266,954440
2.02307E+11,74722,1692086451,879509,954231
2.02307E+11,75859,1692086452,879892,955751
2.02307E+11,75379,1692086453,880219,955598
2.02307E+11,75784,1692086454,880261,956045
2.02307E+11,75135,1692086455,878913,954048
2.02307E+11,75381,1692086456,879523,954904
2.02307E+11,75723,1692086457,880274,955997
2.02307E+11,75480,1692086458,878810,954290
2.02307E+11,75070,1692086459,878613,953683
2.02307E+11,75464,1692086460,878428,953892
2.02307E+11,75487,1692086461,877773,953260
2.02307E+11,76108,1692086462,878613,954721
2.02307E+11,75517,1692086463,878325,953842
2.02307E+11,75023,1692086464,878532,953555
2.02307E+11,75356,1692086465,878394,953750
2.02307E+11,75817,1692086466,878780,954597
2.02307E+11,75545,1692086467,878897,954442
2.02307E+11,75208,1692086468,878792,954000
2.02307E+11,75643,1692086469,878916,954559
2.02307E+11,75944,1692086470,878879,954823
2.02307E+11,76017,1692086471,878569,954586
2.02307E+11,75382,1692086472,879576,954958
2.02307E+11,75076,1692086473,878911,953987
2.02307E+11,75250,1692086474,878906,954156
2.02307E+11,75949,1692086475,879141,955090
2.02307E+11,75888,1692086476,878155,954043
2.02307E+11,75766,1692086477,877932,953698
2.02307E+11,74972,1692086478,879014,953986
2.02307E+11,75348,1692086479,879274,954622
2.02307E+11,75492,1692086480,878996,954488
2.02307E+11,75304,1692086481,879303,954607
2.02307E+11,75028,1692086482,877417,952445
2.02307E+11,75025,1692086483,878172,953197
2.02307E+11,76080,1692086484,878892,954972
2.02307E+11,75739,1692086485,879709,955448
2.02307E+11,76033,1692086486,879773,955806
2.02307E+11,76012,1692086487,879255,955267
2.02307E+11,75667,1692086488,878438,954105
2.02307E+11,75732,1692086489,878151,953883
2.02307E+11,76320,1692086490,878203,954523
2.02307E+11,75957,1692086491,879358,955315
2.02307E+11,75780,1692086492,879521,955301
2.02307E+11,76255,1692086493,878417,954672
2.02307E+11,75400,1692086494,878897,954297
2.02307E+11,76339,1692086495,878410,954749
2.02307E+11,76140,1692086496,878214,954354
2.02307E+11,75611,1692086497,878853,954464
2.02307E+11,75599,1692086498,878474,954073
2.02307E+11,76444,1692086499,878249,954693
2.02307E+11,75951,1692086500,878716,954667
2.02307E+11,75478,1692086501,880046,955524
2.02307E+11,75135,1692086502,879869,955004
2.02307E+11,75195,1692086503,878978,954173
2.02307E+11,75734,1692086504,880012,955746
2.02307E+11,75723,1692086505,879595,955318
2.02307E+11,75466,1692086506,879698,955164
2.02307E+11,74918,1692086507,879523,954441
2.02307E+11,75757,1692086508,880351,956108
2.02307E+11,76115,1692086509,880074,956189
2.02307E+11,75512,1692086510,880274,955786
2.02307E+11,75620,1692086511,879735,955355
2.02307E+11,75562,1692086512,880421,955983
2.02307E+11,75731,1692086513,878521,954252
2.02307E+11,75794,1692086514,876246,952040
2.02307E+11,75400,1692086515,876559,951959
2.02307E+11,75538,1692086516,876643,952181
2.02307E+11,75526,1692086517,877711,953237
2.02307E+11,76456,1692086518,877981,954437
2.02307E+11,76399,1692086519,877681,954080
2.02307E+11,76160,1692086520,878098,954258
2.02307E+11,75515,1692086521,878750,954265
2.02307E+11,75386,1692086522,879375,954761
2.02307E+11,75589,1692086523,879084,954673
2.02307E+11,75450,1692086524,878239,953689
2.02307E+11,75507,1692086525,877215,952722
2.02307E+11,75799,1692086526,876520,952319
2.02307E+11,75925,1692086527,879057,954982
2.02307E+11,75931,1692086528,879940,955871
2.02307E+11,75365,1692086529,879100,954465
2.02307E+11,74558,1692086530,880472,955030
2.02307E+11,75149,1692086531,880826,955975
2.02307E+11,74930,1692086532,879911,954841
2.02307E+11,75347,1692086533,880052,955399
2.02307E+11,74372,1692086534,880129,954501
2.02307E+11,74560,1692086535,880480,955040
2.02307E+11,75348,1692086536,881143,956491
2.02307E+11,75140,1692086537,880955,956095
2.02307E+11,75042,1692086538,880599,955641
2.02307E+11,75101,1692086539,879899,955000
2.02307E+11,75562,1692086540,880564,956126
2.02307E+11,75702,1692086541,879634,955336
2.02307E+11,75807,1692086542,879287,955094
2.02307E+11,75731,1692086543,877918,953649
2.02307E+11,76222,1692086544,878363,954585
2.02307E+11,76002,1692086545,879257,955259
2.02307E+11,76158,1692086546,879448,955606
2.02307E+11,75650,1692086546,879672,955322
2.02307E+11,75731,1692086548,879606,955337
2.02307E+11,75636,1692086549,879968,955604
2.02307E+11,75791,1692086550,880249,956040
2.02307E+11,76098,1692086551,881016,957114
2.02307E+11,75958,1692086552,881678,957636
2.02307E+11,75983,1692086553,880874,956857
2.02307E+11,75793,1692086554,880461,956254
2.02307E+11,76144,1692086555,880430,956574
2.02307E+11,75487,1692086556,879839,955326
2.02307E+11,75229,1692086557,880008,955237
2.02307E+11,74492,1692086558,880222,954714
2.02307E+11,75930,1692086559,880121,956051
2.02307E+11,75541,1692086560,879054,954595
2.02307E+11,75208,1692086561,879252,954460
2.02307E+11,74841,1692086562,878930,953771
2.02307E+11,75655,1692086563,879157,954812
2.02307E+11,75364,1692086564,879315,954679
2.02307E+11,75157,1692086565,879938,955095
2.02307E+11,74810,1692086566,879599,954409
2.02307E+11,75304,1692086567,880002,955306
2.02307E+11,75792,1692086568,879999,955791
2.02307E+11,75794,1692086569,879837,955631
2.02307E+11,75979,1692086570,880133,956112
2.02307E+11,75367,1692086571,880880,956247
2.02307E+11,75849,1692086572,880677,956526
2.02307E+11,75528,1692086573,879710,955238
2.02307E+11,75057,1692086574,880860,955917
2.02307E+11,74773,1692086575,880421,955194
2.02307E+11,75631,1692086576,881037,956668
2.02307E+11,75840,1692086577,880329,956169
2.02307E+11,75109,1692086578,881106,956215
2.02307E+11,75823,1692086579,880419,956242
2.02307E+11,75473,1692086580,880257,955730
2.02307E+11,75391,1692086581,880119,955510
2.02307E+11,76049,1692086582,879676,955725
2.02307E+11,75727,1692086583,879447,955174
2.02307E+11,76202,1692086584,879903,956105
2.02307E+11,75741,1692086585,880630,956371
2.02307E+11,76681,1692086586,879520,956201
2.02307E+11,76385,1692086587,880430,956815
2.02307E+11,76692,1692086588,880621,957313
2.02307E+11,75517,1692086589,879902,955419
2.02307E+11,75796,1692086590,879949,955745
2.02307E+11,75878,1692086591,879343,955221
2.02307E+11,76386,1692086592,880325,956711
2.02307E+11,75932,1692086593,879622,955554
2.02307E+11,76086,1692086594,880865,956951
2.02307E+11,75463,1692086595,881039,956502
2.02307E+11,75816,1692086596,880773,956589
2.02307E+11,75864,1692086597,880011,955875
2.02307E+11,75720,1692086598,879434,955154
2.02307E+11,76009,1692086599,880269,956278
2.02307E+11,75844,1692086600,879961,955805
2.02307E+11,75624,1692086601,879589,955213
2.02307E+11,75442,1692086602,879479,954921
2.02307E+11,75608,1692086603,879868,955476
2.02307E+11,75220,1692086604,878843,954063
2.02307E+11,75596,1692086605,879595,955191
2.02307E+11,75963,1692086606,880446,956409
2.02307E+11,75075,1692086607,879431,954506
2.02307E+11,74904,1692086608,878148,953052
2.02307E+11,75275,1692086609,878865,954140
2.02307E+11,75265,1692086610,879086,954351
2.02307E+11,75248,1692086611,879368,954616
2.02307E+11,74925,1692086612,880229,955154
2.02307E+11,75140,1692086613,880615,955755
2.02307E+11,75454,1692086614,879114,954568
2.02307E+11,75109,1692086615,879784,954893
2.02307E+11,75679,1692086616,879638,955317
2.02307E+11,76022,1692086617,879974,955996
2.02307E+11,76341,1692086618,880348,956689
2.02307E+11,76803,1692086619,878545,955348
2.02307E+11,76178,1692086620,877914,954092
2.02307E+11,75672,1692086621,879123,954795
2.02307E+11,76182,1692086622,879784,955966
2.02307E+11,75796,1692086623,879743,955539
2.02307E+11,76156,1692086624,880190,956346
2.02307E+11,76670,1692086625,880457,957127
2.02307E+11,76378,1692086626,879982,956360
2.02307E+11,76474,1692086627,880867,957341
2.02307E+11,76525,1692086628,881299,957824
2.02307E+11,75293,1692086629,879691,954984
2.02307E+11,75881,1692086630,879958,955839
2.02307E+11,75460,1692086631,880459,955919
2.02307E+11,74976,1692086632,880307,955283
2.02307E+11,75720,1692086633,879335,955055
2.02307E+11,75780,1692086634,879756,955536
2.02307E+11,75855,1692086635,880009,955864
2.02307E+11,75781,1692086636,879130,954911
2.02307E+11,75838,1692086637,880175,956013
2.02307E+11,75789,1692086638,879788,955577
2.02307E+11,76176,1692086639,878398,954574
2.02307E+11,75368,1692086640,880085,955453
2.02307E+11,75388,1692086641,880019,955407
2.02307E+11,75766,1692086642,880147,955913
2.02307E+11,75676,1692086643,880556,956232
2.02307E+11,75952,1692086644,879891,955843
2.02307E+11,75415,1692086645,879640,955055
2.02307E+11,75965,1692086646,882183,958148
2.02307E+11,75614,1692086647,880934,956548
2.02307E+11,75266,1692086648,881139,956405
2.02307E+11,75247,1692086649,880539,955786
2.02307E+11,75956,1692086650,878389,954345
2.02307E+11,75725,1692086651,879566,955291
2.02307E+11,75304,1692086652,879741,955045
2.02307E+11,75760,1692086653,880919,956679
2.02307E+11,75401,1692086654,880271,955672
2.02307E+11,75468,1692086655,881534,957002
2.02307E+11,75774,1692086656,881376,957150
2.02307E+11,75929,1692086657,541073,617002
2.02307E+11,75154,1692086658,541173,616327
2.02307E+11,75878,1692086659,540839,616717
2.02307E+11,75656,1692086660,541163,616819
2.02307E+11,75422,1692086661,540586,616008
2.02307E+11,75684,1692086662,540262,615946
2.02307E+11,75695,1692086663,539365,615060
2.02307E+11,76055,1692086664,540075,616130
2.02307E+11,76183,1692086665,540110,616293
2.02307E+11,75739,1692086666,539924,615663
2.02307E+11,75914,1692086667,539562,615476
2.02307E+11,75716,1692086668,541050,616766
2.02307E+11,76423,1692086669,540754,617177
2.02307E+11,75308,1692086670,540967,616275
2.02307E+11,75554,1692086671,540859,616413
2.02307E+11,76075,1692086672,541049,617124
2.02307E+11,76559,1692086673,541591,618150
2.02307E+11,76234,1692086674,540873,617107
2.02307E+11,76039,1692086675,540951,616990
2.02307E+11,75908,1692086676,540914,616822
2.02307E+11,75296,1692086677,541184,616480
2.02307E+11,76349,1692086678,540902,617251
2.02307E+11,75941,1692086679,540937,616878
2.02307E+11,75955,1692086680,541180,617135
2.02307E+11,75598,1692086681,541045,616643
2.02307E+11,75672,1692086682,540942,616614
2.02307E+11,75646,1692086683,540516,616162
2.02307E+11,75248,1692086684,540986,616234
2.02307E+11,75345,1692086685,540588,615933
2.02307E+11,75548,1692086686,540531,616079
2.02307E+11,75616,1692086687,540128,615744
2.02307E+11,75628,1692086688,540067,615695
2.02307E+11,75036,1692086689,540245,615281
2.02307E+11,74904,1692086690,540303,615207
2.02307E+11,75773,1692086691,539733,615506
2.02307E+11,75420,1692086692,540728,616148
2.02307E+11,75745,1692086693,540587,616332
2.02307E+11,74458,1692086694,541185,615643
2.02307E+11,75608,1692086695,540885,616493
2.02307E+11,75481,1692086696,540212,615693
2.02307E+11,75572,1692086697,539936,615508
2.02307E+11,75318,1692086697,540214,615532
2.02307E+11,74965,1692086699,539445,614410
2.02307E+11,75640,1692086700,540673,616313
2.02307E+11,76077,1692086701,540667,616744
2.02307E+11,75834,1692086702,540645,616479
2.02307E+11,75198,1692086703,540091,615289
2.02307E+11,76292,1692086704,540362,616654
2.02307E+11,75748,1692086705,540704,616452
2.02307E+11,75888,1692086706,540034,615922
2.02307E+11,75534,1692086707,541230,616764
2.02307E+11,75529,1692086708,540480,616009
2.02307E+11,75578,1692086709,540650,616228
2.02307E+11,76188,1692086710,540825,617013
2.02307E+11,75315,1692086711,540892,616207
2.02307E+11,76018,1692086712,539552,615570
2.02307E+11,76145,1692086713,540455,616600
2.02307E+11,76445,1692086714,538725,615170
2.02307E+11,75835,1692086715,540108,615943
2.02307E+11,76286,1692086716,539734,616020
2.02307E+11,76287,1692086717,539768,616055
2.02307E+11,76031,1692086718,540022,616053
2.02307E+11,76123,1692086719,539954,616077
2.02307E+11,75829,1692086720,540563,616392
2.02307E+11,75827,1692086721,540414,616241
2.02307E+11,74471,1692086722,540033,614504
2.02307E+11,75850,1692086723,540235,616085
2.02307E+11,75138,1692086724,540292,615430
2.02307E+11,75042,1692086725,539744,614786
2.02307E+11,74730,1692086726,539499,614229
2.02307E+11,75092,1692086727,538184,613276
2.02307E+11,75333,1692086728,538154,613487
2.02307E+11,74941,1692086729,539806,614747
2.02307E+11,75085,1692086730,539101,614186
2.02307E+11,75053,1692086731,539787,614840
2.02307E+11,75419,1692086732,540304,615723
2.02307E+11,75714,1692086733,539662,615376
2.02307E+11,74793,1692086734,539733,614526
2.02307E+11,75272,1692086735,540454,615726
2.02307E+11,75904,1692086736,540070,615974
2.02307E+11,76231,1692086737,540652,616883
2.02307E+11,76181,1692086738,540245,616426
2.02307E+11,75377,1692086739,539986,615363
2.02307E+11,75534,1692086740,539813,615347
2.02307E+11,75935,1692086741,539327,615262
2.02307E+11,75930,1692086742,539713,615643
2.02307E+11,75620,1692086743,539621,615241
2.02307E+11,75735,1692086744,539285,615020
2.02307E+11,75717,1692086745,539640,615357
2.02307E+11,76375,1692086746,539370,615745
2.02307E+11,76116,1692086747,540337,616453
2.02307E+11,75528,1692086748,539813,615341
2.02307E+11,75699,1692086749,540205,615904
2.02307E+11,75364,1692086750,539957,615321
2.02307E+11,76617,1692086751,539849,616466
2.02307E+11,76613,1692086752,539516,616129
2.02307E+11,75969,1692086753,539340,615309
2.02307E+11,75328,1692086754,538915,614243
2.02307E+11,75339,1692086755,539114,614453
2.02307E+11,76399,1692086756,538095,614494
2.02307E+11,75679,1692086757,538583,614262
2.02307E+11,75126,1692086758,539754,614880
2.02307E+11,75543,1692086759,539038,614581
2.02307E+11,75931,1692086760,539635,615566
2.02307E+11,75620,1692086761,540149,615769
2.02307E+11,75419,1692086762,540796,616215
2.02307E+11,74782,1692086763,539925,614707
2.02307E+11,75319,1692086764,539967,615286
2.02307E+11,75753,1692086765,540080,615833
2.02307E+11,75152,1692086766,539839,614991
2.02307E+11,75348,1692086767,540121,615469
2.02307E+11,73978,1692086768,539230,613208
2.02307E+11,75356,1692086769,539275,614631
2.02307E+11,75216,1692086770,539606,614822
2.02307E+11,75271,1692086771,538975,614246
2.02307E+11,74727,1692086772,538590,613317
2.02307E+11,76273,1692086773,538852,615125
2.02307E+11,75444,1692086774,539487,614931
2.02307E+11,75383,1692086775,538670,614053
2.02307E+11,75677,1692086776,540144,615821
2.02307E+11,75224,1692086777,539683,614907
2.02307E+11,75546,1692086778,539537,615083
2.02307E+11,75814,1692086779,539699,615513
2.02307E+11,75466,1692086780,540812,616278
2.02307E+11,75408,1692086781,539785,615193
2.02307E+11,75573,1692086782,539286,614859
2.02307E+11,75987,1692086783,539401,615388
2.02307E+11,75505,1692086784,538943,614448
2.02307E+11,75585,1692086785,539648,615233
2.02307E+11,75607,1692086786,539413,615020
2.02307E+11,75690,1692086787,539893,615583
2.02307E+11,75478,1692086788,538750,614228
2.02307E+11,74909,1692086789,539174,614083
2.02307E+11,75414,1692086790,539267,614681
2.02307E+11,75501,1692086791,539830,615331
2.02307E+11,75120,1692086792,540758,615878
2.02307E+11,75699,1692086793,540383,616082
2.02307E+11,75246,1692086794,540238,615484
2.02307E+11,75184,1692086795,540371,615555
2.02307E+11,75913,1692086796,540114,616027
2.02307E+11,75986,1692086797,539639,615625
2.02307E+11,76141,1692086798,539693,615834
2.02307E+11,75063,1692086799,538987,614050
2.02307E+11,74986,1692086800,538512,613498
2.02307E+11,74955,1692086801,538132,613087
2.02307E+11,75177,1692086802,538184,613361
2.02307E+11,75543,1692086803,539106,614649
2.02307E+11,75037,1692086804,539789,614826
2.02307E+11,75866,1692086805,539264,615130
2.02307E+11,75679,1692086806,539216,614895
2.02307E+11,75333,1692086807,539345,614678
2.02307E+11,74874,1692086808,540373,615247
2.02307E+11,74907,1692086809,540039,614946
2.02307E+11,74743,1692086810,540175,614918
2.02307E+11,75454,1692086811,540062,615516
2.02307E+11,75000,1692086812,539037,614037
2.02307E+11,75102,1692086813,539034,614136
2.02307E+11,75737,1692086814,538938,614675
2.02307E+11,75698,1692086815,538772,614470
2.02307E+11,74822,1692086816,538627,613449
2.02307E+11,74322,1692086817,538269,612591
2.02307E+11,75477,1692086818,538516,613993
2.02307E+11,75699,1692086819,539262,614961
2.02307E+11,74921,1692086820,538909,613830
2.02307E+11,74933,1692086821,539600,614533
2.02307E+11,75167,1692086822,539895,615062
2.02307E+11,74874,1692086823,540000,614874
2.02307E+11,74434,1692086824,539642,614076
2.02307E+11,74849,1692086825,540498,615347
2.02307E+11,74682,1692086826,540099,614781
2.02307E+11,75197,1692086827,539367,614564
2.02307E+11,75180,1692086828,539350,614530
2.02307E+11,74973,1692086829,539404,614377
2.02307E+11,75653,1692086830,539062,614715
2.02307E+11,75261,1692086831,538759,614020
2.02307E+11,75577,1692086832,539956,615533
2.02307E+11,75316,1692086833,539612,614928
2.02307E+11,74771,1692086834,540063,614834
2.02307E+11,75507,1692086835,539351,614858
2.02307E+11,75786,1692086836,539354,615140
2.02307E+11,74984,1692086837,540153,615137
2.02307E+11,75288,1692086838,539943,615231
2.02307E+11,75222,1692086839,540947,616169
2.02307E+11,75625,1692086840,539162,614787
2.02307E+11,75884,1692086841,539279,615163
2.02307E+11,75101,1692086842,539540,614641
2.02307E+11,75497,1692086843,538872,614369
2.02307E+11,74989,1692086844,539215,614204
2.02307E+11,76090,1692086845,538761,614851
2.02307E+11,76093,1692086846,538533,614626
2.02307E+11,75871,1692086847,539376,615247
2.02307E+11,75703,1692086847,539332,615035
2.02307E+11,75549,1692086849,540111,615660
2.02307E+11,76295,1692086850,539722,616017
2.02307E+11,76272,1692086851,540332,616604
2.02307E+11,75903,1692086852,538908,614811
2.02307E+11,75296,1692086853,539901,615197
2.02307E+11,75515,1692086854,540550,616065
2.02307E+11,75546,1692086855,540680,616226
2.02307E+11,75182,1692086856,540613,615795
2.02307E+11,74932,1692086857,539629,614561
2.02307E+11,75208,1692086858,540390,615598
2.02307E+11,75696,1692086859,539674,615370
2.02307E+11,76873,1692086860,539742,616615
2.02307E+11,76274,1692086861,539603,615877
2.02307E+11,75458,1692086862,539377,614835
2.02307E+11,75622,1692086863,539422,615044
2.02307E+11,75362,1692086864,538788,614150
2.02307E+11,75089,1692086865,538792,613881
2.02307E+11,74753,1692086866,539310,614063
2.02307E+11,74968,1692086867,539170,614138
2.02307E+11,75457,1692086868,539179,614636
2.02307E+11,75622,1692086869,539752,615374
2.02307E+11,75502,1692086870,538795,614297
2.02307E+11,75816,1692086871,538595,614411
2.02307E+11,76241,1692086872,539444,615685
2.02307E+11,75497,1692086873,539261,614758
2.02307E+11,75079,1692086874,539634,614713
2.02307E+11,74706,1692086875,539002,613708
2.02307E+11,74906,1692086876,539541,614447
2.02307E+11,75367,1692086877,538983,614350
2.02307E+11,75216,1692086878,538459,613675
2.02307E+11,74841,1692086879,539144,613985
2.02307E+11,75437,1692086880,539191,614628
2.02307E+11,75200,1692086881,538322,613522
2.02307E+11,75562,1692086882,538664,614226
2.02307E+11,75105,1692086883,538496,613601
2.02307E+11,75375,1692086884,538466,613841
2.02307E+11,75022,1692086885,538843,613865
2.02307E+11,75249,1692086886,539357,614606
2.02307E+11,75440,1692086887,539867,615307
2.02307E+11,74722,1692086888,539793,614515
2.02307E+11,75598,1692086889,539905,615503
2.02307E+11,75419,1692086890,539168,614587
2.02307E+11,75828,1692086891,539581,615409
2.02307E+11,75446,1692086892,539757,615203
2.02307E+11,75265,1692086893,539281,614546
2.02307E+11,75945,1692086894,539081,615026
2.02307E+11,76234,1692086895,539177,615411
2.02307E+11,76061,1692086896,539355,615416
2.02307E+11,76000,1692086897,539453,615453
2.02307E+11,75995,1692086898,539146,615141
2.02307E+11,76367,1692086899,538510,614877
2.02307E+11,76215,1692086900,539095,615310
2.02307E+11,76129,1692086901,538429,614558
2.02307E+11,75876,1692086902,539926,615802
2.02307E+11,75416,1692086903,539391,614807
2.02307E+11,75997,1692086904,538947,614944
2.02307E+11,75994,1692086905,538597,614591
2.02307E+11,75763,1692086906,538729,614492
2.02307E+11,75688,1692086907,539364,615052
2.02307E+11,75561,1692086908,539475,615036
2.02307E+11,75639,1692086909,540047,615686
2.02307E+11,75580,1692086910,539109,614689
2.02307E+11,75456,1692086911,539408,614864
2.02307E+11,75670,1692086912,539558,615228
2.02307E+11,76047,1692086913,539495,615542
2.02307E+11,76120,1692086914,540144,616264
2.02307E+11,74484,1692086916,538893,613377
2.02307E+11,75850,1692086917,539069,614919
2.02307E+11,75361,1692086918,539340,614701
2.02307E+11,75459,1692086919,538664,614123
2.02307E+11,75038,1692086920,538429,613467
2.02307E+11,75341,1692086921,539066,614407
2.02307E+11,75334,1692086922,539773,615107
2.02307E+11,75156,1692086923,540161,615317
2.02307E+11,74856,1692086924,539292,614148
2.02307E+11,74850,1692086925,540095,614945
2.02307E+11,75654,1692086926,539151,614805
2.02307E+11,75560,1692086927,539368,614928
2.02307E+11,75806,1692086928,539549,615355
2.02307E+11,74657,1692086929,539779,614436
2.02307E+11,75291,1692086930,0,75291
2.02307E+11,75241,1692086931,0,75241
2.02307E+11,75387,1692086932,0,75387
2.02307E+11,75251,1692086933,0,75251
2.02307E+11,75376,1692086934,0,75376
2.02307E+11,75849,1692086935,0,75849
2.02307E+11,75432,1692086936,0,75432
2.02307E+11,75812,1692086937,542094,617906
2.02307E+11,75404,1692086938,538211,613615
2.02307E+11,75483,1692086939,538596,614079
2.02307E+11,75890,1692086940,538409,614299
2.02307E+11,76032,1692086941,537895,613927
2.02307E+11,76081,1692086942,537586,613667
2.02307E+11,75097,1692086943,537894,612991
2.02307E+11,75538,1692086944,537961,613499
2.02307E+11,76363,1692086945,537527,613890
2.02307E+11,75869,1692086947,537263,613132
2.02307E+11,76094,1692086948,537408,613502
2.02307E+11,76284,1692086949,538320,614604
2.02307E+11,75570,1692086950,537050,612620
2.02307E+11,75394,1692086951,536210,611604
2.02307E+11,75377,1692086952,536640,612017
2.02307E+11,75202,1692086953,537368,612570
2.02307E+11,75363,1692086954,537965,613328
2.02307E+11,75067,1692086955,537037,612104
2.02307E+11,75193,1692086956,536828,612021
2.02307E+11,74782,1692086957,537829,612611
2.02307E+11,75719,1692086958,537965,613684
2.02307E+11,75226,1692086959,538403,613629
2.02307E+11,75573,1692086960,538574,614147
2.02307E+11,74253,1692086961,538310,612563
2.02307E+11,75133,1692086962,538034,613167
2.02307E+11,75712,1692086963,539176,614888
2.02307E+11,75516,1692086964,537664,613180
2.02307E+11,75080,1692086965,538338,613418
2.02307E+11,74954,1692086967,537001,611955
2.02307E+11,75367,1692086968,537485,612852
2.02307E+11,74486,1692086969,537503,611989
2.02307E+11,74820,1692086970,536731,611551
2.02307E+11,75387,1692086971,536865,612252
2.02307E+11,75285,1692086972,536785,612070
2.02307E+11,74818,1692086973,537274,612092
2.02307E+11,74786,1692086974,536416,611202
2.02307E+11,74850,1692086975,535883,610733
2.02307E+11,75133,1692086976,536030,611163
2.02307E+11,75221,1692086977,536490,611711
2.02307E+11,74964,1692086978,536883,611847
2.02307E+11,74840,1692086979,536891,611731
2.02307E+11,75324,1692086980,536340,611664
2.02307E+11,75574,1692086981,536200,611774
2.02307E+11,74805,1692086982,536259,611064
2.02307E+11,74506,1692086983,536591,611097
2.02307E+11,76039,1692086984,536705,612744
2.02307E+11,75599,1692086985,537295,612894
2.02307E+11,75783,1692086986,536997,612780
2.02307E+11,75472,1692086987,537194,612666
2.02307E+11,75619,1692086988,537029,612648
2.02307E+11,76384,1692086989,536948,613332
2.02307E+11,76029,1692086990,536114,612143
2.02307E+11,75688,1692086991,537021,612709
2.02307E+11,75685,1692086992,536106,611791
2.02307E+11,76099,1692086993,535766,611865
2.02307E+11,75638,1692086994,535696,611334
2.02307E+11,76168,1692086995,535450,611618
2.02307E+11,75605,1692086996,536110,611715
2.02307E+11,74749,1692086997,536403,611152
2.02307E+11,75621,1692086998,536287,611908
2.02307E+11,75675,1692086998,536907,612582
2.02307E+11,75677,1692087000,536801,612478
2.02307E+11,75690,1692087001,537507,613197
2.02307E+11,75549,1692087002,537210,612759
2.02307E+11,75478,1692087003,536427,611905
2.02307E+11,75211,1692087004,536674,611885
2.02307E+11,74914,1692087005,536516,611430
2.02307E+11,74895,1692087006,536316,611211
2.02307E+11,75270,1692087007,535953,611223
2.02307E+11,75159,1692087008,536462,611621
2.02307E+11,74858,1692087009,535936,610794
2.02307E+11,74902,1692087010,535714,610616
2.02307E+11,75343,1692087011,536005,611348
2.02307E+11,75134,1692087012,535807,610941
2.02307E+11,75473,1692087013,536331,611804
2.02307E+11,74950,1692087014,535842,610792
2.02307E+11,75130,1692087015,536527,611657
2.02307E+11,75397,1692087016,537395,612792
2.02307E+11,75635,1692087017,536813,612448
2.02307E+11,75494,1692087018,536638,612132
2.02307E+11,75576,1692087019,536293,611869
2.02307E+11,75485,1692087020,535399,610884
2.02307E+11,76272,1692087021,536434,612706
2.02307E+11,75315,1692087022,536432,611747
2.02307E+11,75407,1692087023,535673,611080
2.02307E+11,74775,1692087024,536158,610933
2.02307E+11,74886,1692087025,535051,609937
2.02307E+11,74700,1692087026,535938,610638
2.02307E+11,74827,1692087027,536040,610867
2.02307E+11,74701,1692087028,536011,610712
2.02307E+11,74664,1692087029,535561,610225
2.02307E+11,75093,1692087030,537081,612174
2.02307E+11,75558,1692087031,536782,612340
2.02307E+11,74411,1692087032,536207,610618
2.02307E+11,74451,1692087033,536558,611009
2.02307E+11,75028,1692087034,535306,610334
2.02307E+11,75217,1692087035,536020,611237
2.02307E+11,75086,1692087036,535672,610758
2.02307E+11,75021,1692087037,536707,611728
2.02307E+11,75795,1692087038,536867,612662
2.02307E+11,76445,1692087039,536350,612795
2.02307E+11,76293,1692087040,536645,612938
2.02307E+11,75728,1692087041,535664,611392
2.02307E+11,75688,1692087042,535818,611506
2.02307E+11,75662,1692087043,535086,610748
2.02307E+11,75893,1692087044,535009,610902
2.02307E+11,75879,1692087045,535728,611607
2.02307E+11,75002,1692087046,535243,610245
2.02307E+11,75836,1692087047,534585,610421
2.02307E+11,76130,1692087048,534258,610388
2.02307E+11,76273,1692087049,534888,611161
2.02307E+11,75890,1692087050,534881,610771
2.02307E+11,76022,1692087051,534939,610961
2.02307E+11,75730,1692087052,534498,610228
2.02307E+11,75922,1692087053,536590,612512
2.02307E+11,75679,1692087054,536329,612008
2.02307E+11,75071,1692087055,536785,611856
2.02307E+11,74625,1692087056,536967,611592
2.02307E+11,75329,1692087057,536418,611747
2.02307E+11,75485,1692087058,536472,611957
2.02307E+11,75087,1692087059,536258,611345
2.02307E+11,75052,1692087060,535827,610879
2.02307E+11,74937,1692087061,535941,610878
2.02307E+11,75275,1692087062,534659,609934
2.02307E+11,75528,1692087063,534935,610463
2.02307E+11,75313,1692087064,535841,611154
2.02307E+11,75041,1692087065,535307,610348
2.02307E+11,75049,1692087066,535906,610955
2.02307E+11,75754,1692087067,535709,611463
2.02307E+11,74641,1692087068,535720,610361
2.02307E+11,74911,1692087069,535853,610764
2.02307E+11,74944,1692087070,536363,611307
2.02307E+11,75064,1692087071,536222,611286
2.02307E+11,74341,1692087072,536961,611302
2.02307E+11,75228,1692087073,536935,612163
2.02307E+11,75359,1692087074,536674,612033
2.02307E+11,75741,1692087075,536313,612054
2.02307E+11,75992,1692087076,537069,613061
2.02307E+11,75153,1692087077,536295,611448
2.02307E+11,75523,1692087078,537590,613113
2.02307E+11,76164,1692087079,536974,613138
2.02307E+11,75700,1692087080,536576,612276
2.02307E+11,76525,1692087081,537149,613674
2.02307E+11,75727,1692087082,537609,613336
2.02307E+11,75561,1692087083,537696,613257
2.02307E+11,75919,1692087084,536658,612577
2.02307E+11,75487,1692087085,536796,612283
2.02307E+11,75018,1692087086,535139,610157
2.02307E+11,75248,1692087087,535242,610490
2.02307E+11,75197,1692087088,534069,609266
2.02307E+11,75930,1692087089,533779,609709
2.02307E+11,75786,1692087090,533748,609534
2.02307E+11,75365,1692087091,534396,609761
2.02307E+11,75100,1692087092,534387,609487
2.02307E+11,75973,1692087093,535144,611117
2.02307E+11,75507,1692087094,534758,610265
2.02307E+11,75621,1692087095,534529,610150
2.02307E+11,75347,1692087096,534584,609931
2.02307E+11,75772,1692087097,535061,610833
2.02307E+11,75713,1692087098,536133,611846
2.02307E+11,75723,1692087099,535885,611608
2.02307E+11,75959,1692087100,536166,612125
2.02307E+11,75193,1692087101,536182,611375
2.02307E+11,75447,1692087102,535818,611265
2.02307E+11,76084,1692087103,534762,610846
2.02307E+11,75900,1692087104,535143,611043
2.02307E+11,75779,1692087105,535819,611598
2.02307E+11,75695,1692087106,535947,611642
2.02307E+11,75966,1692087107,534962,610928
2.02307E+11,75763,1692087108,535286,611049
2.02307E+11,75576,1692087109,535684,611260
2.02307E+11,75403,1692087110,536029,611432
2.02307E+11,75340,1692087111,536188,611528
2.02307E+11,75680,1692087112,535398,611078
2.02307E+11,75675,1692087113,536172,611847
2.02307E+11,76182,1692087114,535297,611479
2.02307E+11,75233,1692087115,535946,611179
2.02307E+11,75351,1692087116,535953,611304
2.02307E+11,75636,1692087117,535778,611414
2.02307E+11,74939,1692087118,535944,610883
2.02307E+11,75123,1692087119,535849,610972
2.02307E+11,75519,1692087120,535502,611021
2.02307E+11,75354,1692087121,536015,611369
2.02307E+11,75621,1692087122,536506,612127
2.02307E+11,76058,1692087123,536175,612233
2.02307E+11,74906,1692087124,534928,609834
2.02307E+11,75142,1692087125,535912,611054
2.02307E+11,75088,1692087126,535709,610797
2.02307E+11,75300,1692087127,535194,610494
2.02307E+11,75547,1692087128,535631,611178
2.02307E+11,75220,1692087129,535127,610347
2.02307E+11,75803,1692087130,535486,611289
2.02307E+11,75916,1692087131,535261,611177
2.02307E+11,75664,1692087132,535235,610899
2.02307E+11,75637,1692087133,534866,610503
2.02307E+11,75609,1692087134,533895,609504
2.02307E+11,75439,1692087135,534632,610071
2.02307E+11,75243,1692087136,535027,610270
2.02307E+11,75695,1692087137,534649,610344
2.02307E+11,75841,1692087138,534605,610446
2.02307E+11,76088,1692087139,534753,610841
2.02307E+11,76345,1692087140,534862,611207
2.02307E+11,76334,1692087141,533993,610327
2.02307E+11,75843,1692087142,1577086,1652929
2.02307E+11,75690,1692087143,1579843,1655533
2.02307E+11,75913,1692087144,1578686,1654599
2.02307E+11,75786,1692087145,534163,609949
2.02307E+11,75650,1692087146,872492,948142
2.02307E+11,75091,1692087147,873156,948247
2.02307E+11,75630,1692087148,872631,948261
2.02307E+11,75949,1692087148,872453,948402
2.02307E+11,76016,1692087150,873218,949234
2.02307E+11,75245,1692087151,873560,948805
2.02307E+11,75175,1692087152,872931,948106
2.02307E+11,75742,1692087153,872926,948668
2.02307E+11,75503,1692087154,873185,948688
2.02307E+11,75645,1692087155,873744,949389
2.02307E+11,75356,1692087156,873661,949017
2.02307E+11,75111,1692087157,873463,948574
2.02307E+11,75753,1692087158,873289,949042
2.02307E+11,75717,1692087159,872996,948713
2.02307E+11,75158,1692087160,872813,947971
2.02307E+11,74719,1692087161,873277,947996
2.02307E+11,75417,1692087162,873700,949117
2.02307E+11,75583,1692087163,873656,949239
2.02307E+11,75598,1692087164,873806,949404
2.02307E+11,75102,1692087165,873573,948675
2.02307E+11,74974,1692087166,872645,947619
2.02307E+11,75718,1692087167,872429,948147
2.02307E+11,75774,1692087168,873224,948998
2.02307E+11,75361,1692087169,873010,948371
2.02307E+11,75317,1692087170,872209,947526
2.02307E+11,75668,1692087171,873041,948709
2.02307E+11,76045,1692087172,873321,949366
2.02307E+11,75493,1692087173,872802,948295
2.02307E+11,75840,1692087174,873413,949253
2.02307E+11,75014,1692087175,874054,949068
2.02307E+11,75179,1692087176,873234,948413
2.02307E+11,75770,1692087177,872927,948697
2.02307E+11,74933,1692087178,871955,946888
2.02307E+11,75180,1692087179,871483,946663
2.02307E+11,75864,1692087180,870337,946201
2.02307E+11,76447,1692087181,870439,946886
2.02307E+11,76193,1692087182,872129,948322
2.02307E+11,76138,1692087183,872339,948477
2.02307E+11,75763,1692087184,872958,948721
2.02307E+11,75682,1692087185,873480,949162
2.02307E+11,76254,1692087186,874090,950344
2.02307E+11,75858,1692087187,876431,952289
2.02307E+11,75868,1692087188,876504,952372
2.02307E+11,75778,1692087189,875560,951338
2.02307E+11,75478,1692087190,874791,950269
2.02307E+11,75270,1692087191,874872,950142
2.02307E+11,75649,1692087192,875717,951366
2.02307E+11,75546,1692087193,874556,950102
2.02307E+11,74808,1692087194,874694,949502
2.02307E+11,75652,1692087195,875062,950714
2.02307E+11,75703,1692087196,875050,950753
2.02307E+11,76047,1692087197,875240,951287
2.02307E+11,75457,1692087198,874903,950360
2.02307E+11,75517,1692087199,875946,951463
2.02307E+11,75833,1692087200,875447,951280
2.02307E+11,75691,1692087201,875533,951224
2.02307E+11,75831,1692087202,874991,950822
2.02307E+11,75531,1692087203,876099,951630
2.02307E+11,74834,1692087204,876203,951037
2.02307E+11,75203,1692087205,876790,951993
2.02307E+11,75328,1692087206,876611,951939
2.02307E+11,74567,1692087207,876804,951371
2.02307E+11,74643,1692087208,876785,951428
2.02307E+11,75118,1692087209,875613,950731
2.02307E+11,75432,1692087210,872768,948200
2.02307E+11,75628,1692087211,874289,949917
2.02307E+11,75275,1692087212,875534,950809
2.02307E+11,75244,1692087213,874782,950026
2.02307E+11,75522,1692087214,875049,950571
2.02307E+11,75437,1692087215,874862,950299
2.02307E+11,74610,1692087216,873571,948181
2.02307E+11,75114,1692087217,873786,948900
2.02307E+11,75778,1692087218,873542,949320
2.02307E+11,75686,1692087219,874318,950004
2.02307E+11,75710,1692087221,875027,950737
2.02307E+11,75514,1692087222,874413,949927
2.02307E+11,76092,1692087223,874289,950381
2.02307E+11,75803,1692087224,875023,950826
2.02307E+11,76443,1692087225,876253,952696
2.02307E+11,75993,1692087226,876642,952635
2.02307E+11,76025,1692087227,875938,951963
2.02307E+11,76794,1692087228,875790,952584
2.02307E+11,76825,1692087229,876742,953567
2.02307E+11,76196,1692087230,876160,952356
2.02307E+11,75886,1692087231,876715,952601
2.02307E+11,76006,1692087232,875915,951921
2.02307E+11,76051,1692087233,876623,952674
2.02307E+11,75925,1692087234,876473,952398
2.02307E+11,75637,1692087235,876172,951809
2.02307E+11,75308,1692087236,875458,950766
2.02307E+11,75253,1692087237,875907,951160
2.02307E+11,75753,1692087238,876305,952058
2.02307E+11,75487,1692087239,875534,951021
2.02307E+11,74975,1692087240,876221,951196
2.02307E+11,75046,1692087241,876435,951481
2.02307E+11,75190,1692087242,874548,949738
2.02307E+11,75107,1692087243,875119,950226
2.02307E+11,74954,1692087244,874791,949745
2.02307E+11,74480,1692087245,875343,949823
2.02307E+11,75022,1692087246,875560,950582
2.02307E+11,75214,1692087247,875504,950718
2.02307E+11,74997,1692087248,876634,951631
2.02307E+11,74810,1692087249,875182,949992
2.02307E+11,75197,1692087250,875048,950245
2.02307E+11,75558,1692087251,875853,951411
2.02307E+11,75436,1692087252,874740,950176
2.02307E+11,75792,1692087253,875169,950961
2.02307E+11,75663,1692087254,875162,950825
2.02307E+11,75856,1692087255,874769,950625
2.02307E+11,75422,1692087256,875546,950968
2.02307E+11,75206,1692087257,875720,950926
2.02307E+11,75024,1692087258,873943,948967
2.02307E+11,75499,1692087259,873943,949442
2.02307E+11,76237,1692087260,874115,950352
2.02307E+11,76116,1692087261,873638,949754
2.02307E+11,75597,1692087262,873309,948906
2.02307E+11,75935,1692087263,873727,949662
2.02307E+11,75362,1692087264,873870,949232
2.02307E+11,76277,1692087265,873726,950003
2.02307E+11,75855,1692087266,873713,949568
2.02307E+11,75934,1692087267,874340,950274
2.02307E+11,75564,1692087268,873953,949517
2.02307E+11,75455,1692087269,873781,949236
2.02307E+11,75753,1692087270,872638,948391
2.02307E+11,75838,1692087271,873956,949794
2.02307E+11,74739,1692087272,872824,947563
2.02307E+11,74669,1692087273,873590,948259
2.02307E+11,75288,1692087274,873437,948725
2.02307E+11,75011,1692087275,874292,949303
2.02307E+11,74668,1692087276,874269,948937
2.02307E+11,74670,1692087277,874959,949629
2.02307E+11,75070,1692087278,874339,949409
2.02307E+11,75173,1692087279,874355,949528
2.02307E+11,75303,1692087280,875446,950749
2.02307E+11,74901,1692087281,876152,951053
2.02307E+11,75555,1692087282,875970,951525
2.02307E+11,75731,1692087283,875990,951721
2.02307E+11,75664,1692087284,875875,951539
2.02307E+11,74990,1692087285,875586,950576
2.02307E+11,75317,1692087286,874298,949615
2.02307E+11,75133,1692087287,874012,949145
2.02307E+11,75651,1692087288,874100,949751
2.02307E+11,75407,1692087289,875327,950734
2.02307E+11,75345,1692087290,875434,950779
2.02307E+11,75541,1692087291,875186,950727
2.02307E+11,76061,1692087292,874453,950514
2.02307E+11,75980,1692087293,875186,951166
2.02307E+11,75518,1692087294,874605,950123
2.02307E+11,75202,1692087295,874123,949325
2.02307E+11,75468,1692087296,874713,950181
2.02307E+11,75564,1692087297,874734,950298
2.02307E+11,75351,1692087298,876237,951588
2.02307E+11,74916,1692087299,876502,951418
2.02307E+11,75040,1692087299,875205,950245
2.02307E+11,75894,1692087301,872036,947930
2.02307E+11,75213,1692087302,873792,949005
2.02307E+11,75961,1692087303,873627,949588
2.02307E+11,75422,1692087304,874123,949545
2.02307E+11,75023,1692087305,873794,948817
2.02307E+11,75617,1692087306,871345,946962
2.02307E+11,75430,1692087307,872374,947804
2.02307E+11,75098,1692087308,874017,949115
2.02307E+11,75669,1692087309,874586,950255
2.02307E+11,75301,1692087310,875268,950569
2.02307E+11,76177,1692087311,875120,951297
2.02307E+11,75183,1692087312,875301,950484
2.02307E+11,75622,1692087313,874298,949920
2.02307E+11,75223,1692087314,873884,949107
2.02307E+11,75631,1692087315,875412,951043
2.02307E+11,75575,1692087316,874821,950396
2.02307E+11,75747,1692087317,874714,950461
2.02307E+11,74866,1692087318,874632,949498
2.02307E+11,75311,1692087319,874452,949763
2.02307E+11,75366,1692087320,875268,950634
2.02307E+11,74941,1692087321,873887,948828
2.02307E+11,75140,1692087322,874753,949893
2.02307E+11,74775,1692087323,875222,949997
2.02307E+11,75480,1692087324,875598,951078
2.02307E+11,75161,1692087325,874042,949203
2.02307E+11,75776,1692087326,874517,950293
2.02307E+11,74837,1692087327,874723,949560
2.02307E+11,74961,1692087328,874407,949368
2.02307E+11,74817,1692087329,875161,949978
2.02307E+11,75743,1692087330,874641,950384
2.02307E+11,75399,1692087331,874346,949745
2.02307E+11,75137,1692087332,870757,945894
2.02307E+11,74934,1692087333,875400,950334
2.02307E+11,75184,1692087334,875376,950560
2.02307E+11,74671,1692087335,874980,949651
2.02307E+11,74317,1692087336,874505,948822
2.02307E+11,75156,1692087337,872978,948134
2.02307E+11,75341,1692087338,874639,949980
2.02307E+11,75369,1692087339,874454,949823
2.02307E+11,74916,1692087340,875508,950424
2.02307E+11,75237,1692087341,874915,950152
2.02307E+11,75666,1692087342,874218,949884
2.02307E+11,76026,1692087343,875313,951339
2.02307E+11,75604,1692087344,874544,950148
2.02307E+11,75495,1692087345,874382,949877
2.02307E+11,75959,1692087346,875959,951918
2.02307E+11,75951,1692087347,874133,950084
2.02307E+11,75867,1692087348,874872,950739
2.02307E+11,75482,1692087349,874247,949729
2.02307E+11,75042,1692087350,874218,949260
2.02307E+11,75217,1692087351,874467,949684
2.02307E+11,75204,1692087352,874077,949281
2.02307E+11,75216,1692087353,873815,949031
2.02307E+11,74952,1692087354,874518,949470
2.02307E+11,75032,1692087355,873420,948452
2.02307E+11,75719,1692087356,873926,949645
2.02307E+11,75510,1692087357,874890,950400
2.02307E+11,75032,1692087358,873835,948867
2.02307E+11,75369,1692087359,875363,950732
2.02307E+11,75591,1692087360,873967,949558
2.02307E+11,75554,1692087361,874630,950184
2.02307E+11,74916,1692087362,874796,949712
2.02307E+11,75004,1692087363,874380,949384
2.02307E+11,75164,1692087364,874745,949909
2.02307E+11,74971,1692087365,875419,950390
2.02307E+11,75129,1692087366,874109,949238
2.02307E+11,74606,1692087367,875402,950008
2.02307E+11,74814,1692087368,872305,947119
2.02307E+11,75506,1692087369,875086,950592
2.02307E+11,75294,1692087370,875382,950676
2.02307E+11,75720,1692087371,874864,950584
2.02307E+11,75383,1692087372,875017,950400
2.02307E+11,75922,1692087373,874576,950498
2.02307E+11,75962,1692087374,875139,951101
2.02307E+11,76340,1692087375,874188,950528
2.02307E+11,76470,1692087376,875173,951643
2.02307E+11,76325,1692087377,874964,951289
2.02307E+11,75959,1692087378,876395,952354
2.02307E+11,76513,1692087379,875853,952366
2.02307E+11,76331,1692087380,874583,950914
2.02307E+11,75817,1692087381,876797,952614
2.02307E+11,75566,1692087382,875405,950971
2.02307E+11,76003,1692087383,875723,951726
2.02307E+11,76067,1692087384,875793,951860
2.02307E+11,75691,1692087385,876675,952366
2.02307E+11,76111,1692087386,877121,953232
2.02307E+11,75664,1692087387,876779,952443
2.02307E+11,75921,1692087388,875618,951539
2.02307E+11,75647,1692087389,875931,951578
2.02307E+11,75521,1692087390,876157,951678
2.02307E+11,75222,1692087391,874944,950166
2.02307E+11,75052,1692087392,874484,949536
2.02307E+11,75219,1692087393,875464,950683
2.02307E+11,75180,1692087394,874707,949887
2.02307E+11,75029,1692087395,874911,949940
2.02307E+11,74459,1692087396,874081,948540
2.02307E+11,75466,1692087397,874020,949486
2.02307E+11,75371,1692087398,874502,949873
2.02307E+11,74806,1692087399,875063,949869
2.02307E+11,74586,1692087400,875905,950491
2.02307E+11,74469,1692087401,876019,950488
2.02307E+11,75215,1692087402,875072,950287
2.02307E+11,75009,1692087403,875305,950314
2.02307E+11,75338,1692087404,875192,950530
2.02307E+11,74764,1692087405,876262,951026
2.02307E+11,75474,1692087406,875234,950708
2.02307E+11,75933,1692087407,875992,951925
2.02307E+11,75853,1692087408,875654,951507
2.02307E+11,75390,1692087409,875388,950778
2.02307E+11,75504,1692087410,875625,951129
2.02307E+11,75300,1692087411,875247,950547
2.02307E+11,75869,1692087412,874866,950735
2.02307E+11,75779,1692087413,874877,950656
2.02307E+11,74911,1692087414,874929,949840
2.02307E+11,75950,1692087415,874556,950506
2.02307E+11,76083,1692087416,874788,950871
2.02307E+11,75457,1692087417,875109,950566
2.02307E+11,75826,1692087418,874685,950511
2.02307E+11,75596,1692087419,874027,949623
2.02307E+11,76577,1692087420,875288,951865
2.02307E+11,75927,1692087421,875592,951519
2.02307E+11,75801,1692087422,875349,951150
2.02307E+11,75763,1692087423,876112,951875
2.02307E+11,76015,1692087424,875750,951765
2.02307E+11,76213,1692087425,874701,950914
2.02307E+11,75766,1692087426,875602,951368
2.02307E+11,76367,1692087427,875021,951388
2.02307E+11,75126,1692087428,875713,950839
2.02307E+11,75144,1692087429,875926,951070
2.02307E+11,75095,1692087430,875527,950622
2.02307E+11,75420,1692087431,875435,950855
2.02307E+11,75287,1692087432,875568,950855
2.02307E+11,75209,1692087433,875282,950491
2.02307E+11,75192,1692087434,874149,949341
2.02307E+11,75434,1692087435,874809,950243
2.02307E+11,75670,1692087436,874810,950480
2.02307E+11,75488,1692087437,875489,950977
2.02307E+11,75673,1692087438,875774,951447
2.02307E+11,75599,1692087439,875709,951308
2.02307E+11,75447,1692087440,874641,950088
2.02307E+11,75168,1692087441,875132,950300
2.02307E+11,74923,1692087442,874709,949632
2.02307E+11,75797,1692087443,874760,950557
2.02307E+11,75495,1692087444,875019,950514
2.02307E+11,75529,1692087445,875416,950945
2.02307E+11,75243,1692087446,874252,949495
2.02307E+11,74650,1692087447,874211,948861
2.02307E+11,75500,1692087448,874835,950335
2.02307E+11,75266,1692087449,875296,950562
2.02307E+11,74858,1692087449,875102,949960
2.02307E+11,75562,1692087451,875340,950902
2.02307E+11,74874,1692087452,874419,949293
2.02307E+11,75218,1692087453,875242,950460
2.02307E+11,75304,1692087454,874935,950239
2.02307E+11,74600,1692087455,875154,949754
2.02307E+11,75413,1692087456,875395,950808
2.02307E+11,74909,1692087457,874873,949782
2.02307E+11,74805,1692087458,876013,950818
2.02307E+11,75744,1692087459,875757,951501
2.02307E+11,75043,1692087460,875002,950045
2.02307E+11,75074,1692087461,875950,951024
2.02307E+11,75492,1692087462,874459,949951
2.02307E+11,75407,1692087463,874779,950186
2.02307E+11,75193,1692087464,874865,950058
2.02307E+11,75104,1692087465,875755,950859
2.02307E+11,75855,1692087466,875117,950972
2.02307E+11,75347,1692087467,874826,950173
2.02307E+11,75302,1692087468,874770,950072
2.02307E+11,75385,1692087469,874285,949670
2.02307E+11,76402,1692087470,874865,951267
2.02307E+11,75922,1692087471,875259,951181
2.02307E+11,76198,1692087472,875094,951292
2.02307E+11,76021,1692087473,876406,952427
2.02307E+11,75915,1692087475,874792,950707
2.02307E+11,75582,1692087476,875165,950747
2.02307E+11,75811,1692087477,874147,949958
2.02307E+11,75326,1692087478,874619,949945
2.02307E+11,75297,1692087479,874104,949401
2.02307E+11,75767,1692087480,874616,950383
2.02307E+11,75910,1692087481,874746,950656
2.02307E+11,75464,1692087482,874190,949654
2.02307E+11,75546,1692087483,874202,949748
2.02307E+11,75470,1692087484,873280,948750
2.02307E+11,75392,1692087485,873627,949019
2.02307E+11,75668,1692087486,873683,949351
2.02307E+11,75331,1692087487,874072,949403
2.02307E+11,75531,1692087488,873986,949517
2.02307E+11,75606,1692087489,873755,949361
2.02307E+11,75111,1692087490,874248,949359
2.02307E+11,74736,1692087491,875042,949778
2.02307E+11,74744,1692087492,875235,949979
2.02307E+11,74847,1692087493,873978,948825
2.02307E+11,75137,1692087494,874890,950027
2.02307E+11,74755,1692087495,874396,949151
2.02307E+11,74955,1692087496,874516,949471
2.02307E+11,75341,1692087497,875213,950554
2.02307E+11,75518,1692087498,874392,949910
2.02307E+11,75442,1692087499,874161,949603
2.02307E+11,75585,1692087500,874106,949691
2.02307E+11,76414,1692087501,874141,950555
2.02307E+11,75301,1692087502,873960,949261
2.02307E+11,76036,1692087503,874185,950221
2.02307E+11,75214,1692087504,872420,947634
2.02307E+11,75630,1692087505,874037,949667
2.02307E+11,76063,1692087506,874215,950278
2.02307E+11,76406,1692087507,874567,950973
2.02307E+11,75906,1692087508,874477,950383
2.02307E+11,76147,1692087509,875148,951295
2.02307E+11,76092,1692087510,875529,951621
2.02307E+11,75905,1692087511,876431,952336
2.02307E+11,75384,1692087512,876143,951527
2.02307E+11,75987,1692087513,874575,950562
2.02307E+11,75217,1692087514,874886,950103
2.02307E+11,75608,1692087515,875159,950767
2.02307E+11,75262,1692087516,875102,950364
2.02307E+11,75575,1692087517,875428,951003
2.02307E+11,75638,1692087518,874196,949834
2.02307E+11,75351,1692087519,874349,949700
2.02307E+11,75677,1692087520,874955,950632
2.02307E+11,75715,1692087521,874299,950014
2.02307E+11,75564,1692087522,874685,950249
2.02307E+11,75057,1692087523,875231,950288
2.02307E+11,75120,1692087524,874846,949966
2.02307E+11,75403,1692087525,875633,951036
2.02307E+11,75743,1692087526,874580,950323
2.02307E+11,75346,1692087527,874796,950142
2.02307E+11,74559,1692087528,874652,949211
2.02307E+11,74956,1692087529,874999,949955
2.02307E+11,75493,1692087530,874580,950073
2.02307E+11,75538,1692087531,874788,950326
2.02307E+11,75131,1692087532,875019,950150
2.02307E+11,75320,1692087533,874555,949875
2.02307E+11,75639,1692087534,875395,951034
2.02307E+11,75554,1692087535,874222,949776
2.02307E+11,75799,1692087536,873301,949100
2.02307E+11,75514,1692087537,873182,948696
2.02307E+11,76206,1692087538,871361,947567
2.02307E+11,75733,1692087539,873009,948742
2.02307E+11,75541,1692087540,872384,947925
2.02307E+11,74422,1692087541,873052,947474
2.02307E+11,74703,1692087542,873996,948699
2.02307E+11,75298,1692087543,875397,950695
2.02307E+11,75502,1692087544,875607,951109
2.02307E+11,74847,1692087545,876101,950948
2.02307E+11,75378,1692087546,875232,950610
2.02307E+11,76572,1692087548,874309,950881
2.02307E+11,75418,1692087549,875433,950851
2.02307E+11,75538,1692087550,875789,951327
2.02307E+11,75712,1692087551,875947,951659
2.02307E+11,75864,1692087552,874797,950661
2.02307E+11,75631,1692087553,874950,950581
2.02307E+11,75486,1692087554,875109,950595
2.02307E+11,75373,1692087555,875136,950509
2.02307E+11,75710,1692087556,875662,951372
2.02307E+11,75607,1692087557,875920,951527
2.02307E+11,75471,1692087558,875913,951384
2.02307E+11,75255,1692087559,876316,951571
2.02307E+11,75208,1692087560,876884,952092
2.02307E+11,76129,1692087561,875396,951525
2.02307E+11,75965,1692087562,875668,951633
2.02307E+11,76358,1692087563,876542,952900
2.02307E+11,76028,1692087564,876046,952074
2.02307E+11,76290,1692087565,877149,953439
2.02307E+11,76633,1692087566,876556,953189
2.02307E+11,76175,1692087567,876360,952535
2.02307E+11,76156,1692087568,876257,952413
2.02307E+11,75445,1692087569,877207,952652
2.02307E+11,75847,1692087570,876835,952682
2.02307E+11,76151,1692087571,873928,950079
2.02307E+11,76656,1692087572,876683,953339
2.02307E+11,76103,1692087573,876491,952594
2.02307E+11,75211,1692087574,876946,952157
2.02307E+11,75861,1692087575,877206,953067
2.02307E+11,75860,1692087576,876525,952385
2.02307E+11,75566,1692087577,877745,953311
2.02307E+11,74977,1692087578,876405,951382
2.02307E+11,74856,1692087579,876481,951337
2.02307E+11,75686,1692087580,876107,951793
2.02307E+11,75301,1692087581,876189,951490
2.02307E+11,75143,1692087582,876360,951503
2.02307E+11,74658,1692087583,875940,950598
2.02307E+11,74695,1692087584,876198,950893
2.02307E+11,75235,1692087585,875768,951003
2.02307E+11,74727,1692087586,876183,950910
2.02307E+11,75145,1692087588,876242,951387
2.02307E+11,75574,1692087589,875383,950957
2.02307E+11,75914,1692087590,875909,951823
2.02307E+11,75044,1692087591,875720,950764
2.02307E+11,75100,1692087592,874722,949822
2.02307E+11,75833,1692087593,875243,951076
2.02307E+11,75958,1692087594,876416,952374
2.02307E+11,75818,1692087595,875365,951183
2.02307E+11,75631,1692087596,875995,951626
2.02307E+11,75394,1692087597,875191,950585
2.02307E+11,75297,1692087598,875465,950762
2.02307E+11,76087,1692087599,875430,951517
2.02307E+11,76242,1692087600,875548,951790
2.02307E+11,75605,1692087600,876126,951731
2.02307E+11,75966,1692087602,875969,951935
2.02307E+11,76197,1692087603,875327,951524
2.02307E+11,75775,1692087604,876339,952114
2.02307E+11,75893,1692087605,875060,950953
2.02307E+11,75481,1692087606,874682,950163
2.02307E+11,75713,1692087607,875097,950810
2.02307E+11,76398,1692087608,875095,951493
2.02307E+11,75902,1692087609,875694,951596
2.02307E+11,75787,1692087610,876210,951997
2.02307E+11,75134,1692087611,876912,952046
2.02307E+11,75749,1692087612,877244,952993
2.02307E+11,75944,1692087613,876007,951951
2.02307E+11,75012,1692087614,875841,950853
2.02307E+11,74517,1692087615,876039,950556
2.02307E+11,75285,1692087616,872596,947881
2.02307E+11,75152,1692087617,875473,950625
2.02307E+11,75220,1692087618,874549,949769
2.02307E+11,75003,1692087619,875260,950263
2.02307E+11,74622,1692087620,873669,948291
2.02307E+11,75052,1692087621,875925,950977
2.02307E+11,75425,1692087622,874449,949874
2.02307E+11,75244,1692087623,875776,951020
2.02307E+11,75299,1692087624,876658,951957
2.02307E+11,75308,1692087625,875874,951182
2.02307E+11,75460,1692087626,876225,951685
2.02307E+11,75518,1692087627,876817,952335
2.02307E+11,75580,1692087628,877079,952659
2.02307E+11,75367,1692087629,875455,950822
2.02307E+11,75435,1692087630,876408,951843
2.02307E+11,75595,1692087631,876191,951786
2.02307E+11,75300,1692087632,875313,950613
2.02307E+11,74831,1692087633,874582,949413
2.02307E+11,75541,1692087634,875074,950615
2.02307E+11,75977,1692087635,875306,951283
2.02307E+11,75674,1692087636,875242,950916
2.02307E+11,75689,1692087637,874815,950504
2.02307E+11,75173,1692087638,874591,949764
2.02307E+11,76202,1692087639,874548,950750
2.02307E+11,75903,1692087640,875129,951032
2.02307E+11,75746,1692087641,876035,951781
2.02307E+11,75535,1692087642,875761,951296
2.02307E+11,75732,1692087643,875842,951574
2.02307E+11,76108,1692087644,875819,951927
2.02307E+11,75630,1692087645,875857,951487
2.02307E+11,75622,1692087646,875353,950975
2.02307E+11,74751,1692087647,875484,950235
2.02307E+11,74307,1692087648,875103,949410
2.02307E+11,75249,1692087649,874941,950190
2.02307E+11,75545,1692087650,874455,950000
2.02307E+11,74961,1692087651,873334,948295
2.02307E+11,74655,1692087652,874277,948932
2.02307E+11,75362,1692087653,874357,949719
2.02307E+11,75211,1692087654,875418,950629
2.02307E+11,75703,1692087655,876756,952459
2.02307E+11,75146,1692087656,874817,949963
2.02307E+11,75229,1692087657,876170,951399
2.02307E+11,75111,1692087658,874875,949986
2.02307E+11,74860,1692087659,876260,951120
2.02307E+11,74779,1692087660,876334,951113
2.02307E+11,74901,1692087661,875734,950635
2.02307E+11,76005,1692087662,875587,951592
2.02307E+11,76206,1692087663,874573,950779
2.02307E+11,76184,1692087664,875474,951658
2.02307E+11,75796,1692087665,875337,951133
2.02307E+11,75194,1692087666,876215,951409
2.02307E+11,75722,1692087667,875891,951613
2.02307E+11,75687,1692087668,875931,951618
2.02307E+11,76041,1692087669,875192,951233
2.02307E+11,75426,1692087670,874216,949642
2.02307E+11,75281,1692087671,874710,949991
2.02307E+11,75906,1692087672,873470,949376
2.02307E+11,75747,1692087673,873817,949564
2.02307E+11,75137,1692087674,873468,948605
2.02307E+11,75318,1692087675,874004,949322
2.02307E+11,76275,1692087676,874185,950460
2.02307E+11,75662,1692087677,874962,950624
2.02307E+11,75810,1692087678,875391,951201
2.02307E+11,75654,1692087679,875101,950755
2.02307E+11,75458,1692087680,875688,951146
2.02307E+11,76192,1692087681,875666,951858
2.02307E+11,76056,1692087682,876860,952916
2.02307E+11,75934,1692087683,1584363,1660297
2.02307E+11,76034,1692087684,1583012,1659046
2.02307E+11,75981,1692087685,1583713,1659694
2.02307E+11,75609,1692087686,1583406,1659015
2.02307E+11,76045,1692087687,1583177,1659222
2.02307E+11,75670,1692087688,1582262,1657932
2.02307E+11,75570,1692087689,1581867,1657437
2.02307E+11,75434,1692087690,1580231,1655665
2.02307E+11,75901,1692087691,1579783,1655684
2.02307E+11,75648,1692087692,1581880,1657528
2.02307E+11,75641,1692087693,1581330,1656971
2.02307E+11,75121,1692087694,1581880,1657001
2.02307E+11,75556,1692087695,1582443,1657999
2.02307E+11,75252,1692087696,1581656,1656908
2.02307E+11,75446,1692087697,1584098,1659544
2.02307E+11,75301,1692087698,1582575,1657876
2.02307E+11,74894,1692087699,1583580,1658474
2.02307E+11,75377,1692087700,1582645,1658022
2.02307E+11,75618,1692087701,1583561,1659179
2.02307E+11,75402,1692087702,1583559,1658961
2.02307E+11,74960,1692087703,1582363,1657323
2.02307E+11,75226,1692087704,1582383,1657609
2.02307E+11,74758,1692087705,1580680,1655438
2.02307E+11,74953,1692087706,1581935,1656888
2.02307E+11,75121,1692087707,1580977,1656098
2.02307E+11,75059,1692087708,1581404,1656463
2.02307E+11,75568,1692087709,1580607,1656175
2.02307E+11,75145,1692087710,1582934,1658079
2.02307E+11,75937,1692087711,1582397,1658334
2.02307E+11,75439,1692087712,1581123,1656562
2.02307E+11,75574,1692087713,1582772,1658346
2.02307E+11,75858,1692087714,1584042,1659900
2.02307E+11,75724,1692087715,1583915,1659639
2.02307E+11,76033,1692087716,1584641,1660674
2.02307E+11,75557,1692087717,1584544,1660101
2.02307E+11,76355,1692087718,1583928,1660283
2.02307E+11,76314,1692087719,1583679,1659993
2.02307E+11,75929,1692087720,1582873,1658802
2.02307E+11,76277,1692087721,1582086,1658363
2.02307E+11,75579,1692087722,1582109,1657688
2.02307E+11,75742,1692087723,1580344,1656086
2.02307E+11,76015,1692087724,1582302,1658317
2.02307E+11,75863,1692087725,1582315,1658178
2.02307E+11,75263,1692087726,1581355,1656618
2.02307E+11,74803,1692087727,1582690,1657493
2.02307E+11,76122,1692087728,1581958,1658080
2.02307E+11,75540,1692087729,1583409,1658949
2.02307E+11,75207,1692087730,1583459,1658666
2.02307E+11,75030,1692087731,1583500,1658530
2.02307E+11,74786,1692087732,1584332,1659118
2.02307E+11,75562,1692087733,1583253,1658815
2.02307E+11,75657,1692087734,1584508,1660165
2.02307E+11,74923,1692087735,1583108,1658031
2.02307E+11,74561,1692087736,1583238,1657799
2.02307E+11,75360,1692087737,1584148,1659508
2.02307E+11,75267,1692087738,1582328,1657595
2.02307E+11,74868,1692087739,1583913,1658781
2.02307E+11,74920,1692087740,1582632,1657552
2.02307E+11,75619,1692087741,1581812,1657431
2.02307E+11,75802,1692087742,1582629,1658431
2.02307E+11,75521,1692087743,1580768,1656289
2.02307E+11,75351,1692087744,1580999,1656350
2.02307E+11,75489,1692087745,1579669,1655158
2.02307E+11,75642,1692087746,1580684,1656326
2.02307E+11,75683,1692087747,1582188,1657871
2.02307E+11,75584,1692087748,1580927,1656511
2.02307E+11,75164,1692087749,1580373,1655537
2.02307E+11,74849,1692087750,1580141,1654990
2.02307E+11,75631,1692087750,1580796,1656427
2.02307E+11,74979,1692087752,1579935,1654914
2.02307E+11,75118,1692087753,1580262,1655380
2.02307E+11,74917,1692087754,873848,948765
2.02307E+11,75498,1692087755,874684,950182
2.02307E+11,75682,1692087756,874592,950274
2.02307E+11,75840,1692087757,876171,952011
2.02307E+11,75797,1692087758,876554,952351
2.02307E+11,75258,1692087759,876602,951860
2.02307E+11,75630,1692087760,875972,951602
2.02307E+11,75139,1692087761,875976,951115
2.02307E+11,75508,1692087762,875242,950750
2.02307E+11,75396,1692087763,875847,951243
2.02307E+11,75137,1692087764,875325,950462
2.02307E+11,75671,1692087765,876233,951904
2.02307E+11,75945,1692087766,876208,952153
2.02307E+11,74828,1692087767,875687,950515
2.02307E+11,75128,1692087768,876624,951752
2.02307E+11,75287,1692087769,876224,951511
2.02307E+11,75610,1692087770,876911,952521
2.02307E+11,75586,1692087771,876760,952346
2.02307E+11,75911,1692087772,876336,952247
2.02307E+11,75909,1692087773,875680,951589
2.02307E+11,75683,1692087774,876287,951970
2.02307E+11,75866,1692087775,876713,952579
2.02307E+11,75618,1692087776,877816,953434
2.02307E+11,75379,1692087777,876417,951796
2.02307E+11,75604,1692087778,876317,951921
2.02307E+11,75901,1692087779,876757,952658
2.02307E+11,75513,1692087780,877067,952580
2.02307E+11,76227,1692087781,874567,950794
2.02307E+11,75424,1692087782,874864,950288
2.02307E+11,75130,1692087783,874061,949191
2.02307E+11,75853,1692087784,874745,950598
2.02307E+11,75321,1692087785,874976,950297
2.02307E+11,75124,1692087786,875620,950744
2.02307E+11,75220,1692087787,875400,950620
2.02307E+11,75174,1692087788,876344,951518
2.02307E+11,75336,1692087789,876756,952092
2.02307E+11,75475,1692087790,877575,953050
2.02307E+11,74958,1692087791,876700,951658
2.02307E+11,74612,1692087792,877263,951875
2.02307E+11,75342,1692087793,876226,951568
2.02307E+11,75208,1692087794,876189,951397
2.02307E+11,75621,1692087795,875434,951055
2.02307E+11,74341,1692087796,875079,949420
2.02307E+11,75090,1692087797,875437,950527
2.02307E+11,75428,1692087798,875271,950699
2.02307E+11,75007,1692087799,875270,950277
2.02307E+11,75719,1692087800,875054,950773
2.02307E+11,75441,1692087801,874584,950025
2.02307E+11,75813,1692087802,874659,950472
2.02307E+11,75591,1692087803,875564,951155
2.02307E+11,75865,1692087804,876051,951916
2.02307E+11,75561,1692087805,876355,951916
2.02307E+11,75701,1692087806,876322,952023
2.02307E+11,75984,1692087807,876150,952134
2.02307E+11,76246,1692087808,876698,952944
2.02307E+11,75960,1692087809,875687,951647
2.02307E+11,75453,1692087810,874958,950411
2.02307E+11,75570,1692087811,873901,949471
2.02307E+11,75714,1692087812,873320,949034
2.02307E+11,75224,1692087813,873843,949067
2.02307E+11,75979,1692087814,875113,951092
2.02307E+11,75452,1692087815,874358,949810
2.02307E+11,75494,1692087816,875019,950513
2.02307E+11,76218,1692087817,875566,951784
2.02307E+11,75903,1692087818,876547,952450
2.02307E+11,75440,1692087819,875369,950809
2.02307E+11,75123,1692087820,874863,949986
2.02307E+11,74963,1692087821,875906,950869
2.02307E+11,76424,1692087822,876230,952654
2.02307E+11,75719,1692087823,876622,952341
2.02307E+11,75425,1692087824,875728,951153
2.02307E+11,75276,1692087825,875194,950470
2.02307E+11,75877,1692087826,876046,951923
2.02307E+11,75741,1692087827,875643,951384
2.02307E+11,75971,1692087828,876639,952610
2.02307E+11,75510,1692087829,876428,951938
2.02307E+11,74923,1692087830,877076,951999
2.02307E+11,75876,1692087831,875692,951568
2.02307E+11,76023,1692087832,875407,951430
2.02307E+11,75510,1692087833,874724,950234
2.02307E+11,75729,1692087834,875814,951543
2.02307E+11,75468,1692087835,875854,951322
2.02307E+11,76387,1692087836,877242,953629
2.02307E+11,75995,1692087837,877109,953104
2.02307E+11,76167,1692087838,876851,953018
2.02307E+11,75338,1692087839,872276,947614
2.02307E+11,75646,1692087840,875572,951218
2.02307E+11,75548,1692087841,875032,950580
2.02307E+11,75072,1692087842,874079,949151
2.02307E+11,74815,1692087843,874005,948820
2.02307E+11,75302,1692087844,872752,948054
2.02307E+11,76020,1692087845,873434,949454
2.02307E+11,75728,1692087846,873472,949200
2.02307E+11,75551,1692087847,874744,950295
2.02307E+11,74737,1692087848,875070,949807
2.02307E+11,75451,1692087849,876228,951679
2.02307E+11,75156,1692087850,876295,951451
2.02307E+11,75181,1692087851,876593,951774
2.02307E+11,75585,1692087852,875480,951065
2.02307E+11,75214,1692087853,875985,951199
2.02307E+11,75442,1692087854,876223,951665
2.02307E+11,75674,1692087855,875667,951341
2.02307E+11,74722,1692087856,876188,950910
2.02307E+11,74489,1692087857,875741,950230
2.02307E+11,75387,1692087858,876174,951561
2.02307E+11,75215,1692087859,876009,951224
2.02307E+11,74811,1692087860,876143,950954
2.02307E+11,74790,1692087861,876029,950819
2.02307E+11,75118,1692087862,876264,951382
2.02307E+11,75444,1692087863,876251,951695
2.02307E+11,75052,1692087864,876336,951388
2.02307E+11,74926,1692087865,876720,951646
2.02307E+11,75069,1692087866,878093,953162
2.02307E+11,75444,1692087867,878578,954022
2.02307E+11,75366,1692087868,877873,953239
2.02307E+11,75277,1692087869,877641,952918
2.02307E+11,74674,1692087870,876538,951212
2.02307E+11,75003,1692087871,876918,951921
2.02307E+11,75299,1692087872,875306,950605
2.02307E+11,75098,1692087873,875573,950671
2.02307E+11,75329,1692087874,876605,951934
2.02307E+11,75273,1692087875,876577,951850
2.02307E+11,75618,1692087876,877710,953328
2.02307E+11,75465,1692087877,877026,952491
2.02307E+11,74713,1692087878,878645,953358
2.02307E+11,75070,1692087879,878884,953954
2.02307E+11,75573,1692087880,878954,954527
2.02307E+11,75567,1692087881,879160,954727
2.02307E+11,75395,1692087882,877909,953304
2.02307E+11,74856,1692087883,878819,953675
2.02307E+11,75853,1692087884,878776,954629
2.02307E+11,75596,1692087885,877856,953452
2.02307E+11,76018,1692087886,876254,952272
2.02307E+11,75689,1692087887,877363,953052
2.02307E+11,74846,1692087888,877925,952771
2.02307E+11,75003,1692087889,877743,952746
2.02307E+11,75762,1692087890,877792,953554
2.02307E+11,75538,1692087891,878422,953960
2.02307E+11,75381,1692087892,877956,953337
2.02307E+11,75158,1692087893,878079,953237
2.02307E+11,75040,1692087894,877624,952664
2.02307E+11,75506,1692087895,878110,953616
2.02307E+11,74551,1692087896,879140,953691
2.02307E+11,75111,1692087897,879193,954304
2.02307E+11,74593,1692087898,879157,953750
2.02307E+11,75229,1692087899,877652,952881
2.02307E+11,75407,1692087900,878009,953416
2.02307E+11,74916,1692087901,877805,952721
2.02307E+11,74919,1692087901,877813,952732
2.02307E+11,75486,1692087903,875625,951111
2.02307E+11,75985,1692087904,877270,953255
2.02307E+11,74887,1692087905,877701,952588
2.02307E+11,75112,1692087906,876746,951858
2.02307E+11,75161,1692087907,877484,952645
2.02307E+11,75479,1692087908,878281,953760
2.02307E+11,76190,1692087909,879395,955585
2.02307E+11,75285,1692087910,878876,954161
2.02307E+11,74656,1692087911,877660,952316
2.02307E+11,75617,1692087912,879176,954793
2.02307E+11,75992,1692087913,878445,954437
2.02307E+11,75730,1692087914,878041,953771
2.02307E+11,74901,1692087915,877838,952739
2.02307E+11,75419,1692087916,877624,953043
2.02307E+11,76231,1692087917,878242,954473
2.02307E+11,75745,1692087918,877524,953269
2.02307E+11,75587,1692087919,878205,953792
2.02307E+11,75794,1692087920,878858,954652
2.02307E+11,75458,1692087921,878373,953831
2.02307E+11,75568,1692087922,878580,954148
2.02307E+11,75995,1692087923,877096,953091
2.02307E+11,76180,1692087924,878961,955141
2.02307E+11,75617,1692087925,879673,955290
2.02307E+11,75566,1692087926,879728,955294
2.02307E+11,75490,1692087927,880248,955738
2.02307E+11,75289,1692087928,878457,953746
2.02307E+11,75776,1692087929,878514,954290
2.02307E+11,74805,1692087930,878298,953103
2.02307E+11,75576,1692087931,877824,953400
2.02307E+11,76081,1692087932,875986,952067
2.02307E+11,75677,1692087933,878293,953970
2.02307E+11,75379,1692087934,877349,952728
2.02307E+11,76030,1692087935,879523,955553
2.02307E+11,75414,1692087936,879266,954680
2.02307E+11,75418,1692087937,879509,954927
2.02307E+11,75391,1692087938,879892,955283
2.02307E+11,74699,1692087939,880219,954918
2.02307E+11,75278,1692087940,880261,955539
2.02307E+11,75422,1692087941,878913,954335
2.02307E+11,75950,1692087942,879523,955473
2.02307E+11,75752,1692087943,880274,956026
2.02307E+11,76202,1692087944,878810,955012
2.02307E+11,76596,1692087945,878613,955209
2.02307E+11,76818,1692087946,878428,955246
2.02307E+11,75866,1692087947,877773,953639
2.02307E+11,76017,1692087948,878613,954630
2.02307E+11,74940,1692087949,878325,953265
2.02307E+11,76695,1692087950,878532,955227
2.02307E+11,75569,1692087951,878394,953963
2.02307E+11,74944,1692087952,878780,953724
2.02307E+11,75405,1692087953,878897,954302
2.02307E+11,75194,1692087954,878792,953986
2.02307E+11,75746,1692087955,878916,954662
2.02307E+11,75450,1692087956,878879,954329
2.02307E+11,75612,1692087957,878569,954181
2.02307E+11,75292,1692087958,879576,954868
2.02307E+11,74684,1692087959,878911,953595
2.02307E+11,75815,1692087960,878906,954721
2.02307E+11,75109,1692087961,879141,954250
2.02307E+11,74538,1692087962,878155,952693
2.02307E+11,74506,1692087963,877932,952438
2.02307E+11,75745,1692087964,879014,954759
2.02307E+11,75989,1692087965,879274,955263
2.02307E+11,75299,1692087966,878996,954295
2.02307E+11,75175,1692087967,879303,954478
2.02307E+11,75622,1692087968,877417,953039
2.02307E+11,75358,1692087969,878172,953530
2.02307E+11,74727,1692087970,878892,953619
2.02307E+11,74303,1692087971,879709,954012
2.02307E+11,74889,1692087972,879773,954662
2.02307E+11,75558,1692087973,879255,954813
2.02307E+11,75446,1692087974,878438,953884
2.02307E+11,74711,1692087975,878151,952862
2.02307E+11,74807,1692087976,878203,953010
2.02307E+11,76209,1692087977,879358,955567
2.02307E+11,76096,1692087978,879521,955617
2.02307E+11,75345,1692087979,878417,953762
2.02307E+11,75846,1692087980,878897,954743
2.02307E+11,75936,1692087981,878410,954346
2.02307E+11,76549,1692087982,878214,954763
2.02307E+11,75307,1692087983,878853,954160
2.02307E+11,75444,1692087984,878474,953918
2.02307E+11,75749,1692087985,878249,953998
2.02307E+11,75927,1692087986,878716,954643
2.02307E+11,76266,1692087987,880046,956312
2.02307E+11,75552,1692087988,879869,955421
2.02307E+11,75504,1692087989,878978,954482
2.02307E+11,76194,1692087990,880012,956206
2.02307E+11,76729,1692087991,879595,956324
2.02307E+11,76524,1692087992,879698,956222
2.02307E+11,77040,1692087993,879523,956563
2.02307E+11,75795,1692087994,880351,956146
2.02307E+11,76073,1692087995,880074,956147
2.02307E+11,75980,1692087996,880274,956254
2.02307E+11,75825,1692087997,879735,955560
2.02307E+11,75266,1692087998,880421,955687
2.02307E+11,75198,1692087999,878521,953719
2.02307E+11,75122,1692088000,876246,951368
2.02307E+11,75863,1692088001,876559,952422
2.02307E+11,75510,1692088002,876643,952153
2.02307E+11,75583,1692088003,877711,953294
2.02307E+11,75281,1692088004,877981,953262
2.02307E+11,75383,1692088005,877681,953064
2.02307E+11,75278,1692088006,878098,953376
2.02307E+11,75300,1692088007,878750,954050
2.02307E+11,75126,1692088008,879375,954501
2.02307E+11,75865,1692088009,879084,954949
2.02307E+11,75888,1692088010,878239,954127
2.02307E+11,75462,1692088011,877215,952677
2.02307E+11,75981,1692088012,876520,952501
2.02307E+11,75340,1692088013,879057,954397
2.02307E+11,75898,1692088014,879940,955838
2.02307E+11,75830,1692088015,879100,954930
2.02307E+11,75516,1692088016,880472,955988
2.02307E+11,75741,1692088017,880826,956567
2.02307E+11,75283,1692088018,879911,955194
2.02307E+11,76417,1692088019,880052,956469
2.02307E+11,75545,1692088020,880129,955674
2.02307E+11,75133,1692088021,880480,955613
2.02307E+11,75096,1692088022,881143,956239
2.02307E+11,75638,1692088023,880955,956593
2.02307E+11,75166,1692088024,880599,955765
2.02307E+11,75403,1692088025,879899,955302
2.02307E+11,75318,1692088026,880564,955882
2.02307E+11,75087,1692088027,879634,954721
2.02307E+11,75732,1692088028,879287,955019
2.02307E+11,75479,1692088029,877918,953397
2.02307E+11,76117,1692088030,878363,954480
2.02307E+11,75516,1692088031,879257,954773
2.02307E+11,75609,1692088032,879448,955057
2.02307E+11,76250,1692088033,879672,955922
2.02307E+11,76184,1692088034,879606,955790
2.02307E+11,76382,1692088035,879968,956350
2.02307E+11,76295,1692088036,880249,956544
2.02307E+11,76786,1692088037,881016,957802
2.02307E+11,76332,1692088038,881678,958010
2.02307E+11,75814,1692088039,880874,956688
2.02307E+11,75567,1692088040,880461,956028
2.02307E+11,75126,1692088041,880430,955556
2.02307E+11,75199,1692088042,879839,955038
2.02307E+11,75999,1692088043,880008,956007
2.02307E+11,75809,1692088044,880222,956031
2.02307E+11,76293,1692088045,880121,956414
2.02307E+11,75555,1692088046,879054,954609
2.02307E+11,75545,1692088047,879252,954797
2.02307E+11,75146,1692088048,878930,954076
2.02307E+11,75384,1692088049,879157,954541
2.02307E+11,75202,1692088050,879315,954517
2.02307E+11,74624,1692088051,879938,954562
2.02307E+11,75655,1692088051,879599,955254
2.02307E+11,75326,1692088053,880002,955328
2.02307E+11,75216,1692088054,879999,955215
2.02307E+11,75490,1692088055,879837,955327
2.02307E+11,75721,1692088056,880133,955854
2.02307E+11,75210,1692088057,880880,956090
2.02307E+11,75211,1692088058,880677,955888
2.02307E+11,75129,1692088059,879710,954839
2.02307E+11,75499,1692088060,880860,956359
2.02307E+11,75235,1692088061,880421,955656
2.02307E+11,75440,1692088062,881037,956477
2.02307E+11,75047,1692088063,880329,955376
2.02307E+11,74777,1692088064,881106,955883
2.02307E+11,75311,1692088065,880419,955730
2.02307E+11,75865,1692088066,880257,956122
2.02307E+11,75234,1692088067,880119,955353
2.02307E+11,74899,1692088068,879676,954575
2.02307E+11,75241,1692088069,879447,954688
2.02307E+11,75587,1692088070,879903,955490
2.02307E+11,75462,1692088071,880630,956092
2.02307E+11,74655,1692088072,879520,954175
2.02307E+11,74345,1692088073,880430,954775
2.02307E+11,75320,1692088074,880621,955941
2.02307E+11,75720,1692088075,879902,955622
2.02307E+11,74984,1692088076,879949,954933
2.02307E+11,75005,1692088077,879343,954348
2.02307E+11,75279,1692088078,880325,955604
2.02307E+11,76255,1692088079,879622,955877
2.02307E+11,76163,1692088080,880865,957028
2.02307E+11,75835,1692088081,881039,956874
2.02307E+11,76171,1692088082,880773,956944
2.02307E+11,76588,1692088083,880011,956599
2.02307E+11,76255,1692088084,879434,955689
2.02307E+11,76489,1692088085,880269,956758
2.02307E+11,76116,1692088086,879961,956077
2.02307E+11,75661,1692088087,879589,955250
2.02307E+11,75905,1692088088,879479,955384
2.02307E+11,76626,1692088089,879868,956494
2.02307E+11,76088,1692088090,878843,954931
2.02307E+11,75544,1692088091,879595,955139
2.02307E+11,75744,1692088092,880446,956190
2.02307E+11,75094,1692088093,879431,954525
2.02307E+11,75859,1692088094,878148,954007
2.02307E+11,75790,1692088095,878865,954655
2.02307E+11,75337,1692088096,879086,954423
2.02307E+11,75056,1692088097,879368,954424
2.02307E+11,75200,1692088098,880229,955429
2.02307E+11,75641,1692088099,880615,956256
2.02307E+11,75714,1692088100,879114,954828
2.02307E+11,75144,1692088101,879784,954928
2.02307E+11,74895,1692088102,879638,954533
2.02307E+11,74978,1692088103,879974,954952
2.02307E+11,74360,1692088104,880348,954708
2.02307E+11,74872,1692088105,878545,953417
2.02307E+11,74887,1692088106,877914,952801
2.02307E+11,75312,1692088107,879123,954435
2.02307E+11,75129,1692088108,879784,954913
2.02307E+11,75174,1692088109,879743,954917
2.02307E+11,74865,1692088110,880190,955055
2.02307E+11,74666,1692088111,880457,955123
2.02307E+11,75021,1692088112,879982,955003
2.02307E+11,75949,1692088113,880867,956816
2.02307E+11,75265,1692088114,881299,956564
2.02307E+11,75485,1692088115,879691,955176
2.02307E+11,75743,1692088116,879958,955701
2.02307E+11,75000,1692088117,880459,955459
2.02307E+11,74913,1692088119,880307,955220
2.02307E+11,76218,1692088120,879335,955553
2.02307E+11,75601,1692088121,879756,955357
2.02307E+11,75534,1692088122,880009,955543
2.02307E+11,75384,1692088123,879130,954514
2.02307E+11,74951,1692088124,880175,955126
2.02307E+11,75378,1692088125,879788,955166
2.02307E+11,75637,1692088126,878398,954035
2.02307E+11,75337,1692088127,880085,955422
2.02307E+11,74889,1692088128,880019,954908
2.02307E+11,75845,1692088129,880147,955992
2.02307E+11,76099,1692088130,880556,956655
2.02307E+11,75751,1692088131,879891,955642
2.02307E+11,75923,1692088132,879640,955563
2.02307E+11,75903,1692088133,882183,958086
2.02307E+11,76048,1692088134,880934,956982
2.02307E+11,76289,1692088135,881139,957428
2.02307E+11,75782,1692088136,880539,956321
2.02307E+11,75653,1692088137,878389,954042
2.02307E+11,75456,1692088139,879566,955022
2.02307E+11,75789,1692088140,879741,955530
2.02307E+11,75372,1692088141,880919,956291
2.02307E+11,75560,1692088142,880271,955831
2.02307E+11,74656,1692088143,881534,956190
2.02307E+11,75339,1692088144,881376,956715
2.02307E+11,74986,1692088145,541073,616059
2.02307E+11,75081,1692088146,541173,616254
2.02307E+11,75175,1692088147,540839,616014
2.02307E+11,75278,1692088148,541163,616441
2.02307E+11,75439,1692088149,540586,616025
2.02307E+11,75925,1692088150,540262,616187
2.02307E+11,75373,1692088151,539365,614738
2.02307E+11,75775,1692088152,540075,615850
2.02307E+11,75552,1692088153,540110,615662
2.02307E+11,75649,1692088154,539924,615573
2.02307E+11,75067,1692088155,539562,614629
2.02307E+11,75112,1692088156,541050,616162
2.02307E+11,75498,1692088157,540754,616252
2.02307E+11,75487,1692088159,540967,616454
2.02307E+11,75094,1692088160,540859,615953
2.02307E+11,74963,1692088161,541049,616012
2.02307E+11,75862,1692088162,541591,617453
2.02307E+11,76373,1692088163,540873,617246
2.02307E+11,75539,1692088164,540951,616490
2.02307E+11,75311,1692088165,540914,616225
2.02307E+11,75287,1692088166,541184,616471
2.02307E+11,75987,1692088167,540902,616889
2.02307E+11,76003,1692088168,540937,616940
2.02307E+11,75236,1692088169,541180,616416
2.02307E+11,75257,1692088170,541045,616302
2.02307E+11,75249,1692088171,540942,616191
2.02307E+11,75581,1692088172,540516,616097
2.02307E+11,75347,1692088173,540986,616333
2.02307E+11,74894,1692088174,540588,615482
2.02307E+11,75302,1692088175,540531,615833
2.02307E+11,75422,1692088176,540128,615550
2.02307E+11,75160,1692088177,540067,615227
2.02307E+11,75498,1692088178,540245,615743
2.02307E+11,75034,1692088179,540303,615337
2.02307E+11,75557,1692088180,539733,615290
2.02307E+11,75890,1692088181,540728,616618
2.02307E+11,75539,1692088182,540587,616126
2.02307E+11,75093,1692088183,541185,616278
2.02307E+11,74930,1692088184,540885,615815
2.02307E+11,75513,1692088185,540212,615725
2.02307E+11,75235,1692088186,539936,615171
2.02307E+11,75327,1692088187,540214,615541
2.02307E+11,75169,1692088188,539445,614614
2.02307E+11,75916,1692088189,540673,616589
2.02307E+11,76062,1692088190,540667,616729
2.02307E+11,75527,1692088191,540645,616172
2.02307E+11,74906,1692088192,540091,614997
2.02307E+11,75105,1692088193,540362,615467
2.02307E+11,75282,1692088194,540704,615986
2.02307E+11,75367,1692088195,540034,615401
2.02307E+11,74804,1692088196,541230,616034
2.02307E+11,74714,1692088197,540480,615194
2.02307E+11,75810,1692088198,540650,616460
2.02307E+11,75425,1692088199,540825,616250
2.02307E+11,75524,1692088200,540892,616416
2.02307E+11,74737,1692088201,539552,614289
2.02307E+11,75392,1692088202,540455,615847
2.02307E+11,75970,1692088202,538725,614695
2.02307E+11,75961,1692088204,540108,616069
2.02307E+11,76124,1692088205,539734,615858
2.02307E+11,75699,1692088206,539768,615467
2.02307E+11,75998,1692088207,540022,616020
2.02307E+11,76469,1692088208,539954,616423
2.02307E+11,75932,1692088209,540563,616495
2.02307E+11,75994,1692088210,540414,616408
2.02307E+11,75208,1692088211,540033,615241
2.02307E+11,75845,1692088212,540235,616080
2.02307E+11,75795,1692088213,540292,616087
2.02307E+11,75543,1692088214,539744,615287
2.02307E+11,75177,1692088215,539499,614676
2.02307E+11,75525,1692088216,538184,613709
2.02307E+11,75328,1692088217,538154,613482
2.02307E+11,75950,1692088218,539806,615756
2.02307E+11,76373,1692088219,539101,615474
2.02307E+11,75939,1692088220,539787,615726
2.02307E+11,75216,1692088221,540304,615520
2.02307E+11,75351,1692088222,539662,615013
2.02307E+11,75780,1692088223,539733,615513
2.02307E+11,75908,1692088224,540454,616362
2.02307E+11,75252,1692088225,540070,615322
2.02307E+11,75300,1692088226,540652,615952
2.02307E+11,75268,1692088227,540245,615513
2.02307E+11,74998,1692088228,539986,614984
2.02307E+11,75358,1692088229,539813,615171
2.02307E+11,74506,1692088230,539327,613833
2.02307E+11,74885,1692088231,539713,614598
2.02307E+11,75279,1692088232,539621,614900
2.02307E+11,75195,1692088233,539285,614480
2.02307E+11,74869,1692088234,539640,614509
2.02307E+11,74725,1692088235,539370,614095
2.02307E+11,75248,1692088236,540337,615585
2.02307E+11,75545,1692088237,539813,615358
2.02307E+11,75216,1692088238,540205,615421
2.02307E+11,75022,1692088239,539957,614979
2.02307E+11,74412,1692088240,539849,614261
2.02307E+11,75159,1692088241,539516,614675
2.02307E+11,74851,1692088242,539340,614191
2.02307E+11,75168,1692088243,538915,614083
2.02307E+11,74797,1692088244,539114,613911
2.02307E+11,75348,1692088245,538095,613443
2.02307E+11,75254,1692088246,538583,613837
2.02307E+11,75690,1692088247,539754,615444
2.02307E+11,75053,1692088248,539038,614091
2.02307E+11,74854,1692088249,539635,614489
2.02307E+11,75553,1692088250,540149,615702
2.02307E+11,75809,1692088251,540796,616605
2.02307E+11,75361,1692088252,539925,615286
2.02307E+11,74960,1692088253,539967,614927
2.02307E+11,75648,1692088254,540080,615728
2.02307E+11,75855,1692088255,539839,615694
2.02307E+11,74396,1692088256,540121,614517
2.02307E+11,75256,1692088257,539230,614486
2.02307E+11,75600,1692088258,539275,614875
2.02307E+11,75600,1692088259,539606,615206
2.02307E+11,75167,1692088260,538975,614142
2.02307E+11,76006,1692088261,538590,614596
2.02307E+11,75311,1692088262,538852,614163
2.02307E+11,75861,1692088263,539487,615348
2.02307E+11,75393,1692088264,538670,614063
2.02307E+11,75393,1692088265,540144,615537
2.02307E+11,75211,1692088266,539683,614894
2.02307E+11,75596,1692088267,539537,615133
2.02307E+11,75246,1692088268,539699,614945
2.02307E+11,75267,1692088269,540812,616079
2.02307E+11,74817,1692088270,539785,614602
2.02307E+11,74921,1692088271,539286,614207
2.02307E+11,75312,1692088272,539401,614713
2.02307E+11,74979,1692088273,538943,613922
2.02307E+11,75669,1692088274,539648,615317
2.02307E+11,75365,1692088275,539413,614778
2.02307E+11,75673,1692088276,539893,615566
2.02307E+11,75276,1692088277,538750,614026
2.02307E+11,74913,1692088278,539174,614087
2.02307E+11,75483,1692088279,539267,614750
2.02307E+11,74866,1692088280,539830,614696
2.02307E+11,75390,1692088281,540758,616148
2.02307E+11,75081,1692088282,540383,615464
2.02307E+11,75384,1692088283,540238,615622
2.02307E+11,74548,1692088284,540371,614919
2.02307E+11,74750,1692088285,540114,614864
2.02307E+11,74662,1692088286,539639,614301
2.02307E+11,75426,1692088287,539693,615119
2.02307E+11,74786,1692088288,538987,613773
2.02307E+11,74809,1692088289,538512,613321
2.02307E+11,74908,1692088290,538132,613040
2.02307E+11,74682,1692088291,538184,612866
2.02307E+11,75324,1692088292,539106,614430
2.02307E+11,74621,1692088293,539789,614410
2.02307E+11,75051,1692088294,539264,614315
2.02307E+11,75068,1692088295,539216,614284
2.02307E+11,75209,1692088296,539345,614554
2.02307E+11,74353,1692088297,540373,614726
2.02307E+11,74998,1692088298,540039,615037
2.02307E+11,75099,1692088299,540175,615274
2.02307E+11,75003,1692088300,540062,615065
2.02307E+11,74355,1692088301,539037,613392
2.02307E+11,75052,1692088302,539034,614086
2.02307E+11,75294,1692088303,538938,614232
2.02307E+11,75368,1692088304,538772,614140
2.02307E+11,75616,1692088305,538627,614243
2.02307E+11,75312,1692088306,538269,613581
2.02307E+11,75942,1692088307,538516,614458
2.02307E+11,75899,1692088308,539262,615161
2.02307E+11,76187,1692088309,538909,615096
2.02307E+11,75690,1692088310,539600,615290
2.02307E+11,75903,1692088311,539895,615798
2.02307E+11,76006,1692088312,540000,616006
2.02307E+11,76586,1692088313,539642,616228
2.02307E+11,76189,1692088314,540498,616687
2.02307E+11,76150,1692088315,540099,616249
2.02307E+11,75255,1692088316,539367,614622
2.02307E+11,75681,1692088317,539350,615031
2.02307E+11,76075,1692088318,539404,615479
2.02307E+11,75588,1692088319,539062,614650
2.02307E+11,75318,1692088320,538759,614077
2.02307E+11,75170,1692088321,539956,615126
2.02307E+11,74848,1692088322,539612,614460
2.02307E+11,74977,1692088323,540063,615040
2.02307E+11,75820,1692088324,539351,615171
2.02307E+11,75011,1692088325,539354,614365
2.02307E+11,75315,1692088326,540153,615468
2.02307E+11,75789,1692088327,539943,615732
2.02307E+11,75191,1692088328,540947,616138
2.02307E+11,75262,1692088329,539162,614424
2.02307E+11,74622,1692088330,539279,613901
2.02307E+11,74870,1692088331,539540,614410
2.02307E+11,75455,1692088332,538872,614327
2.02307E+11,74772,1692088333,539215,613987
2.02307E+11,75007,1692088334,538761,613768
2.02307E+11,75015,1692088335,538533,613548
2.02307E+11,75419,1692088336,539376,614795
2.02307E+11,75823,1692088337,539332,615155
2.02307E+11,75394,1692088338,540111,615505
2.02307E+11,75540,1692088339,539722,615262
2.02307E+11,75545,1692088340,540332,615877
2.02307E+11,75095,1692088341,538908,614003
2.02307E+11,75519,1692088342,539901,615420
2.02307E+11,74935,1692088343,540550,615485
2.02307E+11,75293,1692088344,540680,615973
2.02307E+11,75406,1692088345,540613,616019
2.02307E+11,75783,1692088346,539629,615412
2.02307E+11,75291,1692088347,540390,615681
2.02307E+11,75490,1692088348,539674,615164
2.02307E+11,75382,1692088349,539742,615124
2.02307E+11,75493,1692088350,539603,615096
2.02307E+11,76324,1692088351,539377,615701
2.02307E+11,75681,1692088352,539422,615103
2.02307E+11,75824,1692088352,538788,614612
2.02307E+11,75522,1692088354,538792,614314
2.02307E+11,75599,1692088355,539310,614909
2.02307E+11,75883,1692088356,539170,615053
2.02307E+11,75559,1692088357,539179,614738
2.02307E+11,75418,1692088358,539752,615170
2.02307E+11,75857,1692088359,538795,614652
2.02307E+11,75534,1692088360,538595,614129
2.02307E+11,74742,1692088361,539444,614186
2.02307E+11,74899,1692088362,539261,614160
2.02307E+11,74828,1692088363,539634,614462
2.02307E+11,75499,1692088364,539002,614501
2.02307E+11,75185,1692088365,539541,614726
2.02307E+11,74452,1692088366,538983,613435
2.02307E+11,74333,1692088367,538459,612792
2.02307E+11,75138,1692088368,539144,614282
2.02307E+11,75372,1692088369,539191,614563
2.02307E+11,74943,1692088370,538322,613265
2.02307E+11,75040,1692088371,538664,613704
2.02307E+11,75363,1692088372,538496,613859
2.02307E+11,74997,1692088373,538466,613463
2.02307E+11,75547,1692088374,538843,614390
2.02307E+11,74381,1692088375,539357,613738
2.02307E+11,74837,1692088376,539867,614704
2.02307E+11,75591,1692088377,539793,615384
2.02307E+11,75368,1692088378,539905,615273
2.02307E+11,75393,1692088379,539168,614561
2.02307E+11,75014,1692088380,539581,614595
2.02307E+11,75812,1692088381,539757,615569
2.02307E+11,75861,1692088382,539281,615142
2.02307E+11,76037,1692088383,539081,615118
2.02307E+11,75783,1692088384,539177,614960
2.02307E+11,75754,1692088385,539355,615109
2.02307E+11,75630,1692088386,539453,615083
2.02307E+11,76296,1692088387,539146,615442
2.02307E+11,76478,1692088388,538510,614988
2.02307E+11,75781,1692088389,539095,614876
2.02307E+11,75873,1692088390,538429,614302
2.02307E+11,76033,1692088391,539926,615959
2.02307E+11,75717,1692088392,539391,615108
2.02307E+11,75918,1692088393,538947,614865
2.02307E+11,75224,1692088394,538597,613821
2.02307E+11,75869,1692088395,538729,614598
2.02307E+11,76045,1692088396,539364,615409
2.02307E+11,75226,1692088397,539475,614701
2.02307E+11,75031,1692088398,540047,615078
2.02307E+11,75440,1692088399,539109,614549
2.02307E+11,75496,1692088400,539408,614904
2.02307E+11,75785,1692088401,539558,615343
2.02307E+11,75510,1692088402,539495,615005
2.02307E+11,74640,1692088403,540144,614784
2.02307E+11,75601,1692088404,538893,614494
2.02307E+11,75331,1692088405,539069,614400
2.02307E+11,75865,1692088406,539340,615205
2.02307E+11,75294,1692088407,538664,613958
2.02307E+11,75057,1692088408,538429,613486
2.02307E+11,74911,1692088409,539066,613977
2.02307E+11,75954,1692088410,539773,615727
2.02307E+11,75354,1692088411,540161,615515
2.02307E+11,75734,1692088412,539292,615026
2.02307E+11,75562,1692088413,540095,615657
2.02307E+11,75789,1692088414,539151,614940
2.02307E+11,75506,1692088415,539368,614874
2.02307E+11,75528,1692088416,539549,615077
2.02307E+11,75548,1692088417,539779,615327
2.02307E+11,75856,1692088418,0,75856
2.02307E+11,76408,1692088419,0,76408
2.02307E+11,75980,1692088420,0,75980
2.02307E+11,76522,1692088421,0,76522
2.02307E+11,76089,1692088422,0,76089
2.02307E+11,75940,1692088423,0,75940
2.02307E+11,76195,1692088424,0,76195
2.02307E+11,75954,1692088425,542094,618048
2.02307E+11,75525,1692088426,538211,613736
2.02307E+11,76106,1692088427,538596,614702
2.02307E+11,76075,1692088428,538409,614484
2.02307E+11,75881,1692088429,537895,613776
2.02307E+11,75824,1692088430,537586,613410
2.02307E+11,75336,1692088431,537894,613230
2.02307E+11,75352,1692088432,537961,613313
2.02307E+11,75954,1692088433,537527,613481
2.02307E+11,75877,1692088434,537263,613140
2.02307E+11,75572,1692088435,537408,612980
2.02307E+11,75600,1692088436,538320,613920
2.02307E+11,75360,1692088437,537050,612410
2.02307E+11,75677,1692088438,536210,611887
2.02307E+11,75853,1692088439,536640,612493
2.02307E+11,75119,1692088440,537368,612487
2.02307E+11,74710,1692088441,537965,612675
2.02307E+11,74884,1692088442,537037,611921
2.02307E+11,75584,1692088443,536828,612412
2.02307E+11,74799,1692088444,537829,612628
2.02307E+11,75332,1692088445,537965,613297
2.02307E+11,75797,1692088446,538403,614200
2.02307E+11,75377,1692088447,538574,613951
2.02307E+11,75144,1692088448,538310,613454
2.02307E+11,75007,1692088449,538034,613041
2.02307E+11,74536,1692088450,539176,613712
2.02307E+11,75403,1692088451,537664,613067
2.02307E+11,75385,1692088452,538338,613723
2.02307E+11,75602,1692088453,537001,612603
2.02307E+11,75238,1692088454,537485,612723
2.02307E+11,75103,1692088455,537503,612606
2.02307E+11,75307,1692088456,536731,612038
2.02307E+11,75958,1692088457,536865,612823
2.02307E+11,75669,1692088458,536785,612454
2.02307E+11,75301,1692088459,537274,612575
2.02307E+11,76165,1692088460,536416,612581
2.02307E+11,76110,1692088461,535883,611993
2.02307E+11,76049,1692088462,536030,612079
2.02307E+11,75665,1692088463,536490,612155
2.02307E+11,75124,1692088464,536883,612007
2.02307E+11,75471,1692088465,536891,612362
2.02307E+11,76302,1692088466,536340,612642
2.02307E+11,75896,1692088467,536200,612096
2.02307E+11,76440,1692088468,536259,612699
2.02307E+11,75511,1692088469,536591,612102
2.02307E+11,75109,1692088470,536705,611814
2.02307E+11,75987,1692088471,537295,613282
2.02307E+11,75211,1692088472,536997,612208
2.02307E+11,75564,1692088473,537194,612758
2.02307E+11,75388,1692088474,537029,612417
2.02307E+11,76262,1692088475,536948,613210
2.02307E+11,75657,1692088476,536114,611771
2.02307E+11,75311,1692088477,537021,612332
2.02307E+11,74860,1692088478,536106,610966
2.02307E+11,75203,1692088479,535766,610969
2.02307E+11,75671,1692088480,535696,611367
2.02307E+11,75894,1692088481,535450,611344
2.02307E+11,74996,1692088482,536110,611106
2.02307E+11,74944,1692088483,536403,611347
2.02307E+11,75211,1692088484,536287,611498
2.02307E+11,75623,1692088485,536907,612530
2.02307E+11,75581,1692088486,536801,612382
2.02307E+11,75424,1692088487,537507,612931
2.02307E+11,74909,1692088488,537210,612119
2.02307E+11,75342,1692088489,536427,611769
2.02307E+11,75637,1692088490,536674,612311
2.02307E+11,75459,1692088491,536516,611975
2.02307E+11,74963,1692088492,536316,611279
2.02307E+11,75051,1692088493,535953,611004
2.02307E+11,74839,1692088494,536462,611301
2.02307E+11,75249,1692088495,535936,611185
2.02307E+11,75049,1692088496,535714,610763
2.02307E+11,75398,1692088497,536005,611403
2.02307E+11,75852,1692088498,535807,611659
2.02307E+11,76354,1692088499,536331,612685
2.02307E+11,76337,1692088500,535842,612179
2.02307E+11,75448,1692088501,536527,611975
2.02307E+11,76018,1692088502,537395,613413
2.02307E+11,76874,1692088503,536813,613687
2.02307E+11,76236,1692088503,536638,612874
2.02307E+11,76301,1692088505,536293,612594
2.02307E+11,75556,1692088506,535399,610955
2.02307E+11,75430,1692088507,536434,611864
2.02307E+11,75143,1692088508,536432,611575
2.02307E+11,75413,1692088509,535673,611086
2.02307E+11,75472,1692088510,536158,611630
2.02307E+11,75091,1692088511,535051,610142
2.02307E+11,74506,1692088512,535938,610444
2.02307E+11,75060,1692088513,536040,611100
2.02307E+11,75061,1692088514,536011,611072
2.02307E+11,75531,1692088515,535561,611092
2.02307E+11,74634,1692088516,537081,611715
2.02307E+11,75024,1692088517,536782,611806
2.02307E+11,75339,1692088518,536207,611546
2.02307E+11,75908,1692088519,536558,612466
2.02307E+11,75116,1692088520,535306,610422
2.02307E+11,74633,1692088521,536020,610653
2.02307E+11,75856,1692088522,535672,611528
2.02307E+11,75267,1692088523,536707,611974
2.02307E+11,74937,1692088524,536867,611804
2.02307E+11,74905,1692088525,536350,611255
2.02307E+11,74882,1692088526,536645,611527
2.02307E+11,75277,1692088527,535664,610941
2.02307E+11,74286,1692088528,535818,610104
2.02307E+11,74745,1692088529,535086,609831
2.02307E+11,74894,1692088530,535009,609903
2.02307E+11,74941,1692088531,535728,610669
2.02307E+11,75432,1692088532,535243,610675
2.02307E+11,75802,1692088533,534585,610387
2.02307E+11,75010,1692088534,534258,609268
2.02307E+11,75289,1692088535,534888,610177
2.02307E+11,75529,1692088536,534881,610410
2.02307E+11,76057,1692088537,534939,610996
2.02307E+11,76208,1692088538,534498,610706
2.02307E+11,76210,1692088539,536590,612800
2.02307E+11,75434,1692088540,536329,611763
2.02307E+11,76046,1692088541,536785,612831
2.02307E+11,75948,1692088542,536967,612915
2.02307E+11,75456,1692088543,536418,611874
2.02307E+11,75206,1692088544,536472,611678
2.02307E+11,75423,1692088545,536258,611681
2.02307E+11,75397,1692088546,535827,611224
2.02307E+11,75089,1692088547,535941,611030
2.02307E+11,75338,1692088548,534659,609997
2.02307E+11,74785,1692088549,534935,609720
2.02307E+11,75865,1692088550,535841,611706
2.02307E+11,75629,1692088551,535307,610936
2.02307E+11,75664,1692088552,535906,611570
2.02307E+11,75327,1692088553,535709,611036
2.02307E+11,75556,1692088554,535720,611276
2.02307E+11,75549,1692088555,535853,611402
2.02307E+11,74845,1692088556,536363,611208
2.02307E+11,74898,1692088557,536222,611120
2.02307E+11,74801,1692088558,536961,611762
2.02307E+11,74876,1692088559,536935,611811
2.02307E+11,75126,1692088560,536674,611800
2.02307E+11,75617,1692088561,536313,611930
2.02307E+11,75105,1692088562,537069,612174
2.02307E+11,75012,1692088563,536295,611307
2.02307E+11,75571,1692088564,537590,613161
2.02307E+11,75378,1692088565,536974,612352
2.02307E+11,74589,1692088566,536576,611165
2.02307E+11,74774,1692088567,537149,611923
2.02307E+11,75569,1692088568,537609,613178
2.02307E+11,74697,1692088569,537696,612393
2.02307E+11,74818,1692088570,536658,611476
2.02307E+11,75301,1692088571,536796,612097
2.02307E+11,75002,1692088572,535139,610141
2.02307E+11,75323,1692088573,535242,610565
2.02307E+11,75494,1692088574,534069,609563
2.02307E+11,74966,1692088575,533779,608745
2.02307E+11,75552,1692088576,533748,609300
2.02307E+11,76055,1692088577,534396,610451
2.02307E+11,76403,1692088578,534387,610790
2.02307E+11,75910,1692088579,535144,611054
2.02307E+11,74827,1692088580,534758,609585
2.02307E+11,75598,1692088581,534529,610127
2.02307E+11,75989,1692088582,534584,610573
2.02307E+11,75667,1692088583,535061,610728
2.02307E+11,75304,1692088584,536133,611437
2.02307E+11,75496,1692088585,535885,611381
2.02307E+11,75922,1692088586,536166,612088
2.02307E+11,75373,1692088587,536182,611555
2.02307E+11,75270,1692088588,535818,611088
2.02307E+11,75331,1692088589,534762,610093
2.02307E+11,74442,1692088590,535143,609585
2.02307E+11,74676,1692088591,535819,610495
2.02307E+11,75221,1692088592,535947,611168
2.02307E+11,74678,1692088593,534962,609640
2.02307E+11,74493,1692088594,535286,609779
2.02307E+11,74460,1692088595,535684,610144
2.02307E+11,75259,1692088596,536029,611288
2.02307E+11,75375,1692088597,536188,611563
2.02307E+11,74811,1692088598,535398,610209
2.02307E+11,74831,1692088599,536172,611003
2.02307E+11,74690,1692088600,535297,609987
2.02307E+11,74391,1692088601,535946,610337
2.02307E+11,74591,1692088602,535953,610544
2.02307E+11,74584,1692088603,535778,610362
2.02307E+11,74493,1692088604,535944,610437
2.02307E+11,75487,1692088605,535849,611336
2.02307E+11,75946,1692088606,535502,611448
2.02307E+11,75674,1692088607,536015,611689
2.02307E+11,74423,1692088608,536506,610929
2.02307E+11,75041,1692088609,536175,611216
2.02307E+11,75283,1692088610,534928,610211
2.02307E+11,75183,1692088611,535912,611095
2.02307E+11,75500,1692088612,535709,611209
2.02307E+11,75233,1692088613,535194,610427
2.02307E+11,76200,1692088614,535631,611831
2.02307E+11,75419,1692088615,535127,610546
2.02307E+11,74962,1692088616,535486,610448
2.02307E+11,75285,1692088617,535261,610546
2.02307E+11,75520,1692088618,535235,610755
2.02307E+11,76092,1692088619,534866,610958
2.02307E+11,75301,1692088620,533895,609196
2.02307E+11,74911,1692088621,534632,609543
2.02307E+11,74564,1692088622,535027,609591
2.02307E+11,74843,1692088623,534649,609492
2.02307E+11,75153,1692088624,534605,609758
2.02307E+11,75395,1692088625,534753,610148
2.02307E+11,74356,1692088626,534862,609218
2.02307E+11,75659,1692088627,533993,609652
2.02307E+11,74995,1692088628,1577086,1652081
2.02307E+11,75301,1692088629,1579843,1655144
2.02307E+11,74597,1692088630,1578686,1653283
2.02307E+11,75129,1692088631,534163,609292
2.02307E+11,75399,1692088632,872492,947891
2.02307E+11,74978,1692088633,873156,948134
2.02307E+11,75346,1692088634,872631,947977
2.02307E+11,74992,1692088635,872453,947445
2.02307E+11,74507,1692088636,873218,947725
2.02307E+11,75388,1692088637,873560,948948
2.02307E+11,75907,1692088638,872931,948838
2.02307E+11,75519,1692088639,872926,948445
2.02307E+11,75683,1692088640,873185,948868
2.02307E+11,75706,1692088641,873744,949450
2.02307E+11,76080,1692088642,873661,949741
2.02307E+11,75679,1692088643,873463,949142
2.02307E+11,75342,1692088644,873289,948631
2.02307E+11,75323,1692088645,872996,948319
2.02307E+11,75669,1692088646,872813,948482
2.02307E+11,75579,1692088647,873277,948856
2.02307E+11,74982,1692088648,873700,948682
2.02307E+11,74811,1692088649,873656,948467
2.02307E+11,75181,1692088650,873806,948987
2.02307E+11,75233,1692088651,873573,948806
2.02307E+11,74951,1692088652,872645,947596
2.02307E+11,74683,1692088653,872429,947112
2.02307E+11,74735,1692088653,873224,947959
2.02307E+11,75694,1692088655,873010,948704
2.02307E+11,74879,1692088656,872209,947088
2.02307E+11,74493,1692088657,873041,947534
2.02307E+11,74408,1692088658,873321,947729
2.02307E+11,75343,1692088659,872802,948145
2.02307E+11,74840,1692088660,873413,948253
2.02307E+11,74562,1692088661,874054,948616
2.02307E+11,74399,1692088662,873234,947633
2.02307E+11,74988,1692088663,872927,947915
2.02307E+11,75651,1692088664,871955,947606
2.02307E+11,75603,1692088665,871483,947086
2.02307E+11,74659,1692088666,870337,944996
2.02307E+11,75191,1692088667,870439,945630
2.02307E+11,74996,1692088668,872129,947125
2.02307E+11,75035,1692088670,872339,947374
2.02307E+11,74408,1692088671,872958,947366
2.02307E+11,75078,1692088672,873480,948558
2.02307E+11,75441,1692088673,874090,949531
2.02307E+11,75636,1692088674,876431,952067
2.02307E+11,74944,1692088675,876504,951448
2.02307E+11,75022,1692088676,875560,950582
2.02307E+11,74882,1692088677,874791,949673
2.02307E+11,75181,1692088678,874872,950053
2.02307E+11,75172,1692088679,875717,950889
2.02307E+11,74945,1692088680,874556,949501
2.02307E+11,75463,1692088681,874694,950157
2.02307E+11,75720,1692088682,875062,950782
2.02307E+11,76132,1692088683,875050,951182
2.02307E+11,75456,1692088684,875240,950696
2.02307E+11,75690,1692088685,874903,950593
2.02307E+11,75674,1692088686,875946,951620
2.02307E+11,75579,1692088687,875447,951026
2.02307E+11,75813,1692088688,875533,951346
2.02307E+11,75503,1692088689,874991,950494
2.02307E+11,75277,1692088690,876099,951376
2.02307E+11,75992,1692088691,876203,952195
2.02307E+11,76237,1692088692,876790,953027
2.02307E+11,75649,1692088693,876611,952260
2.02307E+11,75593,1692088694,876804,952397
2.02307E+11,75653,1692088695,876785,952438
2.02307E+11,76019,1692088696,875613,951632
2.02307E+11,76249,1692088697,872768,949017
2.02307E+11,76195,1692088698,874289,950484
2.02307E+11,75839,1692088699,875534,951373
2.02307E+11,75333,1692088700,874782,950115
2.02307E+11,76003,1692088701,875049,951052
2.02307E+11,75397,1692088702,874862,950259
2.02307E+11,75376,1692088703,873571,948947
2.02307E+11,75154,1692088704,873786,948940
2.02307E+11,75613,1692088705,873542,949155
2.02307E+11,75564,1692088706,874318,949882
2.02307E+11,75973,1692088707,875027,951000
2.02307E+11,74310,1692088708,874413,948723
2.02307E+11,75359,1692088709,874289,949648
2.02307E+11,75822,1692088710,875023,950845
2.02307E+11,75776,1692088711,876253,952029
2.02307E+11,75284,1692088712,876642,951926
2.02307E+11,75218,1692088713,875938,951156
2.02307E+11,74651,1692088714,875790,950441
2.02307E+11,76091,1692088715,876742,952833
2.02307E+11,75693,1692088716,876160,951853
2.02307E+11,75663,1692088717,876715,952378
2.02307E+11,75400,1692088719,875915,951315
2.02307E+11,75531,1692088718,876623,952154
2.02307E+11,76015,1692088720,876473,952488
2.02307E+11,75446,1692088721,876172,951618
2.02307E+11,75033,1692088722,875458,950491
2.02307E+11,75067,1692088723,875907,950974
2.02307E+11,75843,1692088724,876305,952148
2.02307E+11,76904,1692088725,875534,952438
2.02307E+11,76018,1692088726,876221,952239
2.02307E+11,75974,1692088727,876435,952409
2.02307E+11,75413,1692088728,874548,949961
2.02307E+11,76229,1692088729,875119,951348
2.02307E+11,76205,1692088730,874791,950996
2.02307E+11,76517,1692088731,875343,951860
2.02307E+11,75594,1692088732,875560,951154
2.02307E+11,75724,1692088733,875504,951228
2.02307E+11,76276,1692088734,876634,952910
2.02307E+11,75822,1692088735,875182,951004
2.02307E+11,75533,1692088736,875048,950581
2.02307E+11,74943,1692088737,875853,950796
2.02307E+11,75573,1692088738,874740,950313
2.02307E+11,75858,1692088739,875169,951027
2.02307E+11,75859,1692088740,875162,951021
2.02307E+11,74821,1692088741,874769,949590
2.02307E+11,75048,1692088742,875546,950594
2.02307E+11,75455,1692088743,875720,951175
2.02307E+11,75066,1692088744,873943,949009
2.02307E+11,75655,1692088745,873943,949598
2.02307E+11,75070,1692088746,874115,949185
2.02307E+11,75249,1692088747,873638,948887
2.02307E+11,75412,1692088748,873309,948721
2.02307E+11,74873,1692088749,873727,948600
2.02307E+11,75379,1692088750,873870,949249
2.02307E+11,74770,1692088751,873726,948496
2.02307E+11,75611,1692088752,873713,949324
2.02307E+11,75422,1692088753,874340,949762
2.02307E+11,75199,1692088754,873953,949152
2.02307E+11,74600,1692088755,873781,948381
2.02307E+11,75398,1692088756,872638,948036
2.02307E+11,75230,1692088757,873956,949186
2.02307E+11,75893,1692088758,872824,948717
2.02307E+11,75795,1692088759,873590,949385
2.02307E+11,75245,1692088760,873437,948682
2.02307E+11,75112,1692088761,874292,949404
2.02307E+11,75156,1692088762,874269,949425
2.02307E+11,74835,1692088763,874959,949794
2.02307E+11,74939,1692088764,874339,949278
2.02307E+11,75754,1692088765,874355,950109
2.02307E+11,75899,1692088766,875446,951345
2.02307E+11,75740,1692088767,876152,951892
2.02307E+11,75572,1692088768,875970,951542
2.02307E+11,75496,1692088769,875990,951486
2.02307E+11,75922,1692088770,875875,951797
2.02307E+11,76150,1692088771,875586,951736
2.02307E+11,75697,1692088772,874298,949995
2.02307E+11,75730,1692088773,874012,949742
2.02307E+11,76225,1692088774,874100,950325
2.02307E+11,76097,1692088775,875327,951424
2.02307E+11,76239,1692088776,875434,951673
2.02307E+11,75876,1692088777,875186,951062
2.02307E+11,75840,1692088778,874453,950293
2.02307E+11,75324,1692088779,875186,950510
2.02307E+11,75830,1692088780,874605,950435
2.02307E+11,76637,1692088781,874123,950760
2.02307E+11,75976,1692088782,874713,950689
2.02307E+11,75120,1692088783,874734,949854
2.02307E+11,74790,1692088784,876237,951027
2.02307E+11,74067,1692088785,876502,950569
2.02307E+11,75132,1692088786,875205,950337
2.02307E+11,75198,1692088787,872036,947234
2.02307E+11,75045,1692088788,873792,948837
2.02307E+11,74914,1692088789,873627,948541
2.02307E+11,75366,1692088790,874123,949489
2.02307E+11,75693,1692088791,873794,949487
2.02307E+11,74603,1692088792,871345,945948
2.02307E+11,74425,1692088793,872374,946799
2.02307E+11,74630,1692088794,874017,948647
2.02307E+11,75305,1692088795,874586,949891
2.02307E+11,75469,1692088796,875268,950737
2.02307E+11,75093,1692088797,875120,950213
2.02307E+11,74701,1692088798,875301,950002
2.02307E+11,75723,1692088799,874298,950021
2.02307E+11,75515,1692088800,873884,949399
2.02307E+11,75454,1692088801,875412,950866
2.02307E+11,74978,1692088802,874821,949799
2.02307E+11,75379,1692088803,874714,950093
2.02307E+11,75553,1692088804,874632,950185
2.02307E+11,75282,1692088804,874452,949734
2.02307E+11,75619,1692088806,875268,950887
2.02307E+11,75194,1692088807,873887,949081
2.02307E+11,75458,1692088808,874753,950211
2.02307E+11,75707,1692088809,875222,950929
2.02307E+11,75972,1692088810,875598,951570
2.02307E+11,75682,1692088811,874042,949724
2.02307E+11,75802,1692088812,874517,950319
2.02307E+11,75973,1692088813,874723,950696
2.02307E+11,76108,1692088814,874407,950515
2.02307E+11,75974,1692088815,875161,951135
2.02307E+11,76796,1692088816,874641,951437
2.02307E+11,75455,1692088817,874346,949801
2.02307E+11,75948,1692088818,870757,946705
2.02307E+11,76050,1692088819,875400,951450
2.02307E+11,75996,1692088820,875376,951372
2.02307E+11,75587,1692088821,874980,950567
2.02307E+11,75113,1692088822,874505,949618
2.02307E+11,76042,1692088823,872978,949020
2.02307E+11,76142,1692088824,874639,950781
2.02307E+11,75745,1692088825,874454,950199
2.02307E+11,75501,1692088827,875508,951009
2.02307E+11,75462,1692088826,874915,950377
2.02307E+11,74711,1692088828,874218,948929
2.02307E+11,75554,1692088829,875313,950867
2.02307E+11,74280,1692088830,874544,948824
2.02307E+11,74790,1692088831,874382,949172
2.02307E+11,75169,1692088832,875959,951128
2.02307E+11,75121,1692088833,874133,949254
2.02307E+11,74906,1692088834,874872,949778
2.02307E+11,74991,1692088835,874247,949238
2.02307E+11,75202,1692088836,874218,949420
2.02307E+11,75066,1692088837,874467,949533
2.02307E+11,75726,1692088838,874077,949803
2.02307E+11,75027,1692088839,873815,948842
2.02307E+11,75374,1692088840,874518,949892
2.02307E+11,75564,1692088841,873420,948984
2.02307E+11,74919,1692088842,873926,948845
2.02307E+11,74083,1692088843,874890,948973
2.02307E+11,74877,1692088844,873835,948712
2.02307E+11,75595,1692088845,875363,950958
2.02307E+11,75210,1692088846,873967,949177
2.02307E+11,75066,1692088847,874630,949696
2.02307E+11,74818,1692088848,874796,949614
2.02307E+11,75448,1692088849,874380,949828
2.02307E+11,75484,1692088850,874745,950229
2.02307E+11,75471,1692088851,875419,950890
2.02307E+11,75029,1692088852,874109,949138
2.02307E+11,75281,1692088853,875402,950683
2.02307E+11,76006,1692088854,872305,948311
2.02307E+11,76863,1692088855,875086,951949
2.02307E+11,75766,1692088856,875382,951148
2.02307E+11,76371,1692088857,874864,951235
2.02307E+11,76371,1692088858,875017,951388
2.02307E+11,75884,1692088859,874576,950460
2.02307E+11,75209,1692088860,875139,950348
2.02307E+11,75390,1692088861,874188,949578
2.02307E+11,75352,1692088862,875173,950525
2.02307E+11,74991,1692088863,874964,949955
2.02307E+11,75495,1692088864,876395,951890
2.02307E+11,75460,1692088865,875853,951313
2.02307E+11,75610,1692088866,874583,950193
2.02307E+11,75450,1692088867,876797,952247
2.02307E+11,75418,1692088868,875405,950823
2.02307E+11,75411,1692088869,875723,951134
2.02307E+11,74964,1692088870,875793,950757
2.02307E+11,75449,1692088871,876675,952124
2.02307E+11,75333,1692088872,877121,952454
2.02307E+11,75254,1692088873,876779,952033
2.02307E+11,74785,1692088874,875618,950403
2.02307E+11,75094,1692088875,875931,951025
2.02307E+11,75085,1692088876,876157,951242
2.02307E+11,75038,1692088877,874944,949982
2.02307E+11,75839,1692088878,874484,950323
2.02307E+11,75207,1692088879,875464,950671
2.02307E+11,75011,1692088880,874707,949718
2.02307E+11,74775,1692088881,874911,949686
2.02307E+11,74936,1692088882,874081,949017
2.02307E+11,75170,1692088883,874020,949190
2.02307E+11,75205,1692088884,874502,949707
2.02307E+11,75043,1692088885,875063,950106
2.02307E+11,74818,1692088886,875905,950723
2.02307E+11,75890,1692088887,876019,951909
2.02307E+11,75939,1692088888,875072,951011
2.02307E+11,76425,1692088889,875305,951730
2.02307E+11,75455,1692088890,875192,950647
2.02307E+11,75994,1692088891,876262,952256
2.02307E+11,75656,1692088892,875234,950890
2.02307E+11,75874,1692088893,875992,951866
2.02307E+11,76067,1692088894,875654,951721
2.02307E+11,75696,1692088895,875388,951084
2.02307E+11,75035,1692088896,875625,950660
2.02307E+11,75604,1692088897,875247,950851
2.02307E+11,75525,1692088898,874866,950391
2.02307E+11,75917,1692088899,874877,950794
2.02307E+11,76093,1692088900,874929,951022
2.02307E+11,74979,1692088901,874556,949535
2.02307E+11,75365,1692088902,874788,950153
2.02307E+11,75491,1692088903,875109,950600
2.02307E+11,74734,1692088904,874685,949419
2.02307E+11,75105,1692088905,874027,949132
2.02307E+11,75232,1692088906,875288,950520
2.02307E+11,75186,1692088907,875592,950778
2.02307E+11,74934,1692088908,875349,950283
2.02307E+11,74657,1692088909,876112,950769
2.02307E+11,74838,1692088910,875750,950588
2.02307E+11,75549,1692088911,874701,950250
2.02307E+11,75111,1692088912,875602,950713
2.02307E+11,75010,1692088913,875021,950031
2.02307E+11,74946,1692088914,875713,950659
2.02307E+11,75561,1692088915,875926,951487
2.02307E+11,75780,1692088916,875527,951307
2.02307E+11,75408,1692088917,875435,950843
2.02307E+11,75048,1692088918,875568,950616
2.02307E+11,74909,1692088919,875282,950191
2.02307E+11,75623,1692088920,874149,949772
2.02307E+11,75494,1692088921,874809,950303
2.02307E+11,74772,1692088922,874810,949582
2.02307E+11,75236,1692088923,875489,950725
2.02307E+11,75571,1692088924,875774,951345
2.02307E+11,75910,1692088925,875709,951619
2.02307E+11,75382,1692088926,874641,950023
2.02307E+11,75668,1692088927,875132,950800
2.02307E+11,75269,1692088928,874709,949978
2.02307E+11,75389,1692088929,874760,950149
2.02307E+11,75841,1692088930,875019,950860
2.02307E+11,75196,1692088931,875416,950612
2.02307E+11,75056,1692088932,874252,949308
2.02307E+11,75425,1692088933,874211,949636
2.02307E+11,75397,1692088934,874835,950232
2.02307E+11,75139,1692088935,875296,950435
2.02307E+11,75003,1692088936,875102,950105
2.02307E+11,75651,1692088937,875340,950991
2.02307E+11,75586,1692088938,874419,950005
2.02307E+11,76283,1692088939,875242,951525
2.02307E+11,75997,1692088940,874935,950932
2.02307E+11,75941,1692088941,875154,951095
2.02307E+11,76481,1692088942,875395,951876
2.02307E+11,76752,1692088943,874873,951625
2.02307E+11,75970,1692088944,876013,951983
2.02307E+11,76118,1692088945,875757,951875
2.02307E+11,75798,1692088946,875002,950800
2.02307E+11,75722,1692088947,875950,951672
2.02307E+11,76542,1692088948,874459,951001
2.02307E+11,75681,1692088949,874779,950460
2.02307E+11,75348,1692088950,874865,950213
2.02307E+11,75277,1692088951,875755,951032
2.02307E+11,75809,1692088952,875117,950926
2.02307E+11,76135,1692088953,874826,950961
2.02307E+11,75439,1692088954,874770,950209
2.02307E+11,75083,1692088954,874285,949368
2.02307E+11,75312,1692088956,874865,950177
2.02307E+11,75447,1692088957,875259,950706
2.02307E+11,75688,1692088958,875094,950782
2.02307E+11,74492,1692088959,876406,950898
2.02307E+11,74527,1692088960,874792,949319
2.02307E+11,75122,1692088961,875165,950287
2.02307E+11,75567,1692088962,874147,949714
2.02307E+11,74749,1692088963,874619,949368
2.02307E+11,74965,1692088964,874104,949069
2.02307E+11,75269,1692088965,874616,949885
2.02307E+11,75656,1692088966,874746,950402
2.02307E+11,75841,1692088967,874190,950031
2.02307E+11,75065,1692088968,874202,949267
2.02307E+11,75047,1692088969,873280,948327
2.02307E+11,75582,1692088970,873627,949209
2.02307E+11,75473,1692088971,873683,949156
2.02307E+11,76048,1692088972,874072,950120
2.02307E+11,75283,1692088973,873986,949269
2.02307E+11,75765,1692088974,873755,949520
2.02307E+11,75518,1692088975,874248,949766
2.02307E+11,75114,1692088976,875042,950156
2.02307E+11,75436,1692088977,875235,950671
2.02307E+11,74540,1692088978,873978,948518
2.02307E+11,75443,1692088979,874890,950333
2.02307E+11,75314,1692088980,874396,949710
2.02307E+11,75639,1692088981,874516,950155
2.02307E+11,75010,1692088982,875213,950223
2.02307E+11,75080,1692088983,874392,949472
2.02307E+11,76037,1692088984,874161,950198
2.02307E+11,75565,1692088985,874106,949671
2.02307E+11,74837,1692088986,874141,948978
2.02307E+11,74849,1692088987,873960,948809
2.02307E+11,74288,1692088988,874185,948473
2.02307E+11,74815,1692088989,872420,947235
2.02307E+11,75701,1692088990,874037,949738
2.02307E+11,75321,1692088991,874215,949536
2.02307E+11,74891,1692088992,874567,949458
2.02307E+11,75719,1692088993,874477,950196
2.02307E+11,75700,1692088994,875148,950848
2.02307E+11,75470,1692088995,875529,950999
2.02307E+11,75229,1692088996,876431,951660
2.02307E+11,75340,1692088997,876143,951483
2.02307E+11,76198,1692088998,874575,950773
2.02307E+11,75106,1692088999,874886,949992
2.02307E+11,75741,1692089000,875159,950900
2.02307E+11,75267,1692089001,875102,950369
2.02307E+11,76139,1692089002,875428,951567
2.02307E+11,76333,1692089003,874196,950529
2.02307E+11,75112,1692089004,874349,949461
2.02307E+11,75837,1692089005,874955,950792
2.02307E+11,74680,1692089006,874299,948979
2.02307E+11,75477,1692089007,874685,950162
2.02307E+11,75538,1692089008,875231,950769
2.02307E+11,75178,1692089009,874846,950024
2.02307E+11,74965,1692089010,875633,950598
2.02307E+11,74928,1692089011,874580,949508
2.02307E+11,75832,1692089012,874796,950628
2.02307E+11,75090,1692089013,874652,949742
2.02307E+11,75165,1692089014,874999,950164
2.02307E+11,74413,1692089015,874580,948993
2.02307E+11,75170,1692089016,874788,949958
2.02307E+11,75550,1692089017,875019,950569
2.02307E+11,76026,1692089018,874555,950581
2.02307E+11,75258,1692089019,875395,950653
2.02307E+11,74436,1692089020,874222,948658
2.02307E+11,75836,1692089021,873301,949137
2.02307E+11,75887,1692089022,873182,949069
2.02307E+11,75789,1692089023,871361,947150
2.02307E+11,74601,1692089024,873009,947610
2.02307E+11,75428,1692089025,872384,947812
2.02307E+11,75421,1692089026,873052,948473
2.02307E+11,75542,1692089027,873996,949538
2.02307E+11,75854,1692089028,875397,951251
2.02307E+11,75262,1692089029,875607,950869
2.02307E+11,75709,1692089031,876101,951810
2.02307E+11,75762,1692089032,875232,950994
2.02307E+11,75348,1692089033,874309,949657
2.02307E+11,75447,1692089034,875433,950880
2.02307E+11,76105,1692089035,875789,951894
2.02307E+11,76341,1692089036,875947,952288
2.02307E+11,76272,1692089037,874797,951069
2.02307E+11,75454,1692089038,874950,950404
2.02307E+11,75772,1692089039,875109,950881
2.02307E+11,75881,1692089040,875136,951017
2.02307E+11,75676,1692089041,875662,951338
2.02307E+11,75635,1692089042,875920,951555
2.02307E+11,75382,1692089043,875913,951295
2.02307E+11,76094,1692089044,876316,952410
2.02307E+11,75804,1692089045,876884,952688
2.02307E+11,75778,1692089046,875396,951174
2.02307E+11,74666,1692089047,875668,950334
2.02307E+11,74501,1692089048,876542,951043
2.02307E+11,75285,1692089049,876046,951331
2.02307E+11,75768,1692089050,877149,952917
2.02307E+11,76052,1692089051,876556,952608
2.02307E+11,75271,1692089052,876360,951631
2.02307E+11,75760,1692089053,876257,952017
2.02307E+11,76077,1692089054,877207,953284
2.02307E+11,75119,1692089055,876835,951954
2.02307E+11,75628,1692089056,873928,949556
2.02307E+11,75244,1692089057,876683,951927
2.02307E+11,75662,1692089058,876491,952153
2.02307E+11,76240,1692089059,876946,953186
2.02307E+11,76296,1692089060,877206,953502
2.02307E+11,75591,1692089061,876525,952116
2.02307E+11,75337,1692089062,877745,953082
2.02307E+11,76142,1692089063,876405,952547
2.02307E+11,76187,1692089064,876481,952668
2.02307E+11,75626,1692089065,876107,951733
2.02307E+11,75376,1692089066,876189,951565
2.02307E+11,75857,1692089067,876360,952217
2.02307E+11,75959,1692089068,875940,951899
2.02307E+11,76122,1692089069,876198,952320
2.02307E+11,75863,1692089070,875768,951631
2.02307E+11,75382,1692089071,876183,951565
2.02307E+11,75869,1692089072,876242,952111
2.02307E+11,75875,1692089073,875383,951258
2.02307E+11,75132,1692089074,875909,951041
2.02307E+11,75110,1692089075,875720,950830
2.02307E+11,75492,1692089076,874722,950214
2.02307E+11,75594,1692089077,875243,950837
2.02307E+11,75585,1692089078,876416,952001
2.02307E+11,75305,1692089079,875365,950670
2.02307E+11,74922,1692089080,875995,950917
2.02307E+11,75600,1692089081,875191,950791
2.02307E+11,75538,1692089082,875465,951003
2.02307E+11,75170,1692089083,875430,950600
2.02307E+11,75136,1692089084,875548,950684
2.02307E+11,75421,1692089085,876126,951547
2.02307E+11,75292,1692089086,875969,951261
2.02307E+11,75421,1692089087,875327,950748
2.02307E+11,75465,1692089088,876339,951804
2.02307E+11,75443,1692089089,875060,950503
2.02307E+11,75136,1692089090,874682,949818
2.02307E+11,75543,1692089091,875097,950640
2.02307E+11,75431,1692089092,875095,950526
2.02307E+11,75237,1692089093,875694,950931
2.02307E+11,75039,1692089094,876210,951249
2.02307E+11,75199,1692089095,876912,952111
2.02307E+11,75683,1692089096,877244,952927
2.02307E+11,75257,1692089097,876007,951264
2.02307E+11,75194,1692089098,875841,951035
2.02307E+11,75638,1692089099,876039,951677
2.02307E+11,76355,1692089100,872596,948951
2.02307E+11,75962,1692089101,875473,951435
2.02307E+11,76114,1692089102,874549,950663
2.02307E+11,74990,1692089103,875260,950250
2.02307E+11,76071,1692089104,873669,949740
2.02307E+11,76531,1692089105,875925,952456
2.02307E+11,76117,1692089105,874449,950566
2.02307E+11,76537,1692089107,875776,952313
2.02307E+11,75754,1692089108,876658,952412
2.02307E+11,75687,1692089109,875874,951561
2.02307E+11,75625,1692089110,876225,951850
2.02307E+11,75656,1692089111,876817,952473
2.02307E+11,75634,1692089112,877079,952713
2.02307E+11,75025,1692089113,875455,950480
2.02307E+11,75054,1692089114,876408,951462
2.02307E+11,75618,1692089115,876191,951809
2.02307E+11,75063,1692089116,875313,950376
2.02307E+11,76042,1692089117,874582,950624
2.02307E+11,75679,1692089118,875074,950753
2.02307E+11,75847,1692089119,875306,951153
2.02307E+11,75492,1692089120,875242,950734
2.02307E+11,74998,1692089121,874815,949813
2.02307E+11,75182,1692089122,874591,949773
2.02307E+11,75263,1692089123,874548,949811
2.02307E+11,75239,1692089124,875129,950368
2.02307E+11,74922,1692089125,876035,950957
2.02307E+11,74971,1692089126,875761,950732
2.02307E+11,75378,1692089127,875842,951220
2.02307E+11,75389,1692089128,875819,951208
2.02307E+11,75613,1692089129,875857,951470
2.02307E+11,75371,1692089130,875353,950724
2.02307E+11,74812,1692089131,875484,950296
2.02307E+11,75059,1692089132,875103,950162
2.02307E+11,75417,1692089133,874941,950358
2.02307E+11,75182,1692089134,874455,949637
2.02307E+11,74880,1692089135,873334,948214
2.02307E+11,75200,1692089136,874277,949477
2.02307E+11,75361,1692089137,874357,949718
2.02307E+11,74700,1692089138,875418,950118
2.02307E+11,74939,1692089139,876756,951695
2.02307E+11,74968,1692089140,874817,949785
2.02307E+11,75692,1692089141,876170,951862
2.02307E+11,75928,1692089142,874875,950803
2.02307E+11,75680,1692089143,876260,951940
2.02307E+11,74788,1692089144,876334,951122
2.02307E+11,75580,1692089145,875734,951314
2.02307E+11,75746,1692089146,875587,951333
2.02307E+11,76316,1692089147,874573,950889
2.02307E+11,75717,1692089148,875474,951191
2.02307E+11,74852,1692089149,875337,950189
2.02307E+11,75795,1692089150,876215,952010
2.02307E+11,76264,1692089151,875891,952155
2.02307E+11,75523,1692089152,875931,951454
2.02307E+11,75386,1692089153,875192,950578
2.02307E+11,75185,1692089154,874216,949401
2.02307E+11,76253,1692089155,874710,950963
2.02307E+11,75107,1692089156,873470,948577
2.02307E+11,75205,1692089157,873817,949022
2.02307E+11,75150,1692089158,873468,948618
2.02307E+11,75479,1692089159,874004,949483
2.02307E+11,75510,1692089160,874185,949695
2.02307E+11,75151,1692089161,874962,950113
2.02307E+11,74874,1692089162,875391,950265
2.02307E+11,74378,1692089163,875101,949479
2.02307E+11,74446,1692089164,875688,950134
2.02307E+11,75556,1692089165,875666,951222
2.02307E+11,74772,1692089166,876860,951632
2.02307E+11,74999,1692089167,1584363,1659362
2.02307E+11,75128,1692089168,1583012,1658140
2.02307E+11,75467,1692089169,1583713,1659180
2.02307E+11,75472,1692089170,1583406,1658878
2.02307E+11,75139,1692089171,1583177,1658316
2.02307E+11,75257,1692089172,1582262,1657519
2.02307E+11,75951,1692089173,1581867,1657818
2.02307E+11,75696,1692089174,1580231,1655927
2.02307E+11,75849,1692089175,1579783,1655632
2.02307E+11,75658,1692089176,1581880,1657538
2.02307E+11,75231,1692089177,1581330,1656561
2.02307E+11,75244,1692089178,1581880,1657124
2.02307E+11,76130,1692089179,1582443,1658573
2.02307E+11,75236,1692089180,1581656,1656892
2.02307E+11,75542,1692089181,1584098,1659640
2.02307E+11,75044,1692089182,1582575,1657619
2.02307E+11,75547,1692089183,1583580,1659127
2.02307E+11,75594,1692089184,1582645,1658239
2.02307E+11,75256,1692089185,1583561,1658817
2.02307E+11,75548,1692089186,1583559,1659107
2.02307E+11,75117,1692089187,1582363,1657480
2.02307E+11,75909,1692089188,1582383,1658292
2.02307E+11,75550,1692089189,1580680,1656230
2.02307E+11,75656,1692089190,1581935,1657591
2.02307E+11,75312,1692089191,1580977,1656289
2.02307E+11,76912,1692089192,1581404,1658316
2.02307E+11,76300,1692089193,1580607,1656907
2.02307E+11,76518,1692089194,1582934,1659452
2.02307E+11,76462,1692089195,1582397,1658859
2.02307E+11,75564,1692089196,1581123,1656687
2.02307E+11,75624,1692089197,1582772,1658396
2.02307E+11,76346,1692089198,1584042,1660388
2.02307E+11,75964,1692089199,1583915,1659879
2.02307E+11,75995,1692089200,1584641,1660636
2.02307E+11,75361,1692089201,1584544,1659905
2.02307E+11,75341,1692089202,1583928,1659269
2.02307E+11,75494,1692089203,1583679,1659173
2.02307E+11,75406,1692089204,1582873,1658279
2.02307E+11,75104,1692089206,1582086,1657190
2.02307E+11,74744,1692089205,1582109,1656853
2.02307E+11,75162,1692089207,1580344,1655506
2.02307E+11,75449,1692089208,1582302,1657751
2.02307E+11,75327,1692089209,1582315,1657642
2.02307E+11,75709,1692089210,1581355,1657064
2.02307E+11,75097,1692089212,1582690,1657787
2.02307E+11,75998,1692089211,1581958,1657956
2.02307E+11,75775,1692089213,1583409,1659184
2.02307E+11,75023,1692089214,1583459,1658482
2.02307E+11,74911,1692089215,1583500,1658411
2.02307E+11,75416,1692089216,1584332,1659748
2.02307E+11,75566,1692089217,1583253,1658819
2.02307E+11,75456,1692089218,1584508,1659964
2.02307E+11,74828,1692089219,1583108,1657936
2.02307E+11,74699,1692089220,1583238,1657937
2.02307E+11,75695,1692089221,1584148,1659843
2.02307E+11,75138,1692089222,1582328,1657466
2.02307E+11,75723,1692089223,1583913,1659636
2.02307E+11,74879,1692089224,1582632,1657511
2.02307E+11,75072,1692089225,1581812,1656884
2.02307E+11,75622,1692089226,1582629,1658251
2.02307E+11,75521,1692089227,1580768,1656289
2.02307E+11,75160,1692089228,1580999,1656159
2.02307E+11,75253,1692089229,1579669,1654922
2.02307E+11,75424,1692089230,1580684,1656108
2.02307E+11,74955,1692089231,1582188,1657143
2.02307E+11,75430,1692089232,1580927,1656357
2.02307E+11,74485,1692089233,1580373,1654858
2.02307E+11,75563,1692089234,1580141,1655704
2.02307E+11,75640,1692089235,1580796,1656436
2.02307E+11,75574,1692089236,1579935,1655509
2.02307E+11,74997,1692089237,1580262,1655259
2.02307E+11,75505,1692089238,873848,949353
2.02307E+11,76272,1692089239,874684,950956
2.02307E+11,75903,1692089240,874592,950495
2.02307E+11,75500,1692089241,876171,951671
2.02307E+11,75103,1692089242,876554,951657
2.02307E+11,75771,1692089243,876602,952373
2.02307E+11,76096,1692089244,875972,952068
2.02307E+11,76104,1692089245,875976,952080
2.02307E+11,76116,1692089246,875242,951358
2.02307E+11,75464,1692089247,875847,951311
2.02307E+11,76030,1692089248,875325,951355
2.02307E+11,76286,1692089249,876233,952519
2.02307E+11,75741,1692089250,876208,951949
2.02307E+11,75990,1692089251,875687,951677
2.02307E+11,75307,1692089252,876624,951931
2.02307E+11,75392,1692089253,876224,951616
2.02307E+11,75561,1692089254,876911,952472
2.02307E+11,75660,1692089255,876760,952420
2.02307E+11,75810,1692089255,876336,952146
2.02307E+11,75437,1692089257,875680,951117
2.02307E+11,75844,1692089258,876287,952131
2.02307E+11,75804,1692089259,876713,952517
2.02307E+11,74805,1692089260,877816,952621
2.02307E+11,74352,1692089261,876417,950769
2.02307E+11,75146,1692089262,876317,951463
2.02307E+11,75519,1692089263,876757,952276
2.02307E+11,74912,1692089264,877067,951979
2.02307E+11,74871,1692089265,874567,949438
2.02307E+11,75192,1692089266,874864,950056
2.02307E+11,74850,1692089267,874061,948911
2.02307E+11,75331,1692089268,874745,950076
2.02307E+11,75798,1692089269,874976,950774
2.02307E+11,74875,1692089270,875620,950495
2.02307E+11,74956,1692089271,875400,950356
2.02307E+11,75864,1692089272,876344,952208
2.02307E+11,75206,1692089273,876756,951962
2.02307E+11,75175,1692089274,877575,952750
2.02307E+11,75186,1692089275,876700,951886
2.02307E+11,75919,1692089276,877263,953182
2.02307E+11,76251,1692089277,876226,952477
2.02307E+11,76200,1692089278,876189,952389
2.02307E+11,75368,1692089279,875434,950802
2.02307E+11,75123,1692089280,875079,950202
2.02307E+11,76118,1692089281,875437,951555
2.02307E+11,76529,1692089282,875271,951800
2.02307E+11,75381,1692089283,875270,950651
2.02307E+11,75460,1692089284,875054,950514
2.02307E+11,75488,1692089285,874584,950072
2.02307E+11,75682,1692089286,874659,950341
2.02307E+11,75761,1692089287,875564,951325
2.02307E+11,74431,1692089288,876051,950482
2.02307E+11,75103,1692089289,876355,951458
2.02307E+11,74793,1692089290,876322,951115
2.02307E+11,75371,1692089291,876150,951521
2.02307E+11,75465,1692089292,876698,952163
2.02307E+11,75115,1692089293,875687,950802
2.02307E+11,75153,1692089294,874958,950111
2.02307E+11,75431,1692089295,873901,949332
2.02307E+11,75100,1692089296,873320,948420
2.02307E+11,74770,1692089297,873843,948613
2.02307E+11,74335,1692089298,875113,949448
2.02307E+11,74688,1692089299,874358,949046
2.02307E+11,75168,1692089300,875019,950187
2.02307E+11,75433,1692089301,875566,950999
2.02307E+11,75012,1692089302,876547,951559
2.02307E+11,74144,1692089303,875369,949513
2.02307E+11,75087,1692089304,874863,949950
2.02307E+11,75455,1692089305,875906,951361
2.02307E+11,75566,1692089306,876230,951796
2.02307E+11,75752,1692089307,876622,952374
2.02307E+11,75553,1692089308,875728,951281
2.02307E+11,76104,1692089309,875194,951298
2.02307E+11,75343,1692089310,876046,951389
2.02307E+11,75512,1692089311,875643,951155
2.02307E+11,76002,1692089312,876639,952641
2.02307E+11,75531,1692089313,876428,951959
2.02307E+11,76282,1692089314,877076,953358
2.02307E+11,75729,1692089315,875692,951421
2.02307E+11,75638,1692089316,875407,951045
2.02307E+11,74996,1692089317,874724,949720
2.02307E+11,75972,1692089318,875814,951786
2.02307E+11,75650,1692089319,875854,951504
2.02307E+11,76056,1692089320,877242,953298
2.02307E+11,76275,1692089321,877109,953384
2.02307E+11,75446,1692089322,876851,952297
2.02307E+11,75512,1692089323,872276,947788
2.02307E+11,75857,1692089324,875572,951429
2.02307E+11,75354,1692089325,875032,950386
2.02307E+11,74811,1692089326,874079,948890
2.02307E+11,74919,1692089327,874005,948924
2.02307E+11,75579,1692089328,872752,948331
2.02307E+11,75376,1692089329,873434,948810
2.02307E+11,75418,1692089330,873472,948890
2.02307E+11,74502,1692089331,874744,949246
2.02307E+11,74064,1692089332,875070,949134
2.02307E+11,74986,1692089333,876228,951214
2.02307E+11,74343,1692089334,876295,950638
2.02307E+11,74849,1692089335,876593,951442
2.02307E+11,74735,1692089336,875480,950215
2.02307E+11,74951,1692089337,875985,950936
2.02307E+11,75038,1692089338,876223,951261
2.02307E+11,75310,1692089339,875667,950977
2.02307E+11,74128,1692089340,876188,950316
2.02307E+11,74534,1692089341,875741,950275
2.02307E+11,75529,1692089342,876174,951703
2.02307E+11,75184,1692089343,876009,951193
2.02307E+11,74926,1692089344,876143,951069
2.02307E+11,74535,1692089345,876029,950564
2.02307E+11,75033,1692089346,876264,951297
2.02307E+11,75526,1692089347,876251,951777
2.02307E+11,75290,1692089348,876336,951626
2.02307E+11,74318,1692089349,876720,951038
2.02307E+11,75220,1692089350,878093,953313
2.02307E+11,75875,1692089351,878578,954453
2.02307E+11,75904,1692089352,877873,953777
2.02307E+11,73966,1692089353,877641,951607
2.02307E+11,74902,1692089354,876538,951440
2.02307E+11,75224,1692089355,876918,952142
2.02307E+11,75441,1692089356,875306,950747
2.02307E+11,75289,1692089357,875573,950862
2.02307E+11,75170,1692089358,876605,951775
2.02307E+11,75339,1692089359,876577,951916
2.02307E+11,75682,1692089360,877710,953392
2.02307E+11,75253,1692089361,877026,952279
2.02307E+11,74552,1692089362,878645,953197
2.02307E+11,74818,1692089363,878884,953702
2.02307E+11,75788,1692089364,878954,954742
2.02307E+11,76350,1692089365,879160,955510
2.02307E+11,75936,1692089366,877909,953845
2.02307E+11,75559,1692089367,878819,954378
2.02307E+11,75439,1692089368,878776,954215
2.02307E+11,76073,1692089369,877856,953929
2.02307E+11,75821,1692089370,876254,952075
2.02307E+11,75400,1692089371,877363,952763
2.02307E+11,74969,1692089372,877925,952894
2.02307E+11,75648,1692089373,877743,953391
2.02307E+11,75494,1692089374,877792,953286
2.02307E+11,75440,1692089375,878422,953862
2.02307E+11,75946,1692089376,877956,953902
2.02307E+11,74798,1692089377,878079,952877
2.02307E+11,74929,1692089378,877624,952553
2.02307E+11,75636,1692089379,878110,953746
2.02307E+11,75599,1692089380,879140,954739
2.02307E+11,74846,1692089381,879193,954039
2.02307E+11,75162,1692089382,879157,954319
2.02307E+11,75471,1692089383,877652,953123
2.02307E+11,75715,1692089384,878009,953724
2.02307E+11,75533,1692089385,877805,953338
2.02307E+11,75378,1692089386,877813,953191
2.02307E+11,75208,1692089387,875625,950833
2.02307E+11,75542,1692089388,877270,952812
2.02307E+11,74825,1692089389,877701,952526
2.02307E+11,75297,1692089390,876746,952043
2.02307E+11,74712,1692089391,877484,952196
2.02307E+11,75323,1692089392,878281,953604
2.02307E+11,75915,1692089393,879395,955310
2.02307E+11,74780,1692089394,878876,953656
2.02307E+11,74809,1692089395,877660,952469
2.02307E+11,75330,1692089396,879176,954506
2.02307E+11,75409,1692089397,878445,953854
2.02307E+11,75113,1692089398,878041,953154
2.02307E+11,74856,1692089399,877838,952694
2.02307E+11,75686,1692089400,877624,953310
2.02307E+11,75684,1692089401,878242,953926
2.02307E+11,74981,1692089402,877524,952505
2.02307E+11,75370,1692089403,878205,953575
2.02307E+11,75276,1692089404,878858,954134
2.02307E+11,75802,1692089405,878373,954175
2.02307E+11,75553,1692089406,878580,954133
2.02307E+11,75967,1692089406,877096,953063
2.02307E+11,75034,1692089408,878961,953995
2.02307E+11,75548,1692089409,879673,955221
2.02307E+11,75874,1692089410,879728,955602
2.02307E+11,76156,1692089411,880248,956404
2.02307E+11,75653,1692089412,878457,954110
2.02307E+11,76004,1692089413,878514,954518
2.02307E+11,76207,1692089414,878298,954505
2.02307E+11,75702,1692089415,877824,953526
2.02307E+11,75522,1692089416,875986,951508
2.02307E+11,76003,1692089417,878293,954296
2.02307E+11,75657,1692089418,877349,953006
2.02307E+11,74802,1692089419,879523,954325
2.02307E+11,75743,1692089420,879266,955009
2.02307E+11,75680,1692089421,879509,955189
2.02307E+11,75685,1692089422,879892,955577
2.02307E+11,75494,1692089423,880219,955713
2.02307E+11,75339,1692089424,880261,955600
2.02307E+11,75483,1692089425,878913,954396
2.02307E+11,75127,1692089426,879523,954650
2.02307E+11,74833,1692089427,880274,955107
2.02307E+11,74514,1692089428,878810,953324
2.02307E+11,75392,1692089429,878613,954005
2.02307E+11,75207,1692089430,878428,953635
2.02307E+11,75083,1692089431,877773,952856
2.02307E+11,75069,1692089432,878613,953682
2.02307E+11,74929,1692089433,878325,953254
2.02307E+11,75634,1692089434,878532,954166
2.02307E+11,74633,1692089435,878394,953027
2.02307E+11,74736,1692089436,878780,953516
2.02307E+11,74831,1692089437,878897,953728
2.02307E+11,75432,1692089438,878792,954224
2.02307E+11,75235,1692089439,878916,954151
2.02307E+11,75349,1692089440,878879,954228
2.02307E+11,74680,1692089441,878569,953249
2.02307E+11,74197,1692089442,879576,953773
2.02307E+11,74692,1692089443,878911,953603
2.02307E+11,74837,1692089444,878906,953743
2.02307E+11,75004,1692089445,879141,954145
2.02307E+11,74460,1692089446,878155,952615
2.02307E+11,74679,1692089447,877932,952611
2.02307E+11,75240,1692089448,879014,954254
2.02307E+11,74817,1692089449,879274,954091
2.02307E+11,74976,1692089450,878996,953972
2.02307E+11,75937,1692089451,879303,955240
2.02307E+11,75113,1692089452,877417,952530
2.02307E+11,75656,1692089453,878172,953828
2.02307E+11,75510,1692089454,878892,954402
2.02307E+11,75223,1692089455,879709,954932
2.02307E+11,75405,1692089456,879773,955178
2.02307E+11,75581,1692089457,879255,954836
2.02307E+11,76041,1692089458,878438,954479
2.02307E+11,75361,1692089459,878151,953512
2.02307E+11,75537,1692089460,878203,953740
2.02307E+11,75228,1692089461,879358,954586
2.02307E+11,75309,1692089462,879521,954830
2.02307E+11,75330,1692089463,878417,953747
2.02307E+11,75159,1692089464,878897,954056
2.02307E+11,74771,1692089465,878410,953181
2.02307E+11,74610,1692089466,878214,952824
2.02307E+11,74869,1692089467,878853,953722
2.02307E+11,74991,1692089468,878474,953465
2.02307E+11,75287,1692089469,878249,953536
2.02307E+11,74808,1692089470,878716,953524
2.02307E+11,75729,1692089471,880046,955775
2.02307E+11,74714,1692089472,879869,954583
2.02307E+11,74312,1692089473,878978,953290
2.02307E+11,74964,1692089474,880012,954976
2.02307E+11,75216,1692089475,879595,954811
2.02307E+11,75233,1692089476,879698,954931
2.02307E+11,74608,1692089477,879523,954131
2.02307E+11,74688,1692089478,880351,955039
2.02307E+11,74858,1692089479,880074,954932
2.02307E+11,75276,1692089480,880274,955550
2.02307E+11,75302,1692089481,879735,955037
2.02307E+11,75043,1692089482,880421,955464
2.02307E+11,75000,1692089483,878521,953521
2.02307E+11,75990,1692089484,876246,952236
2.02307E+11,75912,1692089485,876559,952471
2.02307E+11,75942,1692089486,876643,952585
2.02307E+11,75762,1692089487,877711,953473
2.02307E+11,75208,1692089488,877981,953189
2.02307E+11,75375,1692089489,877681,953056
2.02307E+11,75539,1692089490,878098,953637
2.02307E+11,75390,1692089491,878750,954140
2.02307E+11,75078,1692089492,879375,954453
2.02307E+11,75216,1692089493,879084,954300
2.02307E+11,75633,1692089494,878239,953872
2.02307E+11,76172,1692089495,877215,953387
2.02307E+11,76174,1692089496,876520,952694
2.02307E+11,75577,1692089497,879057,954634
2.02307E+11,75858,1692089498,879940,955798
2.02307E+11,76184,1692089499,879100,955284
2.02307E+11,76018,1692089500,880472,956490
2.02307E+11,75398,1692089501,880826,956224
2.02307E+11,75389,1692089502,879911,955300
2.02307E+11,74792,1692089503,880052,954844
2.02307E+11,75201,1692089504,880129,955330
2.02307E+11,74971,1692089505,880480,955451
2.02307E+11,74843,1692089506,881143,955986
2.02307E+11,74723,1692089507,880955,955678
2.02307E+11,75002,1692089508,880599,955601
2.02307E+11,74690,1692089509,879899,954589
2.02307E+11,75338,1692089510,880564,955902
2.02307E+11,75004,1692089511,879634,954638
2.02307E+11,74900,1692089512,879287,954187
2.02307E+11,75447,1692089513,877918,953365
2.02307E+11,75195,1692089514,878363,953558
2.02307E+11,74676,1692089515,879257,953933
2.02307E+11,74904,1692089516,879448,954352
2.02307E+11,74670,1692089517,879672,954342
2.02307E+11,74909,1692089518,879606,954515
2.02307E+11,75254,1692089519,879968,955222
2.02307E+11,74528,1692089520,880249,954777
2.02307E+11,74502,1692089521,881016,955518
2.02307E+11,75638,1692089522,881678,957316
2.02307E+11,75483,1692089523,880874,956357
2.02307E+11,75525,1692089524,880461,955986
2.02307E+11,74635,1692089525,880430,955065
2.02307E+11,75233,1692089526,879839,955072
2.02307E+11,75286,1692089527,880008,955294
2.02307E+11,75375,1692089528,880222,955597
2.02307E+11,75269,1692089529,880121,955390
2.02307E+11,75446,1692089530,879054,954500
2.02307E+11,75628,1692089531,879252,954880
2.02307E+11,75660,1692089532,878930,954590
2.02307E+11,75732,1692089533,879157,954889
2.02307E+11,75762,1692089534,879315,955077
2.02307E+11,75545,1692089535,879938,955483
2.02307E+11,75915,1692089536,879599,955514
2.02307E+11,76174,1692089537,880002,956176
2.02307E+11,75557,1692089538,879999,955556
2.02307E+11,75158,1692089539,879837,954995
2.02307E+11,74342,1692089540,880133,954475
2.02307E+11,75167,1692089542,880880,956047
2.02307E+11,75331,1692089543,880677,956008
2.02307E+11,75042,1692089544,879710,954752
2.02307E+11,74909,1692089545,880860,955769
2.02307E+11,76035,1692089546,880421,956456
2.02307E+11,75752,1692089547,881037,956789
2.02307E+11,74745,1692089548,880329,955074
2.02307E+11,74848,1692089549,881106,955954
2.02307E+11,75338,1692089550,880419,955757
2.02307E+11,75012,1692089552,880257,955269
2.02307E+11,74717,1692089553,880119,954836
2.02307E+11,74116,1692089554,879676,953792
2.02307E+11,75510,1692089555,879447,954957
2.02307E+11,75355,1692089556,879903,955258
2.02307E+11,74824,1692089556,880630,955454
2.02307E+11,74891,1692089558,879520,954411
2.02307E+11,75236,1692089559,880430,955666
2.02307E+11,75308,1692089560,880621,955929
2.02307E+11,74758,1692089561,879902,954660
2.02307E+11,75126,1692089562,879949,955075
2.02307E+11,74279,1692089563,879343,953622
2.02307E+11,75372,1692089564,880325,955697
2.02307E+11,75551,1692089565,879622,955173
2.02307E+11,76207,1692089566,880865,957072
2.02307E+11,75489,1692089567,881039,956528
2.02307E+11,75771,1692089568,880773,956544
2.02307E+11,75399,1692089569,880011,955410
2.02307E+11,76129,1692089570,879434,955563
2.02307E+11,76398,1692089571,880269,956667
2.02307E+11,76068,1692089572,879961,956029
2.02307E+11,75383,1692089573,879589,954972
2.02307E+11,75813,1692089574,879479,955292
2.02307E+11,75643,1692089575,879868,955511
2.02307E+11,75029,1692089576,878843,953872
2.02307E+11,75063,1692089577,879595,954658
2.02307E+11,75106,1692089578,880446,955552
2.02307E+11,75179,1692089579,879431,954610
2.02307E+11,75380,1692089580,878148,953528
2.02307E+11,75187,1692089581,878865,954052
2.02307E+11,75034,1692089582,879086,954120
2.02307E+11,75418,1692089583,879368,954786
2.02307E+11,75603,1692089584,880229,955832
2.02307E+11,75331,1692089585,880615,955946
2.02307E+11,75023,1692089586,879114,954137
2.02307E+11,74208,1692089587,879784,953992
2.02307E+11,75569,1692089588,879638,955207
2.02307E+11,75408,1692089589,879974,955382
2.02307E+11,75200,1692089590,880348,955548
2.02307E+11,74830,1692089591,878545,953375
2.02307E+11,74704,1692089592,877914,952618
2.02307E+11,75089,1692089593,879123,954212
2.02307E+11,75075,1692089594,879784,954859
2.02307E+11,74156,1692089595,879743,953899
2.02307E+11,74665,1692089596,880190,954855
2.02307E+11,75395,1692089597,880457,955852
2.02307E+11,75341,1692089598,879982,955323
2.02307E+11,74902,1692089599,880867,955769
2.02307E+11,75710,1692089601,881299,957009
2.02307E+11,74924,1692089602,879691,954615
2.02307E+11,75205,1692089603,879958,955163
2.02307E+11,75363,1692089604,880459,955822
2.02307E+11,74952,1692089605,880307,955259
2.02307E+11,75451,1692089606,879335,954786
2.02307E+11,74964,1692089607,879756,954720
2.02307E+11,75285,1692089608,880009,955294
2.02307E+11,75060,1692089609,879130,954190
2.02307E+11,75287,1692089610,880175,955462
2.02307E+11,75233,1692089611,879788,955021
2.02307E+11,75264,1692089612,878398,953662
2.02307E+11,75112,1692089613,880085,955197
2.02307E+11,75198,1692089614,880019,955217
2.02307E+11,75115,1692089615,880147,955262
2.02307E+11,75730,1692089616,880556,956286
2.02307E+11,75427,1692089617,879891,955318
2.02307E+11,75718,1692089618,879640,955358
2.02307E+11,74966,1692089619,882183,957149
2.02307E+11,75139,1692089620,880934,956073
2.02307E+11,75519,1692089621,881139,956658
2.02307E+11,74944,1692089622,880539,955483
2.02307E+11,74651,1692089623,878389,953040
2.02307E+11,74640,1692089624,879566,954206
2.02307E+11,75447,1692089625,879741,955188
2.02307E+11,75042,1692089626,880919,955961
2.02307E+11,74709,1692089627,880271,954980
2.02307E+11,74821,1692089628,881534,956355
2.02307E+11,75464,1692089629,881376,956840
2.02307E+11,75035,1692089630,541073,616108
2.02307E+11,74714,1692089631,541173,615887
2.02307E+11,74903,1692089632,540839,615742
2.02307E+11,75946,1692089633,541163,617109
2.02307E+11,75802,1692089634,540586,616388
2.02307E+11,75192,1692089635,540262,615454
2.02307E+11,75008,1692089636,539365,614373
2.02307E+11,74429,1692089637,540075,614504
2.02307E+11,74704,1692089638,540110,614814
2.02307E+11,75230,1692089639,539924,615154
2.02307E+11,75018,1692089640,539562,614580
2.02307E+11,75141,1692089641,541050,616191
2.02307E+11,75280,1692089642,540754,616034
2.02307E+11,76060,1692089643,540967,617027
2.02307E+11,75864,1692089644,540859,616723
2.02307E+11,75634,1692089645,541049,616683
2.02307E+11,75047,1692089646,541591,616638
2.02307E+11,75061,1692089647,540873,615934
2.02307E+11,75542,1692089648,540951,616493
2.02307E+11,76102,1692089649,540914,617016
2.02307E+11,75755,1692089650,541184,616939
2.02307E+11,75249,1692089651,540902,616151
2.02307E+11,75144,1692089652,540937,616081
2.02307E+11,75535,1692089653,541180,616715
2.02307E+11,75777,1692089654,541045,616822
2.02307E+11,74926,1692089655,540942,615868
2.02307E+11,74400,1692089656,540516,614916
2.02307E+11,74821,1692089657,540986,615807
2.02307E+11,74684,1692089658,540588,615272
2.02307E+11,74772,1692089659,540531,615303
2.02307E+11,74437,1692089660,540128,614565
2.02307E+11,74853,1692089661,540067,614920
2.02307E+11,75068,1692089662,540245,615313
2.02307E+11,75657,1692089663,540303,615960
2.02307E+11,74877,1692089664,539733,614610
2.02307E+11,74438,1692089665,540728,615166
2.02307E+11,75219,1692089666,540587,615806
2.02307E+11,75614,1692089667,541185,616799
2.02307E+11,74918,1692089668,540885,615803
2.02307E+11,74780,1692089669,540212,614992
2.02307E+11,75366,1692089670,539936,615302
2.02307E+11,75639,1692089671,540214,615853
2.02307E+11,74878,1692089672,539445,614323
2.02307E+11,75280,1692089673,540673,615953
2.02307E+11,74885,1692089674,540667,615552
2.02307E+11,75239,1692089675,540645,615884
2.02307E+11,74960,1692089676,540091,615051
2.02307E+11,75431,1692089677,540362,615793
2.02307E+11,74614,1692089678,540704,615318
2.02307E+11,75476,1692089679,540034,615510
2.02307E+11,75637,1692089680,541230,616867
2.02307E+11,75424,1692089681,540480,615904
2.02307E+11,75200,1692089682,540650,615850
2.02307E+11,75234,1692089683,540825,616059
2.02307E+11,75917,1692089684,540892,616809
2.02307E+11,75613,1692089685,539552,615165
2.02307E+11,76348,1692089686,540455,616803
2.02307E+11,75862,1692089687,538725,614587
2.02307E+11,75314,1692089688,540108,615422
2.02307E+11,75335,1692089689,539734,615069
2.02307E+11,75792,1692089690,539768,615560
2.02307E+11,75759,1692089691,540022,615781
2.02307E+11,75489,1692089692,539954,615443
2.02307E+11,75435,1692089693,540563,615998
2.02307E+11,75193,1692089694,540414,615607
2.02307E+11,75650,1692089695,540033,615683
2.02307E+11,75504,1692089696,540235,615739
2.02307E+11,75187,1692089697,540292,615479
2.02307E+11,75059,1692089698,539744,614803
2.02307E+11,75741,1692089699,539499,615240
2.02307E+11,75715,1692089700,538184,613899
2.02307E+11,75038,1692089701,538154,613192
2.02307E+11,75176,1692089702,539806,614982
2.02307E+11,74940,1692089703,539101,614041
2.02307E+11,75052,1692089704,539787,614839
2.02307E+11,75369,1692089705,540304,615673
2.02307E+11,75476,1692089706,539662,615138
2.02307E+11,75030,1692089707,539733,614763
2.02307E+11,75490,1692089707,540454,615944
2.02307E+11,75574,1692089709,540070,615644
2.02307E+11,74877,1692089710,540652,615529
2.02307E+11,75276,1692089711,540245,615521
2.02307E+11,74509,1692089712,539986,614495
2.02307E+11,74992,1692089713,539813,614805
2.02307E+11,74599,1692089714,539327,613926
2.02307E+11,74807,1692089715,539713,614520
2.02307E+11,74698,1692089716,539621,614319
2.02307E+11,74562,1692089717,539285,613847
2.02307E+11,75019,1692089718,539640,614659
2.02307E+11,74735,1692089719,539370,614105
2.02307E+11,75246,1692089720,540337,615583
2.02307E+11,75104,1692089721,539813,614917
2.02307E+11,74696,1692089722,540205,614901
2.02307E+11,75250,1692089723,539957,615207
2.02307E+11,75565,1692089724,539849,615414
2.02307E+11,74848,1692089725,539516,614364
2.02307E+11,74410,1692089726,539340,613750
2.02307E+11,75097,1692089727,538915,614012
2.02307E+11,75139,1692089728,539114,614253
2.02307E+11,75288,1692089729,538095,613383
2.02307E+11,75259,1692089730,538583,613842
2.02307E+11,75445,1692089731,539754,615199
2.02307E+11,76032,1692089732,539038,615070
2.02307E+11,76219,1692089733,539635,615854
2.02307E+11,75822,1692089734,540149,615971
2.02307E+11,75466,1692089735,540796,616262
2.02307E+11,75733,1692089736,539925,615658
2.02307E+11,76130,1692089737,539967,616097
2.02307E+11,76668,1692089738,540080,616748
2.02307E+11,75878,1692089739,539839,615717
2.02307E+11,75529,1692089740,540121,615650
2.02307E+11,76065,1692089741,539230,615295
2.02307E+11,76044,1692089742,539275,615319
2.02307E+11,76047,1692089743,539606,615653
2.02307E+11,75104,1692089744,538975,614079
2.02307E+11,74753,1692089745,538590,613343
2.02307E+11,75757,1692089746,538852,614609
2.02307E+11,74795,1692089747,539487,614282
2.02307E+11,75460,1692089748,538670,614130
2.02307E+11,74936,1692089749,540144,615080
2.02307E+11,75136,1692089750,539683,614819
2.02307E+11,75661,1692089751,539537,615198
2.02307E+11,74948,1692089752,539699,614647
2.02307E+11,75058,1692089753,540812,615870
2.02307E+11,75489,1692089754,539785,615274
2.02307E+11,75269,1692089755,539286,614555
2.02307E+11,75490,1692089756,539401,614891
2.02307E+11,74910,1692089757,538943,613853
2.02307E+11,74997,1692089758,539648,614645
2.02307E+11,75170,1692089759,539413,614583
2.02307E+11,75517,1692089760,539893,615410
2.02307E+11,75567,1692089761,538750,614317
2.02307E+11,75405,1692089762,539174,614579
2.02307E+11,75148,1692089763,539267,614415
2.02307E+11,75899,1692089764,539830,615729
2.02307E+11,75650,1692089765,540758,616408
2.02307E+11,75735,1692089766,540383,616118
2.02307E+11,74927,1692089767,540238,615165
2.02307E+11,75040,1692089768,540371,615411
2.02307E+11,76149,1692089769,540114,616263
2.02307E+11,75588,1692089770,539639,615227
2.02307E+11,75745,1692089771,539693,615438
2.02307E+11,75073,1692089772,538987,614060
2.02307E+11,75658,1692089773,538512,614170
2.02307E+11,75536,1692089774,538132,613668
2.02307E+11,75502,1692089775,538184,613686
2.02307E+11,75314,1692089776,539106,614420
2.02307E+11,74660,1692089777,539789,614449
2.02307E+11,74642,1692089778,539264,613906
2.02307E+11,75013,1692089779,539216,614229
2.02307E+11,75581,1692089780,539345,614926
2.02307E+11,75150,1692089781,540373,615523
2.02307E+11,74656,1692089782,540039,614695
2.02307E+11,75463,1692089783,540175,615638
2.02307E+11,75577,1692089784,540062,615639
2.02307E+11,74985,1692089785,539037,614022
2.02307E+11,75045,1692089786,539034,614079
2.02307E+11,75018,1692089787,538938,613956
2.02307E+11,75648,1692089788,538772,614420
2.02307E+11,74941,1692089789,538627,613568
2.02307E+11,74780,1692089790,538269,613049
2.02307E+11,74723,1692089791,538516,613239
2.02307E+11,75576,1692089792,539262,614838
2.02307E+11,75417,1692089793,538909,614326
2.02307E+11,75188,1692089794,539600,614788
2.02307E+11,74822,1692089795,539895,614717
2.02307E+11,74979,1692089796,540000,614979
2.02307E+11,75702,1692089797,539642,615344
2.02307E+11,75969,1692089798,540498,616467
2.02307E+11,75872,1692089799,540099,615971
2.02307E+11,75657,1692089800,539367,615024
2.02307E+11,75130,1692089801,539350,614480
2.02307E+11,75401,1692089802,539404,614805
2.02307E+11,76097,1692089803,539062,615159
2.02307E+11,76251,1692089804,538759,615010
2.02307E+11,75864,1692089805,539956,615820
2.02307E+11,75911,1692089806,539612,615523
2.02307E+11,75990,1692089807,540063,616053
2.02307E+11,75439,1692089808,539351,614790
2.02307E+11,75615,1692089809,539354,614969
2.02307E+11,75797,1692089810,540153,615950
2.02307E+11,75121,1692089811,539943,615064
2.02307E+11,75630,1692089812,540947,616577
2.02307E+11,75496,1692089813,539162,614658
2.02307E+11,75237,1692089814,539279,614516
2.02307E+11,74907,1692089815,539540,614447
2.02307E+11,75450,1692089816,538872,614322
2.02307E+11,75954,1692089817,539215,615169
2.02307E+11,75195,1692089818,538761,613956
2.02307E+11,74930,1692089819,538533,613463
2.02307E+11,74971,1692089820,539376,614347
2.02307E+11,76021,1692089821,539332,615353
2.02307E+11,74977,1692089822,540111,615088
2.02307E+11,75288,1692089823,539722,615010
2.02307E+11,74556,1692089824,540332,614888
2.02307E+11,74991,1692089825,538908,613899
2.02307E+11,74724,1692089826,539901,614625
2.02307E+11,74890,1692089827,540550,615440
2.02307E+11,74559,1692089828,540680,615239
2.02307E+11,74754,1692089829,540613,615367
2.02307E+11,75214,1692089830,539629,614843
2.02307E+11,74350,1692089831,540390,614740
2.02307E+11,75338,1692089832,539674,615012
2.02307E+11,74398,1692089833,539742,614140
2.02307E+11,74847,1692089834,539603,614450
2.02307E+11,75580,1692089835,539377,614957
2.02307E+11,75225,1692089836,539422,614647
2.02307E+11,75234,1692089837,538788,614022
2.02307E+11,75194,1692089838,538792,613986
2.02307E+11,75650,1692089839,539310,614960
2.02307E+11,75609,1692089840,539170,614779
2.02307E+11,75917,1692089841,539179,615096
2.02307E+11,75632,1692089842,539752,615384
2.02307E+11,75707,1692089843,538795,614502
2.02307E+11,76341,1692089844,538595,614936
2.02307E+11,75642,1692089845,539444,615086
2.02307E+11,76080,1692089846,539261,615341
2.02307E+11,75783,1692089847,539634,615417
2.02307E+11,75599,1692089848,539002,614601
2.02307E+11,76098,1692089849,539541,615639
2.02307E+11,75849,1692089850,538983,614832
2.02307E+11,76041,1692089851,538459,614500
2.02307E+11,75404,1692089852,539144,614548
2.02307E+11,75617,1692089853,539191,614808
2.02307E+11,75846,1692089854,538322,614168
2.02307E+11,75782,1692089855,538664,614446
2.02307E+11,75265,1692089856,538496,613761
2.02307E+11,74925,1692089857,538466,613391
2.02307E+11,75251,1692089857,538843,614094
2.02307E+11,75683,1692089859,539357,615040
2.02307E+11,76249,1692089860,539867,616116
2.02307E+11,74822,1692089861,539793,614615
2.02307E+11,75305,1692089862,539905,615210
2.02307E+11,75030,1692089863,539168,614198
2.02307E+11,74950,1692089864,539581,614531
2.02307E+11,75134,1692089865,539757,614891
2.02307E+11,74792,1692089866,539281,614073
2.02307E+11,75113,1692089867,539081,614194
2.02307E+11,75154,1692089868,539177,614331
2.02307E+11,75752,1692089869,539355,615107
2.02307E+11,75000,1692089870,539453,614453
2.02307E+11,74744,1692089871,539146,613890
2.02307E+11,75336,1692089872,538510,613846
2.02307E+11,75338,1692089873,539095,614433
2.02307E+11,74929,1692089874,538429,613358
2.02307E+11,75076,1692089875,539926,615002
2.02307E+11,75269,1692089876,539391,614660
2.02307E+11,75037,1692089877,538947,613984
2.02307E+11,75591,1692089878,538597,614188
2.02307E+11,75026,1692089879,538729,613755
2.02307E+11,75028,1692089880,539364,614392
2.02307E+11,75237,1692089881,539475,614712
2.02307E+11,75570,1692089882,540047,615617
2.02307E+11,75294,1692089883,539109,614403
2.02307E+11,74353,1692089884,539408,613761
2.02307E+11,75353,1692089885,539558,614911
2.02307E+11,75564,1692089886,539495,615059
2.02307E+11,74811,1692089887,540144,614955
2.02307E+11,75436,1692089888,538893,614329
2.02307E+11,74949,1692089889,539069,614018
2.02307E+11,75041,1692089890,539340,614381
2.02307E+11,75966,1692089891,538664,614630
2.02307E+11,76208,1692089892,538429,614637
2.02307E+11,75922,1692089893,539066,614988
2.02307E+11,75063,1692089894,539773,614836
2.02307E+11,75845,1692089895,540161,616006
2.02307E+11,75683,1692089896,539292,614975
2.02307E+11,76495,1692089897,540095,616590
2.02307E+11,76020,1692089898,539151,615171
2.02307E+11,75603,1692089899,539368,614971
2.02307E+11,76089,1692089900,539549,615638
2.02307E+11,75875,1692089901,539779,615654
2.02307E+11,75997,1692089902,0,75997
2.02307E+11,75308,1692089903,0,75308
2.02307E+11,74936,1692089904,0,74936
2.02307E+11,75085,1692089905,0,75085
2.02307E+11,75603,1692089906,0,75603
2.02307E+11,74757,1692089907,0,74757
2.02307E+11,75081,1692089908,0,75081
2.02307E+11,75146,1692089909,542094,617240
2.02307E+11,76255,1692089910,538211,614466
2.02307E+11,75504,1692089911,538596,614100
2.02307E+11,75307,1692089912,538409,613716
2.02307E+11,75126,1692089913,537895,613021
2.02307E+11,75507,1692089914,537586,613093
2.02307E+11,75791,1692089915,537894,613685
2.02307E+11,74747,1692089916,537961,612708
2.02307E+11,74575,1692089917,537527,612102
2.02307E+11,75036,1692089918,537263,612299
2.02307E+11,74529,1692089919,537408,611937
2.02307E+11,74656,1692089920,538320,612976
2.02307E+11,74671,1692089921,537050,611721
2.02307E+11,75052,1692089922,536210,611262
2.02307E+11,75530,1692089923,536640,612170
2.02307E+11,75068,1692089924,537368,612436
2.02307E+11,75444,1692089925,537965,613409
2.02307E+11,75133,1692089926,537037,612170
2.02307E+11,75033,1692089927,536828,611861
2.02307E+11,75126,1692089928,537829,612955
2.02307E+11,75460,1692089929,537965,613425
2.02307E+11,75208,1692089930,538403,613611
2.02307E+11,75385,1692089931,538574,613959
2.02307E+11,75895,1692089932,538310,614205
2.02307E+11,76330,1692089933,538034,614364
2.02307E+11,76036,1692089934,539176,615212
2.02307E+11,75369,1692089935,537664,613033
2.02307E+11,76293,1692089936,538338,614631
2.02307E+11,75603,1692089937,537001,612604
2.02307E+11,76178,1692089938,537485,613663
2.02307E+11,75953,1692089939,537503,613456
2.02307E+11,75145,1692089940,536731,611876
2.02307E+11,76154,1692089941,536865,613019
2.02307E+11,75838,1692089942,536785,612623
2.02307E+11,75702,1692089943,537274,612976
2.02307E+11,75850,1692089944,536416,612266
2.02307E+11,74985,1692089945,535883,610868
2.02307E+11,75554,1692089946,536030,611584
2.02307E+11,75266,1692089947,536490,611756
2.02307E+11,75183,1692089948,536883,612066
2.02307E+11,74993,1692089949,536891,611884
2.02307E+11,74386,1692089950,536340,610726
2.02307E+11,75216,1692089951,536200,611416
2.02307E+11,75127,1692089952,536259,611386
2.02307E+11,75086,1692089953,536591,611677
2.02307E+11,74236,1692089954,536705,610941
2.02307E+11,75393,1692089955,537295,612688
2.02307E+11,76190,1692089956,536997,613187
2.02307E+11,75328,1692089957,537194,612522
2.02307E+11,75504,1692089958,537029,612533
2.02307E+11,74319,1692089959,536948,611267
2.02307E+11,74294,1692089960,536114,610408
2.02307E+11,75774,1692089961,537021,612795
2.02307E+11,75405,1692089962,536106,611511
2.02307E+11,75040,1692089963,535766,610806
2.02307E+11,75255,1692089964,535696,610951
2.02307E+11,75041,1692089965,535450,610491
2.02307E+11,75182,1692089966,536110,611292
2.02307E+11,75741,1692089967,536403,612144
2.02307E+11,75070,1692089968,536287,611357
2.02307E+11,74905,1692089969,536907,611812
2.02307E+11,75164,1692089970,536801,611965
2.02307E+11,75617,1692089971,537507,613124
2.02307E+11,75011,1692089972,537210,612221
2.02307E+11,75340,1692089973,536427,611767
2.02307E+11,75409,1692089974,536674,612083
2.02307E+11,74843,1692089975,536516,611359
2.02307E+11,75392,1692089976,536316,611708
2.02307E+11,75623,1692089977,535953,611576
2.02307E+11,75491,1692089978,536462,611953
2.02307E+11,75822,1692089979,535936,611758
2.02307E+11,75892,1692089980,535714,611606
2.02307E+11,75757,1692089981,536005,611762
2.02307E+11,74956,1692089982,535807,610763
2.02307E+11,75200,1692089983,536331,611531
2.02307E+11,75391,1692089984,535842,611233
2.02307E+11,75271,1692089985,536527,611798
2.02307E+11,75204,1692089986,537395,612599
2.02307E+11,75101,1692089987,536813,611914
2.02307E+11,75221,1692089988,536638,611859
2.02307E+11,75076,1692089989,536293,611369
2.02307E+11,74689,1692089990,535399,610088
2.02307E+11,74843,1692089991,536434,611277
2.02307E+11,74664,1692089992,536432,611096
2.02307E+11,75553,1692089993,535673,611226
2.02307E+11,75926,1692089994,536158,612084
2.02307E+11,75339,1692089995,535051,610390
2.02307E+11,74561,1692089996,535938,610499
2.02307E+11,74664,1692089997,536040,610704
2.02307E+11,75352,1692089998,536011,611363
2.02307E+11,74469,1692089999,535561,610030
2.02307E+11,74184,1692090000,537081,611265
2.02307E+11,74613,1692090001,536782,611395
2.02307E+11,74982,1692090002,536207,611189
2.02307E+11,74747,1692090003,536558,611305
2.02307E+11,74971,1692090004,535306,610277
2.02307E+11,75041,1692090005,536020,611061
2.02307E+11,75380,1692090006,535672,611052
2.02307E+11,75801,1692090007,536707,612508
2.02307E+11,75504,1692090008,536867,612371
2.02307E+11,75300,1692090008,536350,611650
2.02307E+11,75876,1692090010,536645,612521
2.02307E+11,75674,1692090011,535664,611338
2.02307E+11,75141,1692090012,535818,610959
2.02307E+11,75543,1692090013,535086,610629
2.02307E+11,74973,1692090014,535009,609982
2.02307E+11,75416,1692090015,535728,611144
2.02307E+11,75916,1692090016,535243,611159
2.02307E+11,75105,1692090017,534585,609690
2.02307E+11,74456,1692090018,534258,608714
2.02307E+11,75293,1692090019,534888,610181
2.02307E+11,75736,1692090020,534881,610617
2.02307E+11,76019,1692090021,534939,610958
2.02307E+11,75870,1692090022,534498,610368
2.02307E+11,75801,1692090023,536590,612391
2.02307E+11,75960,1692090024,536329,612289
2.02307E+11,75815,1692090025,536785,612600
2.02307E+11,75802,1692090026,536967,612769
2.02307E+11,75603,1692090027,536418,612021
2.02307E+11,75343,1692090028,536472,611815
2.02307E+11,76184,1692090029,536258,612442
2.02307E+11,75959,1692090030,535827,611786
2.02307E+11,76011,1692090031,535941,611952
2.02307E+11,75297,1692090032,534659,609956
2.02307E+11,75291,1692090033,534935,610226
2.02307E+11,75006,1692090034,535841,610847
2.02307E+11,75736,1692090035,535307,611043
2.02307E+11,75564,1692090036,535906,611470
2.02307E+11,75277,1692090037,535709,610986
2.02307E+11,75608,1692090038,535720,611328
2.02307E+11,75832,1692090039,535853,611685
2.02307E+11,75465,1692090040,536363,611828
2.02307E+11,75171,1692090041,536222,611393
2.02307E+11,75091,1692090042,536961,612052
2.02307E+11,75060,1692090043,536935,611995
2.02307E+11,75231,1692090044,536674,611905
2.02307E+11,74830,1692090045,536313,611143
2.02307E+11,74937,1692090046,537069,612006
2.02307E+11,75645,1692090047,536295,611940
2.02307E+11,75505,1692090048,537590,613095
2.02307E+11,75128,1692090049,536974,612102
2.02307E+11,74393,1692090050,536576,610969
2.02307E+11,75036,1692090051,537149,612185
2.02307E+11,75488,1692090052,537609,613097
2.02307E+11,75409,1692090053,537696,613105
2.02307E+11,74974,1692090054,536658,611632
2.02307E+11,74830,1692090055,536796,611626
2.02307E+11,75142,1692090056,535139,610281
2.02307E+11,75135,1692090057,535242,610377
2.02307E+11,75449,1692090058,534069,609518
2.02307E+11,74789,1692090059,533779,608568
2.02307E+11,74223,1692090060,533748,607971
2.02307E+11,74812,1692090061,534396,609208
2.02307E+11,75343,1692090062,534387,609730
2.02307E+11,74660,1692090063,535144,609804
2.02307E+11,75271,1692090064,534758,610029
2.02307E+11,74744,1692090065,534529,609273
2.02307E+11,74969,1692090066,534584,609553
2.02307E+11,75655,1692090067,535061,610716
2.02307E+11,75748,1692090068,536133,611881
2.02307E+11,75720,1692090069,535885,611605
2.02307E+11,75431,1692090070,536166,611597
2.02307E+11,75402,1692090071,536182,611584
2.02307E+11,75390,1692090072,535818,611208
2.02307E+11,75812,1692090073,534762,610574
2.02307E+11,76108,1692090074,535143,611251
2.02307E+11,76390,1692090075,535819,612209
2.02307E+11,75714,1692090076,535947,611661
2.02307E+11,76130,1692090077,534962,611092
2.02307E+11,75564,1692090078,535286,610850
2.02307E+11,75287,1692090079,535684,610971
2.02307E+11,76180,1692090080,536029,612209
2.02307E+11,75740,1692090081,536188,611928
2.02307E+11,76222,1692090082,535398,611620
2.02307E+11,75276,1692090083,536172,611448
2.02307E+11,75376,1692090084,535297,610673
2.02307E+11,75902,1692090085,535946,611848
2.02307E+11,76322,1692090086,535953,612275
2.02307E+11,76435,1692090087,535778,612213
2.02307E+11,75768,1692090088,535944,611712
2.02307E+11,75647,1692090089,535849,611496
2.02307E+11,75797,1692090090,535502,611299
2.02307E+11,74981,1692090091,536015,610996
2.02307E+11,75298,1692090092,536506,611804
2.02307E+11,74648,1692090093,536175,610823
2.02307E+11,74822,1692090094,534928,609750
2.02307E+11,75424,1692090095,535912,611336
2.02307E+11,74999,1692090096,535709,610708
2.02307E+11,74686,1692090097,535194,609880
2.02307E+11,74819,1692090098,535631,610450
2.02307E+11,75440,1692090099,535127,610567
2.02307E+11,75345,1692090100,535486,610831
2.02307E+11,74744,1692090101,535261,610005
2.02307E+11,74308,1692090102,535235,609543
2.02307E+11,75005,1692090103,534866,609871
2.02307E+11,74984,1692090104,533895,608879
2.02307E+11,75132,1692090105,534632,609764
2.02307E+11,75002,1692090106,535027,610029
2.02307E+11,75603,1692090107,534649,610252
2.02307E+11,75376,1692090108,534605,609981
2.02307E+11,74602,1692090109,534753,609355
2.02307E+11,74898,1692090110,534862,609760
2.02307E+11,74266,1692090111,533993,608259
2.02307E+11,75145,1692090112,1577086,1652231
2.02307E+11,75524,1692090113,1579843,1655367
2.02307E+11,75418,1692090114,1578686,1654104
2.02307E+11,75885,1692090115,534163,610048
2.02307E+11,75573,1692090116,872492,948065
2.02307E+11,75483,1692090117,873156,948639
2.02307E+11,76234,1692090118,872631,948865
2.02307E+11,75606,1692090119,872453,948059
2.02307E+11,76154,1692090120,873218,949372
2.02307E+11,75878,1692090121,873560,949438
2.02307E+11,76295,1692090122,872931,949226
2.02307E+11,75395,1692090123,872926,948321
2.02307E+11,75801,1692090124,873185,948986
2.02307E+11,75445,1692090125,873744,949189
2.02307E+11,75082,1692090126,873661,948743
2.02307E+11,75769,1692090127,873463,949232
2.02307E+11,75409,1692090128,873289,948698
2.02307E+11,75423,1692090129,872996,948419
2.02307E+11,75255,1692090130,872813,948068
2.02307E+11,75518,1692090131,873277,948795
2.02307E+11,75506,1692090132,873700,949206
2.02307E+11,74931,1692090133,873656,948587
2.02307E+11,74547,1692090134,873806,948353
2.02307E+11,75729,1692090135,873573,949302
2.02307E+11,75865,1692090136,872645,948510
2.02307E+11,75881,1692090137,872429,948310
2.02307E+11,75324,1692090138,873224,948548
2.02307E+11,75226,1692090139,873010,948236
2.02307E+11,75721,1692090140,872209,947930
2.02307E+11,75725,1692090141,873041,948766
2.02307E+11,75180,1692090142,873321,948501
2.02307E+11,74875,1692090143,872802,947677
2.02307E+11,74982,1692090144,873413,948395
2.02307E+11,75412,1692090145,874054,949466
2.02307E+11,74804,1692090146,873234,948038
2.02307E+11,74393,1692090147,872927,947320
2.02307E+11,75221,1692090148,871955,947176
2.02307E+11,75238,1692090149,871483,946721
2.02307E+11,75199,1692090150,870337,945536
2.02307E+11,75766,1692090151,870439,946205
2.02307E+11,74899,1692090152,872129,947028
2.02307E+11,75488,1692090153,872339,947827
2.02307E+11,75528,1692090154,872958,948486
2.02307E+11,75497,1692090155,873480,948977
2.02307E+11,75659,1692090156,874090,949749
2.02307E+11,76034,1692090157,876431,952465
2.02307E+11,75887,1692090158,876504,952391
2.02307E+11,75652,1692090158,875560,951212
2.02307E+11,75662,1692090160,874791,950453
2.02307E+11,75450,1692090161,874872,950322
2.02307E+11,75867,1692090162,875717,951584
2.02307E+11,75867,1692090163,874556,950423
2.02307E+11,75688,1692090164,874694,950382
2.02307E+11,75530,1692090165,875062,950592
2.02307E+11,75593,1692090166,875050,950643
2.02307E+11,75975,1692090167,875240,951215
2.02307E+11,76663,1692090168,874903,951566
2.02307E+11,75272,1692090169,875946,951218
2.02307E+11,75375,1692090170,875447,950822
2.02307E+11,74963,1692090171,875533,950496
2.02307E+11,75568,1692090172,874991,950559
2.02307E+11,75894,1692090173,876099,951993
2.02307E+11,75137,1692090174,876203,951340
2.02307E+11,75059,1692090175,876790,951849
2.02307E+11,75412,1692090176,876611,952023
2.02307E+11,75110,1692090177,876804,951914
2.02307E+11,75389,1692090178,876785,952174
2.02307E+11,75048,1692090179,875613,950661
2.02307E+11,74943,1692090180,872768,947711
2.02307E+11,75178,1692090181,874289,949467
2.02307E+11,75256,1692090182,875534,950790
2.02307E+11,74990,1692090183,874782,949772
2.02307E+11,74933,1692090184,875049,949982
2.02307E+11,75857,1692090185,874862,950719
2.02307E+11,75558,1692090186,873571,949129
2.02307E+11,75654,1692090187,873786,949440
2.02307E+11,75372,1692090188,873542,948914
2.02307E+11,75443,1692090189,874318,949761
2.02307E+11,75703,1692090190,875027,950730
2.02307E+11,75454,1692090191,874413,949867
2.02307E+11,75693,1692090192,874289,949982
2.02307E+11,75252,1692090193,875023,950275
2.02307E+11,75626,1692090194,876253,951879
2.02307E+11,75807,1692090195,876642,952449
2.02307E+11,75562,1692090196,875938,951500
2.02307E+11,75848,1692090197,875790,951638
2.02307E+11,76058,1692090198,876742,952800
2.02307E+11,76340,1692090199,876160,952500
2.02307E+11,76109,1692090200,876715,952824
2.02307E+11,76137,1692090201,875915,952052
2.02307E+11,76002,1692090202,876623,952625
2.02307E+11,75151,1692090203,876473,951624
2.02307E+11,75375,1692090204,876172,951547
2.02307E+11,76489,1692090205,875458,951947
2.02307E+11,75959,1692090206,875907,951866
2.02307E+11,75671,1692090207,876305,951976
2.02307E+11,76133,1692090208,875534,951667
2.02307E+11,76222,1692090209,876221,952443
2.02307E+11,75989,1692090210,876435,952424
2.02307E+11,75531,1692090211,874548,950079
2.02307E+11,75352,1692090212,875119,950471
2.02307E+11,75029,1692090213,874791,949820
2.02307E+11,75449,1692090214,875343,950792
2.02307E+11,75815,1692090215,875560,951375
2.02307E+11,75456,1692090216,875504,950960
2.02307E+11,74844,1692090217,876634,951478
2.02307E+11,75593,1692090218,875182,950775
2.02307E+11,75712,1692090219,875048,950760
2.02307E+11,75759,1692090220,875853,951612
2.02307E+11,74955,1692090221,874740,949695
2.02307E+11,74758,1692090222,875169,949927
2.02307E+11,75432,1692090223,875162,950594
2.02307E+11,74807,1692090224,874769,949576
2.02307E+11,74656,1692090225,875546,950202
2.02307E+11,74383,1692090226,875720,950103
2.02307E+11,75689,1692090227,873943,949632
2.02307E+11,75243,1692090228,873943,949186
2.02307E+11,75104,1692090229,874115,949219
2.02307E+11,74822,1692090230,873638,948460
2.02307E+11,75817,1692090231,873309,949126
2.02307E+11,75613,1692090232,873727,949340
2.02307E+11,74896,1692090233,873870,948766
2.02307E+11,74801,1692090234,873726,948527
2.02307E+11,75425,1692090235,873713,949138
2.02307E+11,75510,1692090236,874340,949850
2.02307E+11,75620,1692090237,873953,949573
2.02307E+11,75305,1692090238,873781,949086
2.02307E+11,74959,1692090239,872638,947597
2.02307E+11,75358,1692090240,873956,949314
2.02307E+11,75662,1692090241,872824,948486
2.02307E+11,74585,1692090243,873590,948175
2.02307E+11,75139,1692090244,873437,948576
2.02307E+11,75594,1692090245,874292,949886
2.02307E+11,74942,1692090246,874269,949211
2.02307E+11,75784,1692090247,874959,950743
2.02307E+11,75458,1692090248,874339,949797
2.02307E+11,75422,1692090249,874355,949777
2.02307E+11,76859,1692090250,875446,952305
2.02307E+11,75915,1692090251,876152,952067
2.02307E+11,76127,1692090252,875970,952097
2.02307E+11,76331,1692090253,875990,952321
2.02307E+11,75740,1692090254,875875,951615
2.02307E+11,75668,1692090255,875586,951254
2.02307E+11,75807,1692090256,874298,950105
2.02307E+11,75807,1692090257,874012,949819
2.02307E+11,75846,1692090258,874100,949946
2.02307E+11,76297,1692090259,875327,951624
2.02307E+11,75814,1692090260,875434,951248
2.02307E+11,75854,1692090261,875186,951040
2.02307E+11,75799,1692090263,874453,950252
2.02307E+11,75618,1692090264,875186,950804
2.02307E+11,75708,1692090265,874605,950313
2.02307E+11,74786,1692090266,874123,948909
2.02307E+11,75594,1692090267,874713,950307
2.02307E+11,75673,1692090268,874734,950407
2.02307E+11,75169,1692090269,876237,951406
2.02307E+11,75078,1692090270,876502,951580
2.02307E+11,75064,1692090271,875205,950269
2.02307E+11,75824,1692090272,872036,947860
2.02307E+11,75185,1692090273,873792,948977
2.02307E+11,75658,1692090274,873627,949285
2.02307E+11,74714,1692090275,874123,948837
2.02307E+11,75428,1692090276,873794,949222
2.02307E+11,75285,1692090277,871345,946630
2.02307E+11,74780,1692090278,872374,947154
2.02307E+11,75153,1692090279,874017,949170
2.02307E+11,74662,1692090280,874586,949248
2.02307E+11,75449,1692090281,875268,950717
2.02307E+11,75283,1692090282,875120,950403
2.02307E+11,74793,1692090283,875301,950094
2.02307E+11,75488,1692090284,874298,949786
2.02307E+11,75171,1692090285,873884,949055
2.02307E+11,76080,1692090286,875412,951492
2.02307E+11,75437,1692090287,874821,950258
2.02307E+11,75671,1692090288,874714,950385
2.02307E+11,75602,1692090289,874632,950234
2.02307E+11,76094,1692090290,874452,950546
2.02307E+11,75846,1692090291,875268,951114
2.02307E+11,75865,1692090293,873887,949752
2.02307E+11,76027,1692090294,874753,950780
2.02307E+11,76133,1692090295,875222,951355
2.02307E+11,75961,1692090296,875598,951559
2.02307E+11,75918,1692090297,874042,949960
2.02307E+11,75846,1692090298,874517,950363
2.02307E+11,75970,1692090299,874723,950693
2.02307E+11,75741,1692090300,874407,950148
2.02307E+11,75507,1692090301,875161,950668
2.02307E+11,75299,1692090302,874641,949940
2.02307E+11,75610,1692090303,874346,949956
2.02307E+11,75901,1692090304,870757,946658
2.02307E+11,75405,1692090305,875400,950805
2.02307E+11,75085,1692090306,875376,950461
2.02307E+11,74537,1692090307,874980,949517
2.02307E+11,75490,1692090308,874505,949995
2.02307E+11,75296,1692090309,872978,948274
2.02307E+11,75185,1692090309,874639,949824
2.02307E+11,75461,1692090311,874454,949915
2.02307E+11,75754,1692090312,875508,951262
2.02307E+11,75210,1692090313,874915,950125
2.02307E+11,75492,1692090314,874218,949710
2.02307E+11,74841,1692090315,875313,950154
2.02307E+11,74955,1692090316,874544,949499
2.02307E+11,75351,1692090317,874382,949733
2.02307E+11,75551,1692090318,875959,951510
2.02307E+11,75517,1692090319,874133,949650
2.02307E+11,75047,1692090320,874872,949919
2.02307E+11,75960,1692090321,874247,950207
2.02307E+11,75483,1692090322,874218,949701
2.02307E+11,75907,1692090323,874467,950374
2.02307E+11,75185,1692090324,874077,949262
2.02307E+11,75387,1692090325,873815,949202
2.02307E+11,75305,1692090326,874518,949823
2.02307E+11,76033,1692090327,873420,949453
2.02307E+11,75987,1692090328,873926,949913
2.02307E+11,75944,1692090329,874890,950834
2.02307E+11,75893,1692090330,873835,949728
2.02307E+11,76379,1692090331,875363,951742
2.02307E+11,76728,1692090332,873967,950695
2.02307E+11,76708,1692090333,874630,951338
2.02307E+11,75918,1692090334,874796,950714
2.02307E+11,75892,1692090335,874380,950272
2.02307E+11,75302,1692090336,874745,950047
2.02307E+11,75748,1692090337,875419,951167
2.02307E+11,75800,1692090338,874109,949909
2.02307E+11,75112,1692090339,875402,950514
2.02307E+11,75990,1692090340,872305,948295
2.02307E+11,76074,1692090341,875086,951160
2.02307E+11,76241,1692090342,875382,951623
2.02307E+11,75840,1692090343,874864,950704
2.02307E+11,75674,1692090344,875017,950691
2.02307E+11,76009,1692090345,874576,950585
2.02307E+11,75568,1692090346,875139,950707
2.02307E+11,75199,1692090347,874188,949387
2.02307E+11,74934,1692090348,875173,950107
2.02307E+11,75374,1692090349,874964,950338
2.02307E+11,75267,1692090350,876395,951662
2.02307E+11,75086,1692090351,875853,950939
2.02307E+11,75005,1692090352,874583,949588
2.02307E+11,75160,1692090353,876797,951957
2.02307E+11,75470,1692090354,875405,950875
2.02307E+11,74829,1692090355,875723,950552
2.02307E+11,74713,1692090356,875793,950506
2.02307E+11,75140,1692090357,876675,951815
2.02307E+11,75316,1692090358,877121,952437
2.02307E+11,75741,1692090359,876779,952520
2.02307E+11,75293,1692090360,875618,950911
2.02307E+11,75609,1692090361,875931,951540
2.02307E+11,75241,1692090362,876157,951398
2.02307E+11,75654,1692090363,874944,950598
2.02307E+11,75572,1692090364,874484,950056
2.02307E+11,75536,1692090365,875464,951000
2.02307E+11,75660,1692090366,874707,950367
2.02307E+11,75808,1692090367,874911,950719
2.02307E+11,75936,1692090368,874081,950017
2.02307E+11,75548,1692090369,874020,949568
2.02307E+11,76209,1692090370,874502,950711
2.02307E+11,75194,1692090371,875063,950257
2.02307E+11,75911,1692090372,875905,951816
2.02307E+11,76006,1692090373,876019,952025
2.02307E+11,75003,1692090374,875072,950075
2.02307E+11,75383,1692090375,875305,950688
2.02307E+11,75005,1692090376,875192,950197
2.02307E+11,75116,1692090377,876262,951378
2.02307E+11,75220,1692090378,875234,950454
2.02307E+11,75509,1692090379,875992,951501
2.02307E+11,75608,1692090380,875654,951262
2.02307E+11,74956,1692090381,875388,950344
2.02307E+11,75486,1692090382,875625,951111
2.02307E+11,74615,1692090383,875247,949862
2.02307E+11,74480,1692090384,874866,949346
2.02307E+11,75042,1692090385,874877,949919
2.02307E+11,75558,1692090386,874929,950487
2.02307E+11,75541,1692090387,874556,950097
2.02307E+11,74905,1692090388,874788,949693
2.02307E+11,75003,1692090389,875109,950112
2.02307E+11,75149,1692090390,874685,949834
2.02307E+11,74660,1692090391,874027,948687
2.02307E+11,75146,1692090392,875288,950434
2.02307E+11,75173,1692090393,875592,950765
2.02307E+11,74612,1692090394,875349,949961
2.02307E+11,75402,1692090395,876112,951514
2.02307E+11,75716,1692090396,875750,951466
2.02307E+11,75289,1692090397,874701,949990
2.02307E+11,76107,1692090398,875602,951709
2.02307E+11,76048,1692090399,875021,951069
2.02307E+11,75737,1692090400,875713,951450
2.02307E+11,75869,1692090401,875926,951795
2.02307E+11,75521,1692090402,875527,951048
2.02307E+11,75581,1692090403,875435,951016
2.02307E+11,76002,1692090404,875568,951570
2.02307E+11,75843,1692090405,875282,951125
2.02307E+11,76051,1692090406,874149,950200
2.02307E+11,75060,1692090407,874809,949869
2.02307E+11,75285,1692090408,874810,950095
2.02307E+11,76243,1692090409,875489,951732
2.02307E+11,75952,1692090410,875774,951726
2.02307E+11,75645,1692090411,875709,951354
2.02307E+11,75464,1692090412,874641,950105
2.02307E+11,74779,1692090413,875132,949911
2.02307E+11,75485,1692090414,874709,950194
2.02307E+11,75777,1692090415,874760,950537
2.02307E+11,75279,1692090416,875019,950298
2.02307E+11,75150,1692090417,875416,950566
2.02307E+11,75391,1692090418,874252,949643
2.02307E+11,75069,1692090419,874211,949280
2.02307E+11,74617,1692090420,874835,949452
2.02307E+11,74640,1692090421,875296,949936
2.02307E+11,75575,1692090422,875102,950677
2.02307E+11,75974,1692090423,875340,951314
2.02307E+11,75498,1692090424,874419,949917
2.02307E+11,75121,1692090425,875242,950363
2.02307E+11,75243,1692090426,874935,950178
2.02307E+11,74859,1692090427,875154,950013
2.02307E+11,75428,1692090428,875395,950823
2.02307E+11,75028,1692090429,874873,949901
2.02307E+11,75317,1692090430,876013,951330
2.02307E+11,75574,1692090431,875757,951331
2.02307E+11,75907,1692090432,875002,950909
2.02307E+11,75759,1692090433,875950,951709
2.02307E+11,74874,1692090434,874459,949333
2.02307E+11,75691,1692090435,874779,950470
2.02307E+11,74794,1692090436,874865,949659
2.02307E+11,74530,1692090437,875755,950285
2.02307E+11,74654,1692090438,875117,949771
2.02307E+11,75360,1692090439,874826,950186
2.02307E+11,75746,1692090440,874770,950516
2.02307E+11,75204,1692090441,874285,949489
2.02307E+11,74656,1692090442,874865,949521
2.02307E+11,75431,1692090443,875259,950690
2.02307E+11,74960,1692090444,875094,950054
2.02307E+11,75540,1692090445,876406,951946
2.02307E+11,75583,1692090446,874792,950375
2.02307E+11,75295,1692090447,875165,950460
2.02307E+11,76097,1692090448,874147,950244
2.02307E+11,75933,1692090449,874619,950552
2.02307E+11,76203,1692090450,874104,950307
2.02307E+11,76305,1692090451,874616,950921
2.02307E+11,76262,1692090452,874746,951008
2.02307E+11,75951,1692090453,874190,950141
2.02307E+11,75901,1692090454,874202,950103
2.02307E+11,75417,1692090455,873280,948697
2.02307E+11,75788,1692090456,873627,949415
2.02307E+11,75313,1692090457,873683,948996
2.02307E+11,75915,1692090458,874072,949987
2.02307E+11,75970,1692090459,873986,949956
2.02307E+11,76212,1692090459,873755,949967
2.02307E+11,75968,1692090461,874248,950216
2.02307E+11,75735,1692090462,875042,950777
2.02307E+11,75695,1692090463,875235,950930
2.02307E+11,75924,1692090464,873978,949902
2.02307E+11,75074,1692090465,874890,949964
2.02307E+11,74817,1692090466,874396,949213
2.02307E+11,75836,1692090467,874516,950352
2.02307E+11,76331,1692090468,875213,951544
2.02307E+11,75569,1692090469,874392,949961
2.02307E+11,75280,1692090470,874161,949441
2.02307E+11,75195,1692090471,874106,949301
2.02307E+11,75447,1692090472,874141,949588
2.02307E+11,75427,1692090473,873960,949387
2.02307E+11,75079,1692090474,874185,949264
2.02307E+11,74995,1692090475,872420,947415
2.02307E+11,75049,1692090476,874037,949086
2.02307E+11,75681,1692090477,874215,949896
2.02307E+11,75350,1692090478,874567,949917
2.02307E+11,75123,1692090479,874477,949600
2.02307E+11,74815,1692090480,875148,949963
2.02307E+11,75457,1692090481,875529,950986
2.02307E+11,75216,1692090482,876431,951647
2.02307E+11,75279,1692090483,876143,951422
2.02307E+11,75219,1692090484,874575,949794
2.02307E+11,75666,1692090485,874886,950552
2.02307E+11,75789,1692090486,875159,950948
2.02307E+11,75584,1692090487,875102,950686
2.02307E+11,74955,1692090488,875428,950383
2.02307E+11,74951,1692090489,874196,949147
2.02307E+11,75500,1692090490,874349,949849
2.02307E+11,75449,1692090491,874955,950404
2.02307E+11,74751,1692090492,874299,949050
2.02307E+11,75049,1692090493,874685,949734
2.02307E+11,75520,1692090494,875231,950751
2.02307E+11,75940,1692090495,874846,950786
2.02307E+11,75662,1692090496,875633,951295
2.02307E+11,75680,1692090497,874580,950260
2.02307E+11,75789,1692090498,874796,950585
2.02307E+11,75602,1692090499,874652,950254
2.02307E+11,76644,1692090500,874999,951643
2.02307E+11,75945,1692090501,874580,950525
2.02307E+11,75811,1692090502,874788,950599
2.02307E+11,75730,1692090503,875019,950749
2.02307E+11,76274,1692090504,874555,950829
2.02307E+11,76034,1692090505,875395,951429
2.02307E+11,75408,1692090506,874222,949630
2.02307E+11,75379,1692090507,873301,948680
2.02307E+11,75010,1692090508,873182,948192
2.02307E+11,75954,1692090509,871361,947315
2.02307E+11,75514,1692090510,873009,948523
2.02307E+11,74855,1692090511,872384,947239
2.02307E+11,75305,1692090512,873052,948357
2.02307E+11,74803,1692090513,873996,948799
2.02307E+11,75356,1692090514,875397,950753
2.02307E+11,75156,1692090515,875607,950763
2.02307E+11,75070,1692090516,876101,951171
2.02307E+11,75462,1692090517,875232,950694
2.02307E+11,75845,1692090518,874309,950154
2.02307E+11,75384,1692090519,875433,950817
2.02307E+11,75030,1692090520,875789,950819
2.02307E+11,74586,1692090521,875947,950533
2.02307E+11,75075,1692090522,874797,949872
2.02307E+11,74656,1692090523,874950,949606
2.02307E+11,75458,1692090524,875109,950567
2.02307E+11,74414,1692090525,875136,949550
2.02307E+11,74823,1692090526,875662,950485
2.02307E+11,75350,1692090527,875920,951270
2.02307E+11,75400,1692090528,875913,951313
2.02307E+11,75204,1692090529,876316,951520
2.02307E+11,74351,1692090530,876884,951235
2.02307E+11,74931,1692090531,875396,950327
2.02307E+11,75542,1692090532,875668,951210
2.02307E+11,75148,1692090533,876542,951690
2.02307E+11,75206,1692090534,876046,951252
2.02307E+11,74720,1692090535,877149,951869
2.02307E+11,76048,1692090536,876556,952604
2.02307E+11,76184,1692090537,876360,952544
2.02307E+11,75136,1692090538,876257,951393
2.02307E+11,76078,1692090539,877207,953285
2.02307E+11,76297,1692090540,876835,953132
2.02307E+11,76120,1692090541,873928,950048
2.02307E+11,75827,1692090542,876683,952510
2.02307E+11,75239,1692090543,876491,951730
2.02307E+11,75563,1692090544,876946,952509
2.02307E+11,75246,1692090545,877206,952452
2.02307E+11,75489,1692090546,876525,952014
2.02307E+11,75127,1692090547,877745,952872
2.02307E+11,75064,1692090548,876405,951469
2.02307E+11,75161,1692090549,876481,951642
2.02307E+11,75357,1692090550,876107,951464
2.02307E+11,75338,1692090551,876189,951527
2.02307E+11,74763,1692090552,876360,951123
2.02307E+11,74587,1692090553,875940,950527
2.02307E+11,75269,1692090554,876198,951467
2.02307E+11,75062,1692090555,875768,950830
2.02307E+11,74079,1692090556,876183,950262
2.02307E+11,75198,1692090557,876242,951440
2.02307E+11,75890,1692090558,875383,951273
2.02307E+11,75545,1692090559,875909,951454
2.02307E+11,75404,1692090560,875720,951124
2.02307E+11,74976,1692090561,874722,949698
2.02307E+11,75268,1692090562,875243,950511
2.02307E+11,74945,1692090563,876416,951361
2.02307E+11,75281,1692090564,875365,950646
2.02307E+11,74641,1692090565,875995,950636
2.02307E+11,74775,1692090566,875191,949966
2.02307E+11,74974,1692090567,875465,950439
2.02307E+11,74746,1692090568,875430,950176
2.02307E+11,74614,1692090569,875548,950162
2.02307E+11,75331,1692090570,876126,951457
2.02307E+11,76074,1692090571,875969,952043
2.02307E+11,76466,1692090572,875327,951793
2.02307E+11,75939,1692090573,876339,952278
2.02307E+11,75526,1692090574,875060,950586
2.02307E+11,75546,1692090575,874682,950228
2.02307E+11,76001,1692090576,875097,951098
2.02307E+11,76153,1692090577,875095,951248
2.02307E+11,76204,1692090578,875694,951898
2.02307E+11,75863,1692090579,876210,952073
2.02307E+11,75236,1692090580,876912,952148
2.02307E+11,75755,1692090581,877244,952999
2.02307E+11,75424,1692090582,876007,951431
2.02307E+11,75113,1692090583,875841,950954
2.02307E+11,75481,1692090584,876039,951520
2.02307E+11,76049,1692090585,872596,948645
2.02307E+11,75456,1692090586,875473,950929
2.02307E+11,75494,1692090587,874549,950043
2.02307E+11,75349,1692090588,875260,950609
2.02307E+11,75239,1692090589,873669,948908
2.02307E+11,75361,1692090590,875925,951286
2.02307E+11,75165,1692090591,874449,949614
2.02307E+11,75375,1692090592,875776,951151
2.02307E+11,74841,1692090593,876658,951499
2.02307E+11,75386,1692090594,875874,951260
2.02307E+11,75568,1692090595,876225,951793
2.02307E+11,75005,1692090596,876817,951822
2.02307E+11,74589,1692090597,877079,951668
2.02307E+11,75012,1692090598,875455,950467
2.02307E+11,75073,1692090599,876408,951481
2.02307E+11,75187,1692090600,876191,951378
2.02307E+11,74972,1692090601,875313,950285
2.02307E+11,74282,1692090602,874582,948864
2.02307E+11,75292,1692090603,875074,950366
2.02307E+11,74767,1692090604,875306,950073
2.02307E+11,75313,1692090605,875242,950555
2.02307E+11,74703,1692090606,874815,949518
2.02307E+11,74735,1692090607,874591,949326
2.02307E+11,75714,1692090608,874548,950262
2.02307E+11,75257,1692090609,875129,950386
2.02307E+11,74837,1692090610,876035,950872
2.02307E+11,74388,1692090610,875761,950149
2.02307E+11,75569,1692090612,875842,951411
2.02307E+11,75815,1692090613,875819,951634
2.02307E+11,74907,1692090614,875857,950764
2.02307E+11,75210,1692090615,875353,950563
2.02307E+11,75642,1692090616,875484,951126
2.02307E+11,76200,1692090617,875103,951303
2.02307E+11,75680,1692090618,874941,950621
2.02307E+11,76114,1692090619,874455,950569
2.02307E+11,75141,1692090620,873334,948475
2.02307E+11,75923,1692090621,874277,950200
2.02307E+11,76355,1692090622,874357,950712
2.02307E+11,75810,1692090623,875418,951228
2.02307E+11,75882,1692090624,876756,952638
2.02307E+11,75624,1692090625,874817,950441
2.02307E+11,75595,1692090626,876170,951765
2.02307E+11,75862,1692090627,874875,950737
2.02307E+11,75890,1692090628,876260,952150
2.02307E+11,75288,1692090629,876334,951622
2.02307E+11,75700,1692090630,875734,951434
2.02307E+11,76311,1692090631,875587,951898
2.02307E+11,76325,1692090632,874573,950898
2.02307E+11,75443,1692090633,875474,950917
2.02307E+11,74988,1692090634,875337,950325
2.02307E+11,75435,1692090635,876215,951650
2.02307E+11,75994,1692090636,875891,951885
2.02307E+11,75380,1692090637,875931,951311
2.02307E+11,75248,1692090638,875192,950440
2.02307E+11,75150,1692090639,874216,949366
2.02307E+11,75774,1692090640,874710,950484
2.02307E+11,75193,1692090641,873470,948663
2.02307E+11,75176,1692090642,873817,948993
2.02307E+11,74511,1692090643,873468,947979
2.02307E+11,74749,1692090644,874004,948753
2.02307E+11,75496,1692090645,874185,949681
2.02307E+11,74692,1692090646,874962,949654
2.02307E+11,74754,1692090647,875391,950145
2.02307E+11,75155,1692090648,875101,950256
2.02307E+11,75332,1692090649,875688,951020
2.02307E+11,75317,1692090650,875666,950983
2.02307E+11,75104,1692090651,876860,951964
2.02307E+11,75043,1692090652,1584363,1659406
2.02307E+11,75289,1692090653,1583012,1658301
2.02307E+11,75504,1692090654,1583713,1659217
2.02307E+11,75650,1692090655,1583406,1659056
2.02307E+11,74932,1692090656,1583177,1658109
2.02307E+11,74599,1692090657,1582262,1656861
2.02307E+11,75595,1692090658,1581867,1657462
2.02307E+11,75089,1692090659,1580231,1655320
2.02307E+11,75455,1692090660,1579783,1655238
2.02307E+11,75635,1692090661,1581880,1657515
2.02307E+11,75634,1692090662,1581330,1656964
2.02307E+11,75963,1692090663,1581880,1657843
2.02307E+11,75526,1692090664,1582443,1657969
2.02307E+11,75522,1692090665,1581656,1657178
2.02307E+11,75265,1692090666,1584098,1659363
2.02307E+11,75710,1692090667,1582575,1658285
2.02307E+11,75385,1692090668,1583580,1658965
2.02307E+11,75433,1692090669,1582645,1658078
2.02307E+11,75297,1692090670,1583561,1658858
2.02307E+11,75665,1692090671,1583559,1659224
2.02307E+11,75402,1692090672,1582363,1657765
2.02307E+11,76263,1692090673,1582383,1658646
2.02307E+11,75618,1692090674,1580680,1656298
2.02307E+11,75129,1692090675,1581935,1657064
2.02307E+11,75270,1692090676,1580977,1656247
2.02307E+11,75434,1692090677,1581404,1656838
2.02307E+11,75268,1692090678,1580607,1655875
2.02307E+11,75841,1692090679,1582934,1658775
2.02307E+11,75397,1692090680,1582397,1657794
2.02307E+11,75101,1692090681,1581123,1656224
2.02307E+11,74998,1692090682,1582772,1657770
2.02307E+11,75432,1692090683,1584042,1659474
2.02307E+11,75114,1692090684,1583915,1659029
2.02307E+11,75557,1692090685,1584641,1660198
2.02307E+11,75631,1692090686,1584544,1660175
2.02307E+11,76090,1692090687,1583928,1660018
2.02307E+11,75213,1692090688,1583679,1658892
2.02307E+11,75723,1692090689,1582873,1658596
2.02307E+11,75640,1692090690,1582086,1657726
2.02307E+11,75695,1692090691,1582109,1657804
2.02307E+11,75333,1692090692,1580344,1655677
2.02307E+11,74660,1692090693,1582302,1656962
2.02307E+11,76091,1692090694,1582315,1658406
2.02307E+11,75640,1692090695,1581355,1656995
2.02307E+11,75899,1692090696,1582690,1658589
2.02307E+11,75632,1692090697,1581958,1657590
2.02307E+11,76030,1692090698,1583409,1659439
2.02307E+11,76004,1692090699,1583459,1659463
2.02307E+11,75900,1692090700,1583500,1659400
2.02307E+11,75957,1692090701,1584332,1660289
2.02307E+11,76030,1692090702,1583253,1659283
2.02307E+11,75165,1692090703,1584508,1659673
2.02307E+11,76097,1692090704,1583108,1659205
2.02307E+11,76691,1692090705,1583238,1659929
2.02307E+11,76137,1692090706,1584148,1660285
2.02307E+11,75444,1692090707,1582328,1657772
2.02307E+11,75911,1692090708,1583913,1659824
2.02307E+11,75650,1692090709,1582632,1658282
2.02307E+11,75815,1692090710,1581812,1657627
2.02307E+11,76196,1692090711,1582629,1658825
2.02307E+11,75285,1692090712,1580768,1656053
2.02307E+11,75294,1692090713,1580999,1656293
2.02307E+11,75006,1692090714,1579669,1654675
2.02307E+11,75809,1692090715,1580684,1656493
2.02307E+11,75009,1692090716,1582188,1657197
2.02307E+11,74644,1692090717,1580927,1655571
2.02307E+11,75310,1692090718,1580373,1655683
2.02307E+11,74938,1692090719,1580141,1655079
2.02307E+11,74938,1692090720,1580796,1655734
2.02307E+11,74861,1692090721,1579935,1654796
2.02307E+11,75163,1692090722,1580262,1655425
2.02307E+11,75265,1692090723,873848,949113
2.02307E+11,75640,1692090724,874684,950324
2.02307E+11,75194,1692090725,874592,949786
2.02307E+11,74648,1692090726,876171,950819
2.02307E+11,75102,1692090727,876554,951656
2.02307E+11,75335,1692090728,876602,951937
2.02307E+11,75531,1692090729,875972,951503
2.02307E+11,74590,1692090730,875976,950566
2.02307E+11,75528,1692090731,875242,950770
2.02307E+11,75343,1692090732,875847,951190
2.02307E+11,75433,1692090733,875325,950758
2.02307E+11,74905,1692090734,876233,951138
2.02307E+11,74797,1692090735,876208,951005
2.02307E+11,75584,1692090736,875687,951271
2.02307E+11,76370,1692090737,876624,952994
2.02307E+11,75448,1692090738,876224,951672
2.02307E+11,75093,1692090739,876911,952004
2.02307E+11,75296,1692090740,876760,952056
2.02307E+11,75362,1692090741,876336,951698
2.02307E+11,75139,1692090742,875680,950819
2.02307E+11,74826,1692090743,876287,951113
2.02307E+11,75325,1692090744,876713,952038
2.02307E+11,76247,1692090745,877816,954063
2.02307E+11,75750,1692090746,876417,952167
2.02307E+11,76289,1692090747,876317,952606
2.02307E+11,75171,1692090748,876757,951928
2.02307E+11,76015,1692090749,877067,953082
2.02307E+11,76069,1692090750,874567,950636
2.02307E+11,76043,1692090751,874864,950907
2.02307E+11,75918,1692090752,874061,949979
2.02307E+11,75636,1692090753,874745,950381
2.02307E+11,75577,1692090754,874976,950553
2.02307E+11,76289,1692090755,875620,951909
2.02307E+11,75755,1692090756,875400,951155
2.02307E+11,75783,1692090757,876344,952127
2.02307E+11,75167,1692090758,876756,951923
2.02307E+11,75247,1692090759,877575,952822
2.02307E+11,76006,1692090760,876700,952706
2.02307E+11,75942,1692090760,877263,953205
2.02307E+11,75141,1692090762,876226,951367
2.02307E+11,75117,1692090763,876189,951306
2.02307E+11,75430,1692090764,875434,950864
2.02307E+11,75510,1692090765,875079,950589
2.02307E+11,74885,1692090766,875437,950322
2.02307E+11,74417,1692090767,875271,949688
2.02307E+11,75114,1692090768,875270,950384
2.02307E+11,75335,1692090769,875054,950389
2.02307E+11,75084,1692090770,874584,949668
2.02307E+11,74749,1692090771,874659,949408
2.02307E+11,74478,1692090772,875564,950042
2.02307E+11,76068,1692090773,876051,952119
2.02307E+11,74886,1692090774,876355,951241
2.02307E+11,75166,1692090775,876322,951488
2.02307E+11,74571,1692090776,876150,950721
2.02307E+11,75210,1692090777,876698,951908
2.02307E+11,75587,1692090778,875687,951274
2.02307E+11,75261,1692090779,874958,950219
2.02307E+11,75059,1692090780,873901,948960
2.02307E+11,75092,1692090781,873320,948412
2.02307E+11,75372,1692090782,873843,949215
2.02307E+11,75444,1692090783,875113,950557
2.02307E+11,75120,1692090784,874358,949478
2.02307E+11,74698,1692090785,875019,949717
2.02307E+11,74523,1692090786,875566,950089
2.02307E+11,75586,1692090787,876547,952133
2.02307E+11,76053,1692090788,875369,951422
2.02307E+11,75698,1692090789,874863,950561
2.02307E+11,75425,1692090790,875906,951331
2.02307E+11,75679,1692090791,876230,951909
2.02307E+11,76055,1692090792,876622,952677
2.02307E+11,75660,1692090793,875728,951388
2.02307E+11,75776,1692090794,875194,950970
2.02307E+11,74953,1692090795,876046,950999
2.02307E+11,76006,1692090796,875643,951649
2.02307E+11,75245,1692090797,876639,951884
2.02307E+11,75417,1692090798,876428,951845
2.02307E+11,76234,1692090799,877076,953310
2.02307E+11,75146,1692090800,875692,950838
2.02307E+11,75769,1692090801,875407,951176
2.02307E+11,75559,1692090802,874724,950283
2.02307E+11,75490,1692090803,875814,951304
2.02307E+11,75516,1692090804,875854,951370
2.02307E+11,75761,1692090805,877242,953003
2.02307E+11,75958,1692090806,877109,953067
2.02307E+11,75659,1692090807,876851,952510
2.02307E+11,75181,1692090808,872276,947457
2.02307E+11,75351,1692090809,875572,950923
2.02307E+11,75536,1692090810,875032,950568
2.02307E+11,75325,1692090811,874079,949404
2.02307E+11,75537,1692090812,874005,949542
2.02307E+11,75484,1692090813,872752,948236
2.02307E+11,75497,1692090814,873434,948931
2.02307E+11,75879,1692090815,873472,949351
2.02307E+11,75772,1692090816,874744,950516
2.02307E+11,75017,1692090817,875070,950087
2.02307E+11,74889,1692090818,876228,951117
2.02307E+11,75696,1692090819,876295,951991
2.02307E+11,75640,1692090820,876593,952233
2.02307E+11,75515,1692090821,875480,950995
2.02307E+11,75188,1692090822,875985,951173
2.02307E+11,75495,1692090823,876223,951718
2.02307E+11,75164,1692090824,875667,950831
2.02307E+11,75474,1692090825,876188,951662
2.02307E+11,75990,1692090826,875741,951731
2.02307E+11,74808,1692090827,876174,950982
2.02307E+11,75417,1692090828,876009,951426
2.02307E+11,74919,1692090829,876143,951062
2.02307E+11,74704,1692090830,876029,950733
2.02307E+11,74436,1692090831,876264,950700
2.02307E+11,74869,1692090832,876251,951120
2.02307E+11,74888,1692090833,876336,951224
2.02307E+11,74926,1692090834,876720,951646
2.02307E+11,75978,1692090835,878093,954071
2.02307E+11,74973,1692090836,878578,953551
2.02307E+11,75911,1692090837,877873,953784
2.02307E+11,75949,1692090838,877641,953590
2.02307E+11,76719,1692090839,876538,953257
2.02307E+11,75661,1692090840,876918,952579
2.02307E+11,76592,1692090841,875306,951898
2.02307E+11,76048,1692090842,875573,951621
2.02307E+11,76282,1692090843,876605,952887
2.02307E+11,75653,1692090844,876577,952230
2.02307E+11,75717,1692090845,877710,953427
2.02307E+11,75526,1692090846,877026,952552
2.02307E+11,76060,1692090847,878645,954705
2.02307E+11,75057,1692090848,878884,953941
2.02307E+11,75337,1692090849,878954,954291
2.02307E+11,74913,1692090850,879160,954073
2.02307E+11,75800,1692090851,877909,953709
2.02307E+11,75569,1692090852,878819,954388
2.02307E+11,75646,1692090853,878776,954422
2.02307E+11,74721,1692090854,877856,952577
2.02307E+11,75516,1692090855,876254,951770
2.02307E+11,75247,1692090856,877363,952610
2.02307E+11,75163,1692090857,877925,953088
2.02307E+11,75099,1692090858,877743,952842
2.02307E+11,75086,1692090859,877792,952878
2.02307E+11,75913,1692090860,878422,954335
2.02307E+11,75729,1692090861,877956,953685
2.02307E+11,74579,1692090862,878079,952658
2.02307E+11,74944,1692090863,877624,952568
2.02307E+11,75710,1692090864,878110,953820
2.02307E+11,75642,1692090865,879140,954782
2.02307E+11,75057,1692090866,879193,954250
2.02307E+11,75099,1692090867,879157,954256
2.02307E+11,74843,1692090868,877652,952495
2.02307E+11,75486,1692090869,878009,953495
2.02307E+11,75668,1692090870,877805,953473
2.02307E+11,74657,1692090871,877813,952470
2.02307E+11,74859,1692090872,875625,950484
2.02307E+11,75044,1692090873,877270,952314
2.02307E+11,75796,1692090874,877701,953497
2.02307E+11,75669,1692090875,876746,952415
2.02307E+11,74832,1692090876,877484,952316
2.02307E+11,75119,1692090877,878281,953400
2.02307E+11,75755,1692090878,879395,955150
2.02307E+11,75508,1692090879,878876,954384
2.02307E+11,75180,1692090880,877660,952840
2.02307E+11,75065,1692090881,879176,954241
2.02307E+11,75751,1692090882,878445,954196
2.02307E+11,75886,1692090884,878041,953927
2.02307E+11,75591,1692090885,877838,953429
2.02307E+11,75368,1692090886,877624,952992
2.02307E+11,75656,1692090887,878242,953898
2.02307E+11,75666,1692090888,877524,953190
2.02307E+11,76229,1692090889,878205,954434
2.02307E+11,75773,1692090890,878858,954631
2.02307E+11,75706,1692090891,878373,954079
2.02307E+11,75826,1692090892,878580,954406
2.02307E+11,75728,1692090893,877096,952824
2.02307E+11,75395,1692090894,878961,954356
2.02307E+11,75696,1692090895,879673,955369
2.02307E+11,75614,1692090896,879728,955342
2.02307E+11,75074,1692090897,880248,955322
2.02307E+11,75785,1692090898,878457,954242
2.02307E+11,74864,1692090899,878514,953378
2.02307E+11,74816,1692090900,878298,953114
2.02307E+11,75115,1692090901,877824,952939
2.02307E+11,75490,1692090902,875986,951476
2.02307E+11,76178,1692090903,878293,954471
2.02307E+11,74869,1692090904,877349,952218
2.02307E+11,75532,1692090905,879523,955055
2.02307E+11,75044,1692090906,879266,954310
2.02307E+11,74509,1692090907,879509,954018
2.02307E+11,74110,1692090908,879892,954002
2.02307E+11,74772,1692090909,880219,954991
2.02307E+11,75039,1692090910,880261,955300
2.02307E+11,74904,1692090911,878913,953817
2.02307E+11,75428,1692090911,879523,954951
2.02307E+11,74901,1692090913,880274,955175
2.02307E+11,75187,1692090914,878810,953997
2.02307E+11,75120,1692090915,878613,953733
2.02307E+11,75137,1692090916,878428,953565
2.02307E+11,75348,1692090917,877773,953121
2.02307E+11,75951,1692090918,878613,954564
2.02307E+11,75555,1692090919,878325,953880
2.02307E+11,75266,1692090920,878532,953798
2.02307E+11,75001,1692090921,878394,953395
2.02307E+11,75468,1692090922,878780,954248
2.02307E+11,75801,1692090923,878897,954698
2.02307E+11,76575,1692090924,878792,955367
2.02307E+11,76473,1692090925,878916,955389
2.02307E+11,75704,1692090926,878879,954583
2.02307E+11,75429,1692090927,878569,953998
2.02307E+11,75592,1692090928,879576,955168
2.02307E+11,75741,1692090929,878911,954652
2.02307E+11,76436,1692090930,878906,955342
2.02307E+11,75759,1692090931,879141,954900
2.02307E+11,75425,1692090932,878155,953580
2.02307E+11,76136,1692090933,877932,954068
2.02307E+11,75777,1692090934,879014,954791
2.02307E+11,75645,1692090935,879274,954919
2.02307E+11,74949,1692090936,878996,953945
2.02307E+11,75549,1692090937,879303,954852
2.02307E+11,76239,1692090938,877417,953656
2.02307E+11,75448,1692090939,878172,953620
2.02307E+11,75376,1692090940,878892,954268
2.02307E+11,74924,1692090941,879709,954633
2.02307E+11,75468,1692090942,879773,955241
2.02307E+11,74261,1692090943,879255,953516
2.02307E+11,75060,1692090944,878438,953498
2.02307E+11,74538,1692090945,878151,952689
2.02307E+11,75106,1692090946,878203,953309
2.02307E+11,75584,1692090947,879358,954942
2.02307E+11,75185,1692090948,879521,954706
2.02307E+11,74624,1692090949,878417,953041
2.02307E+11,74549,1692090950,878897,953446
2.02307E+11,75544,1692090951,878410,953954
2.02307E+11,75071,1692090952,878214,953285
2.02307E+11,75297,1692090953,878853,954150
2.02307E+11,74928,1692090954,878474,953402
2.02307E+11,74911,1692090955,878249,953160
2.02307E+11,75617,1692090956,878716,954333
2.02307E+11,75997,1692090957,880046,956043
2.02307E+11,75984,1692090958,879869,955853
2.02307E+11,75782,1692090959,878978,954760
2.02307E+11,76093,1692090960,880012,956105
2.02307E+11,76308,1692090961,879595,955903
2.02307E+11,75329,1692090962,879698,955027
2.02307E+11,75405,1692090963,879523,954928
2.02307E+11,75712,1692090964,880351,956063
2.02307E+11,76121,1692090965,880074,956195
2.02307E+11,76148,1692090966,880274,956422
2.02307E+11,75725,1692090967,879735,955460
2.02307E+11,75301,1692090968,880421,955722
2.02307E+11,76034,1692090969,878521,954555
2.02307E+11,75769,1692090970,876246,952015
2.02307E+11,76114,1692090971,876559,952673
2.02307E+11,75060,1692090972,876643,951703
2.02307E+11,75051,1692090973,877711,952762
2.02307E+11,75280,1692090974,877981,953261
2.02307E+11,74812,1692090975,877681,952493
2.02307E+11,75061,1692090976,878098,953159
2.02307E+11,75372,1692090977,878750,954122
2.02307E+11,75770,1692090978,879375,955145
2.02307E+11,75179,1692090979,879084,954263
2.02307E+11,74803,1692090980,878239,953042
2.02307E+11,74839,1692090981,877215,952054
2.02307E+11,75413,1692090982,876520,951933
2.02307E+11,74876,1692090983,879057,953933
2.02307E+11,74943,1692090984,879940,954883
2.02307E+11,74416,1692090985,879100,953516
2.02307E+11,74814,1692090986,880472,955286
2.02307E+11,74994,1692090987,880826,955820
2.02307E+11,75774,1692090988,879911,955685
2.02307E+11,75998,1692090989,880052,956050
2.02307E+11,76009,1692090990,880129,956138
2.02307E+11,76611,1692090991,880480,957091
2.02307E+11,75792,1692090992,881143,956935
2.02307E+11,75511,1692090993,880955,956466
2.02307E+11,75474,1692090994,880599,956073
2.02307E+11,76150,1692090995,879899,956049
2.02307E+11,76084,1692090996,880564,956648
2.02307E+11,74836,1692090997,879634,954470
2.02307E+11,74921,1692090998,879287,954208
2.02307E+11,75261,1692090999,877918,953179
2.02307E+11,74845,1692091000,878363,953208
2.02307E+11,75427,1692091001,879257,954684
2.02307E+11,74541,1692091002,879448,953989
2.02307E+11,75306,1692091003,879672,954978
2.02307E+11,75783,1692091004,879606,955389
2.02307E+11,75202,1692091005,879968,955170
2.02307E+11,75241,1692091006,880249,955490
2.02307E+11,74684,1692091007,881016,955700
2.02307E+11,75529,1692091008,881678,957207
2.02307E+11,75603,1692091009,880874,956477
2.02307E+11,75465,1692091010,880461,955926
2.02307E+11,75517,1692091011,880430,955947
2.02307E+11,75231,1692091012,879839,955070
2.02307E+11,75994,1692091013,880008,956002
2.02307E+11,75898,1692091014,880222,956120
2.02307E+11,76149,1692091015,880121,956270
2.02307E+11,75658,1692091016,879054,954712
2.02307E+11,76033,1692091017,879252,955285
2.02307E+11,76069,1692091018,878930,954999
2.02307E+11,75218,1692091019,879157,954375
2.02307E+11,75748,1692091020,879315,955063
2.02307E+11,75538,1692091021,879938,955476
2.02307E+11,76438,1692091022,879599,956037
2.02307E+11,76078,1692091023,880002,956080
2.02307E+11,75453,1692091024,879999,955452
2.02307E+11,75001,1692091025,879837,954838
2.02307E+11,74782,1692091026,880133,954915
2.02307E+11,75854,1692091027,880880,956734
2.02307E+11,75497,1692091028,880677,956174
2.02307E+11,74997,1692091029,879710,954707
2.02307E+11,74856,1692091030,880860,955716
2.02307E+11,75755,1692091031,880421,956176
2.02307E+11,75633,1692091032,881037,956670
2.02307E+11,76356,1692091033,880329,956685
2.02307E+11,74997,1692091034,881106,956103
2.02307E+11,75171,1692091035,880419,955590
2.02307E+11,75350,1692091036,880257,955607
2.02307E+11,74997,1692091037,880119,955116
2.02307E+11,74589,1692091038,879676,954265
2.02307E+11,74959,1692091039,879447,954406
2.02307E+11,75111,1692091040,879903,955014
2.02307E+11,75160,1692091041,880630,955790
2.02307E+11,74924,1692091042,879520,954444
2.02307E+11,74992,1692091043,880430,955422
2.02307E+11,75373,1692091044,880621,955994
2.02307E+11,75360,1692091045,879902,955262
2.02307E+11,74829,1692091046,879949,954778
2.02307E+11,75461,1692091047,879343,954804
2.02307E+11,75193,1692091048,880325,955518
2.02307E+11,75986,1692091049,879622,955608
2.02307E+11,75725,1692091050,880865,956590
2.02307E+11,76082,1692091051,881039,957121
2.02307E+11,75827,1692091052,880773,956600
2.02307E+11,75270,1692091053,880011,955281
2.02307E+11,75292,1692091054,879434,954726
2.02307E+11,75610,1692091055,880269,955879
2.02307E+11,75099,1692091056,879961,955060
2.02307E+11,75403,1692091057,879589,954992
2.02307E+11,75648,1692091058,879479,955127
2.02307E+11,75843,1692091059,879868,955711
2.02307E+11,76284,1692091060,878843,955127
2.02307E+11,75541,1692091061,879595,955136
2.02307E+11,75122,1692091061,880446,955568
2.02307E+11,75416,1692091063,879431,954847
2.02307E+11,75521,1692091064,878148,953669
2.02307E+11,74530,1692091065,878865,953395
2.02307E+11,74819,1692091066,879086,953905
2.02307E+11,74591,1692091067,879368,953959
2.02307E+11,74814,1692091068,880229,955043
2.02307E+11,74558,1692091069,880615,955173
2.02307E+11,74658,1692091070,879114,953772
2.02307E+11,75077,1692091071,879784,954861
2.02307E+11,74844,1692091072,879638,954482
2.02307E+11,75292,1692091073,879974,955266
2.02307E+11,74865,1692091074,880348,955213
2.02307E+11,74408,1692091075,878545,952953
2.02307E+11,74838,1692091076,877914,952752
2.02307E+11,75696,1692091077,879123,954819
2.02307E+11,75126,1692091078,879784,954910
2.02307E+11,74975,1692091079,879743,954718
2.02307E+11,75162,1692091080,880190,955352
2.02307E+11,75521,1692091081,880457,955978
2.02307E+11,75513,1692091082,879982,955495
2.02307E+11,74934,1692091083,880867,955801
2.02307E+11,75613,1692091084,881299,956912
2.02307E+11,75115,1692091085,879691,954806
2.02307E+11,74967,1692091086,879958,954925
2.02307E+11,74926,1692091087,880459,955385
2.02307E+11,74864,1692091088,880307,955171
2.02307E+11,74737,1692091089,879335,954072
2.02307E+11,75542,1692091090,879756,955298
2.02307E+11,75837,1692091091,880009,955846
2.02307E+11,74425,1692091092,879130,953555
2.02307E+11,75464,1692091093,880175,955639
2.02307E+11,75213,1692091094,879788,955001
2.02307E+11,75358,1692091095,878398,953756
2.02307E+11,75332,1692091096,880085,955417
2.02307E+11,75265,1692091097,880019,955284
2.02307E+11,76241,1692091098,880147,956388
2.02307E+11,76534,1692091099,880556,957090
2.02307E+11,75747,1692091100,879891,955638
2.02307E+11,74930,1692091101,879640,954570
2.02307E+11,75156,1692091102,882183,957339
2.02307E+11,76250,1692091103,880934,957184
2.02307E+11,75702,1692091104,881139,956841
2.02307E+11,75077,1692091105,880539,955616
2.02307E+11,75398,1692091106,878389,953787
2.02307E+11,75513,1692091107,879566,955079
2.02307E+11,76076,1692091108,879741,955817
2.02307E+11,76022,1692091109,880919,956941
2.02307E+11,75969,1692091110,880271,956240
2.02307E+11,75674,1692091111,881534,957208
2.02307E+11,75695,1692091112,881376,957071
2.02307E+11,75803,1692091113,541073,616876
2.02307E+11,76296,1692091114,541173,617469
2.02307E+11,75718,1692091115,540839,616557
2.02307E+11,75186,1692091116,541163,616349
2.02307E+11,75245,1692091117,540586,615831
2.02307E+11,75378,1692091118,540262,615640
2.02307E+11,75983,1692091119,539365,615348
2.02307E+11,75223,1692091120,540075,615298
2.02307E+11,74926,1692091121,540110,615036
2.02307E+11,74789,1692091122,539924,614713
2.02307E+11,75902,1692091123,539562,615464
2.02307E+11,75630,1692091124,541050,616680
2.02307E+11,74666,1692091125,540754,615420
2.02307E+11,75474,1692091126,540967,616441
2.02307E+11,75707,1692091127,540859,616566
2.02307E+11,75266,1692091128,541049,616315
2.02307E+11,74827,1692091129,541591,616418
2.02307E+11,74691,1692091130,540873,615564
2.02307E+11,74799,1692091131,540951,615750
2.02307E+11,74685,1692091132,540914,615599
2.02307E+11,74695,1692091133,541184,615879
2.02307E+11,74732,1692091134,540902,615634
2.02307E+11,75277,1692091135,540937,616214
2.02307E+11,75928,1692091136,541180,617108
2.02307E+11,75519,1692091137,541045,616564
2.02307E+11,75027,1692091138,540942,615969
2.02307E+11,75869,1692091139,540516,616385
2.02307E+11,75486,1692091140,540986,616472
2.02307E+11,75542,1692091141,540588,616130
2.02307E+11,75319,1692091142,540531,615850
2.02307E+11,75308,1692091143,540128,615436
2.02307E+11,75491,1692091144,540067,615558
2.02307E+11,75098,1692091145,540245,615343
2.02307E+11,75475,1692091146,540303,615778
2.02307E+11,75131,1692091147,539733,614864
2.02307E+11,75672,1692091148,540728,616400
2.02307E+11,75521,1692091149,540587,616108
2.02307E+11,75552,1692091150,541185,616737
2.02307E+11,75374,1692091151,540885,616259
2.02307E+11,75091,1692091152,540212,615303
2.02307E+11,75584,1692091153,539936,615520
2.02307E+11,75953,1692091154,540214,616167
2.02307E+11,75276,1692091155,539445,614721
2.02307E+11,75213,1692091156,540673,615886
2.02307E+11,75626,1692091157,540667,616293
2.02307E+11,75992,1692091158,540645,616637
2.02307E+11,75494,1692091159,540091,615585
2.02307E+11,75080,1692091160,540362,615442
2.02307E+11,75300,1692091161,540704,616004
2.02307E+11,75141,1692091162,540034,615175
2.02307E+11,75573,1692091163,541230,616803
2.02307E+11,75745,1692091164,540480,616225
2.02307E+11,76451,1692091165,540650,617101
2.02307E+11,75512,1692091166,540825,616337
2.02307E+11,76297,1692091167,540892,617189
2.02307E+11,75951,1692091168,539552,615503
2.02307E+11,75632,1692091169,540455,616087
2.02307E+11,75419,1692091170,538725,614144
2.02307E+11,75039,1692091171,540108,615147
2.02307E+11,75268,1692091172,539734,615002
2.02307E+11,75704,1692091173,539768,615472
2.02307E+11,75263,1692091174,540022,615285
2.02307E+11,74880,1692091175,539954,614834
2.02307E+11,75923,1692091176,540563,616486
2.02307E+11,75802,1692091177,540414,616216
2.02307E+11,75506,1692091178,540033,615539
2.02307E+11,75193,1692091179,540235,615428
2.02307E+11,75340,1692091180,540292,615632
2.02307E+11,75512,1692091181,539744,615256
2.02307E+11,75628,1692091182,539499,615127
2.02307E+11,74805,1692091183,538184,612989
2.02307E+11,74586,1692091184,538154,612740
2.02307E+11,75027,1692091185,539806,614833
2.02307E+11,75262,1692091186,539101,614363
2.02307E+11,75122,1692091187,539787,614909
2.02307E+11,74708,1692091188,540304,615012
2.02307E+11,74906,1692091189,539662,614568
2.02307E+11,75283,1692091190,539733,615016
2.02307E+11,75260,1692091191,540454,615714
2.02307E+11,75020,1692091192,540070,615090
2.02307E+11,74949,1692091193,540652,615601
2.02307E+11,75254,1692091194,540245,615499
2.02307E+11,74919,1692091195,539986,614905
2.02307E+11,74761,1692091196,539813,614574
2.02307E+11,75063,1692091197,539327,614390
2.02307E+11,75628,1692091198,539713,615341
2.02307E+11,75831,1692091199,539621,615452
2.02307E+11,74922,1692091200,539285,614207
2.02307E+11,75004,1692091201,539640,614644
2.02307E+11,75474,1692091202,539370,614844
2.02307E+11,75680,1692091203,540337,616017
2.02307E+11,75939,1692091204,539813,615752
2.02307E+11,75115,1692091205,540205,615320
2.02307E+11,75360,1692091206,539957,615317
2.02307E+11,75810,1692091207,539849,615659
2.02307E+11,75706,1692091208,539516,615222
2.02307E+11,75742,1692091209,539340,615082
2.02307E+11,75875,1692091210,538915,614790
2.02307E+11,76209,1692091211,539114,615323
2.02307E+11,76093,1692091212,538095,614188
2.02307E+11,75780,1692091212,538583,614363
2.02307E+11,75713,1692091214,539754,615467
2.02307E+11,74986,1692091215,539038,614024
2.02307E+11,74613,1692091216,539635,614248
2.02307E+11,75594,1692091217,540149,615743
2.02307E+11,75303,1692091218,540796,616099
2.02307E+11,75327,1692091219,539925,615252
2.02307E+11,74935,1692091220,539967,614902
2.02307E+11,75116,1692091221,540080,615196
2.02307E+11,75959,1692091222,539839,615798
2.02307E+11,75504,1692091223,540121,615625
2.02307E+11,75139,1692091224,539230,614369
2.02307E+11,75225,1692091225,539275,614500
2.02307E+11,76599,1692091226,539606,616205
2.02307E+11,76108,1692091227,538975,615083
2.02307E+11,76105,1692091228,538590,614695
2.02307E+11,76163,1692091229,538852,615015
2.02307E+11,76418,1692091230,539487,615905
2.02307E+11,76454,1692091231,538670,615124
2.02307E+11,75863,1692091232,540144,616007
2.02307E+11,75075,1692091233,539683,614758
2.02307E+11,74449,1692091234,539537,613986
2.02307E+11,76085,1692091235,539699,615784
2.02307E+11,75545,1692091236,540812,616357
2.02307E+11,75447,1692091237,539785,615232
2.02307E+11,75092,1692091238,539286,614378
2.02307E+11,74823,1692091239,539401,614224
2.02307E+11,76003,1692091240,538943,614946
2.02307E+11,75157,1692091241,539648,614805
2.02307E+11,75377,1692091242,539413,614790
2.02307E+11,74668,1692091243,539893,614561
2.02307E+11,75239,1692091244,538750,613989
2.02307E+11,75087,1692091245,539174,614261
2.02307E+11,74884,1692091246,539267,614151
2.02307E+11,74135,1692091247,539830,613965
2.02307E+11,74370,1692091248,540758,615128
2.02307E+11,75503,1692091249,540383,615886
2.02307E+11,74910,1692091250,540238,615148
2.02307E+11,75382,1692091251,540371,615753
2.02307E+11,75352,1692091252,540114,615466
2.02307E+11,75265,1692091253,539639,614904
2.02307E+11,75559,1692091254,539693,615252
2.02307E+11,75136,1692091255,538987,614123
2.02307E+11,75333,1692091256,538512,613845
2.02307E+11,75674,1692091257,538132,613806
2.02307E+11,75937,1692091258,538184,614121
2.02307E+11,75086,1692091259,539106,614192
2.02307E+11,75371,1692091260,539789,615160
2.02307E+11,75097,1692091261,539264,614361
2.02307E+11,75763,1692091262,539216,614979
2.02307E+11,76041,1692091263,539345,615386
2.02307E+11,75734,1692091264,540373,616107
2.02307E+11,75529,1692091265,540039,615568
2.02307E+11,75902,1692091266,540175,616077
2.02307E+11,75788,1692091267,540062,615850
2.02307E+11,76083,1692091268,539037,615120
2.02307E+11,75587,1692091269,539034,614621
2.02307E+11,75852,1692091270,538938,614790
2.02307E+11,75304,1692091271,538772,614076
2.02307E+11,75395,1692091272,538627,614022
2.02307E+11,75372,1692091273,538269,613641
2.02307E+11,74977,1692091274,538516,613493
2.02307E+11,75116,1692091275,539262,614378
2.02307E+11,75073,1692091276,538909,613982
2.02307E+11,74593,1692091277,539600,614193
2.02307E+11,74124,1692091278,539895,614019
2.02307E+11,74702,1692091279,540000,614702
2.02307E+11,75369,1692091280,539642,615011
2.02307E+11,75121,1692091281,540498,615619
2.02307E+11,75579,1692091282,540099,615678
2.02307E+11,75264,1692091283,539367,614631
2.02307E+11,75404,1692091284,539350,614754
2.02307E+11,75440,1692091285,539404,614844
2.02307E+11,75743,1692091286,539062,614805
2.02307E+11,74843,1692091287,538759,613602
2.02307E+11,75048,1692091288,539956,615004
2.02307E+11,75065,1692091289,539612,614677
2.02307E+11,75415,1692091290,540063,615478
2.02307E+11,75844,1692091291,539351,615195
2.02307E+11,75129,1692091292,539354,614483
2.02307E+11,75587,1692091293,540153,615740
2.02307E+11,75999,1692091294,539943,615942
2.02307E+11,75267,1692091295,540947,616214
2.02307E+11,74829,1692091296,539162,613991
2.02307E+11,74541,1692091297,539279,613820
2.02307E+11,75421,1692091298,539540,614961
2.02307E+11,75356,1692091299,538872,614228
2.02307E+11,75394,1692091300,539215,614609
2.02307E+11,74462,1692091301,538761,613223
2.02307E+11,75451,1692091302,538533,613984
2.02307E+11,75327,1692091303,539376,614703
2.02307E+11,75542,1692091304,539332,614874
2.02307E+11,74595,1692091305,540111,614706
2.02307E+11,74390,1692091306,539722,614112
2.02307E+11,75835,1692091307,540332,616167
2.02307E+11,75754,1692091308,538908,614662
2.02307E+11,75046,1692091309,539901,614947
2.02307E+11,75415,1692091310,540550,615965
2.02307E+11,75563,1692091311,540680,616243
2.02307E+11,75616,1692091312,540613,616229
2.02307E+11,75502,1692091313,539629,615131
2.02307E+11,75917,1692091314,540390,616307
2.02307E+11,75657,1692091315,539674,615331
2.02307E+11,75625,1692091316,539742,615367
2.02307E+11,76379,1692091317,539603,615982
2.02307E+11,76253,1692091318,539377,615630
2.02307E+11,75923,1692091319,539422,615345
2.02307E+11,75813,1692091320,538788,614601
2.02307E+11,76267,1692091321,538792,615059
2.02307E+11,76292,1692091322,539310,615602
2.02307E+11,75371,1692091323,539170,614541
2.02307E+11,75267,1692091324,539179,614446
2.02307E+11,75286,1692091325,539752,615038
2.02307E+11,75706,1692091326,538795,614501
2.02307E+11,75355,1692091327,538595,613950
2.02307E+11,75627,1692091328,539444,615071
2.02307E+11,74483,1692091329,539261,613744
2.02307E+11,75235,1692091330,539634,614869
2.02307E+11,75411,1692091331,539002,614413
2.02307E+11,74829,1692091332,539541,614370
2.02307E+11,75163,1692091333,538983,614146
2.02307E+11,75691,1692091334,538459,614150
2.02307E+11,75764,1692091335,539144,614908
2.02307E+11,75551,1692091336,539191,614742
2.02307E+11,75201,1692091337,538322,613523
2.02307E+11,74968,1692091338,538664,613632
2.02307E+11,75673,1692091339,538496,614169
2.02307E+11,75416,1692091340,538466,613882
2.02307E+11,74504,1692091341,538843,613347
2.02307E+11,74651,1692091342,539357,614008
2.02307E+11,74728,1692091343,539867,614595
2.02307E+11,75404,1692091344,539793,615197
2.02307E+11,75588,1692091345,539905,615493
2.02307E+11,75410,1692091346,539168,614578
2.02307E+11,75245,1692091347,539581,614826
2.02307E+11,75137,1692091348,539757,614894
2.02307E+11,75398,1692091349,539281,614679
2.02307E+11,75754,1692091350,539081,614835
2.02307E+11,75884,1692091351,539177,615061
2.02307E+11,76029,1692091352,539355,615384
2.02307E+11,76510,1692091353,539453,615963
2.02307E+11,76783,1692091354,539146,615929
2.02307E+11,76744,1692091355,538510,615254
2.02307E+11,75997,1692091356,539095,615092
2.02307E+11,75544,1692091357,538429,613973
2.02307E+11,75799,1692091358,539926,615725
2.02307E+11,76728,1692091359,539391,616119
2.02307E+11,75400,1692091360,538947,614347
2.02307E+11,75423,1692091361,538597,614020
2.02307E+11,75708,1692091362,538729,614437
2.02307E+11,75137,1692091362,539364,614501
2.02307E+11,75458,1692091364,539475,614933
2.02307E+11,75594,1692091365,540047,615641
2.02307E+11,74978,1692091366,539109,614087
2.02307E+11,75037,1692091367,539408,614445
2.02307E+11,75777,1692091368,539558,615335
2.02307E+11,74970,1692091369,539495,614465
2.02307E+11,75179,1692091370,540144,615323
2.02307E+11,75398,1692091371,538893,614291
2.02307E+11,74838,1692091372,539069,613907
2.02307E+11,74896,1692091373,539340,614236
2.02307E+11,74336,1692091374,538664,613000
2.02307E+11,74516,1692091375,538429,612945
2.02307E+11,75243,1692091376,539066,614309
2.02307E+11,74908,1692091377,539773,614681
2.02307E+11,74783,1692091378,540161,614944
2.02307E+11,74046,1692091379,539292,613338
2.02307E+11,75369,1692091380,540095,615464
2.02307E+11,75386,1692091381,539151,614537
2.02307E+11,75677,1692091382,539368,615045
2.02307E+11,75704,1692091383,539549,615253
2.02307E+11,75828,1692091384,539779,615607
2.02307E+11,76015,1692091385,0,76015
2.02307E+11,75423,1692091386,0,75423
2.02307E+11,75772,1692091387,0,75772
2.02307E+11,75290,1692091388,0,75290
2.02307E+11,75640,1692091389,0,75640
2.02307E+11,75460,1692091390,0,75460
2.02307E+11,75317,1692091391,0,75317
2.02307E+11,74754,1692091392,542094,616848
2.02307E+11,75776,1692091393,538211,613987
2.02307E+11,75584,1692091394,538596,614180
2.02307E+11,75283,1692091395,538409,613692
2.02307E+11,75373,1692091396,537895,613268
2.02307E+11,75072,1692091397,537586,612658
2.02307E+11,75118,1692091398,537894,613012
2.02307E+11,75950,1692091399,537961,613911
2.02307E+11,75235,1692091400,537527,612762
2.02307E+11,74139,1692091401,537263,611402
2.02307E+11,74526,1692091402,537408,611934
2.02307E+11,75614,1692091403,538320,613934
2.02307E+11,75454,1692091404,537050,612504
2.02307E+11,75187,1692091405,536210,611397
2.02307E+11,74763,1692091406,536640,611403
2.02307E+11,74702,1692091407,537368,612070
2.02307E+11,74847,1692091408,537965,612812
2.02307E+11,74468,1692091409,537037,611505
2.02307E+11,74632,1692091410,536828,611460
2.02307E+11,74677,1692091411,537829,612506
2.02307E+11,75077,1692091412,537965,613042
2.02307E+11,74874,1692091413,538403,613277
2.02307E+11,75036,1692091414,538574,613610
2.02307E+11,74934,1692091415,538310,613244
2.02307E+11,75133,1692091416,538034,613167
2.02307E+11,75162,1692091417,539176,614338
2.02307E+11,74807,1692091418,537664,612471
2.02307E+11,75082,1692091419,538338,613420
2.02307E+11,75613,1692091420,537001,612614
2.02307E+11,75470,1692091421,537485,612955
2.02307E+11,75338,1692091422,537503,612841
2.02307E+11,75412,1692091423,536731,612143
2.02307E+11,75805,1692091424,536865,612670
2.02307E+11,75692,1692091425,536785,612477
2.02307E+11,75235,1692091426,537274,612509
2.02307E+11,75412,1692091427,536416,611828
2.02307E+11,75845,1692091428,535883,611728
2.02307E+11,75821,1692091429,536030,611851
2.02307E+11,75891,1692091430,536490,612381
2.02307E+11,75246,1692091431,536883,612129
2.02307E+11,75869,1692091432,536891,612760
2.02307E+11,76095,1692091433,536340,612435
2.02307E+11,75533,1692091434,536200,611733
2.02307E+11,75882,1692091435,536259,612141
2.02307E+11,75508,1692091436,536591,612099
2.02307E+11,75769,1692091437,536705,612474
2.02307E+11,75739,1692091438,537295,613034
2.02307E+11,75393,1692091439,536997,612390
2.02307E+11,76016,1692091440,537194,613210
2.02307E+11,75872,1692091441,537029,612901
2.02307E+11,75310,1692091442,536948,612258
2.02307E+11,75829,1692091443,536114,611943
2.02307E+11,75921,1692091444,537021,612942
2.02307E+11,75322,1692091445,536106,611428
2.02307E+11,74963,1692091446,535766,610729
2.02307E+11,75522,1692091447,535696,611218
2.02307E+11,75703,1692091448,535450,611153
2.02307E+11,75753,1692091449,536110,611863
2.02307E+11,74744,1692091450,536403,611147
2.02307E+11,75196,1692091451,536287,611483
2.02307E+11,75303,1692091452,536907,612210
2.02307E+11,74588,1692091453,536801,611389
2.02307E+11,75424,1692091454,537507,612931
2.02307E+11,75045,1692091455,537210,612255
2.02307E+11,75444,1692091456,536427,611871
2.02307E+11,76126,1692091457,536674,612800
2.02307E+11,74715,1692091458,536516,611231
2.02307E+11,75010,1692091459,536316,611326
2.02307E+11,75226,1692091460,535953,611179
2.02307E+11,75769,1692091461,536462,612231
2.02307E+11,75280,1692091462,535936,611216
2.02307E+11,74958,1692091463,535714,610672
2.02307E+11,75117,1692091464,536005,611122
2.02307E+11,75737,1692091465,535807,611544
2.02307E+11,75124,1692091466,536331,611455
2.02307E+11,75437,1692091467,535842,611279
2.02307E+11,74702,1692091468,536527,611229
2.02307E+11,75522,1692091469,537395,612917
2.02307E+11,76086,1692091470,536813,612899
2.02307E+11,75617,1692091471,536638,612255
2.02307E+11,75226,1692091472,536293,611519
2.02307E+11,74892,1692091473,535399,610291
2.02307E+11,75540,1692091474,536434,611974
2.02307E+11,75468,1692091475,536432,611900
2.02307E+11,75409,1692091476,535673,611082
2.02307E+11,75303,1692091477,536158,611461
2.02307E+11,75677,1692091478,535051,610728
2.02307E+11,76033,1692091479,535938,611971
2.02307E+11,75772,1692091480,536040,611812
2.02307E+11,75773,1692091481,536011,611784
2.02307E+11,75405,1692091482,535561,610966
2.02307E+11,75506,1692091483,537081,612587
2.02307E+11,76078,1692091484,536782,612860
2.02307E+11,76221,1692091485,536207,612428
2.02307E+11,75369,1692091486,536558,611927
2.02307E+11,75218,1692091487,535306,610524
2.02307E+11,75533,1692091488,536020,611553
2.02307E+11,75724,1692091489,535672,611396
2.02307E+11,74620,1692091490,536707,611327
2.02307E+11,75051,1692091491,536867,611918
2.02307E+11,75145,1692091492,536350,611495
2.02307E+11,74612,1692091493,536645,611257
2.02307E+11,74733,1692091494,535664,610397
2.02307E+11,74981,1692091495,535818,610799
2.02307E+11,75072,1692091496,535086,610158
2.02307E+11,75009,1692091497,535009,610018
2.02307E+11,75198,1692091498,535728,610926
2.02307E+11,75141,1692091499,535243,610384
2.02307E+11,74509,1692091500,534585,609094
2.02307E+11,74364,1692091501,534258,608622
2.02307E+11,74786,1692091502,534888,609674
2.02307E+11,75023,1692091503,534881,609904
2.02307E+11,74725,1692091504,534939,609664
2.02307E+11,75068,1692091505,534498,609566
2.02307E+11,75369,1692091506,536590,611959
2.02307E+11,75467,1692091507,536329,611796
2.02307E+11,75157,1692091508,536785,611942
2.02307E+11,75491,1692091509,536967,612458
2.02307E+11,75090,1692091510,536418,611508
2.02307E+11,75232,1692091511,536472,611704
2.02307E+11,74985,1692091512,536258,611243
2.02307E+11,75378,1692091513,535827,611205
2.02307E+11,75623,1692091513,535941,611564
2.02307E+11,75678,1692091515,534659,610337
2.02307E+11,76295,1692091516,534935,611230
2.02307E+11,75440,1692091517,535841,611281
2.02307E+11,75591,1692091518,535307,610898
2.02307E+11,75508,1692091519,535906,611414
2.02307E+11,75634,1692091520,535709,611343
2.02307E+11,75528,1692091521,535720,611248
2.02307E+11,75456,1692091522,535853,611309
2.02307E+11,75508,1692091523,536363,611871
2.02307E+11,76004,1692091524,536222,612226
2.02307E+11,76202,1692091525,536961,613163
2.02307E+11,75845,1692091526,536935,612780
2.02307E+11,74974,1692091527,536674,611648
2.02307E+11,75628,1692091528,536313,611941
2.02307E+11,75915,1692091529,537069,612984
2.02307E+11,75239,1692091530,536295,611534
2.02307E+11,75021,1692091531,537590,612611
2.02307E+11,75450,1692091532,536974,612424
2.02307E+11,76276,1692091533,536576,612852
2.02307E+11,76073,1692091534,537149,613222
2.02307E+11,75979,1692091535,537609,613588
2.02307E+11,75475,1692091536,537696,613171
2.02307E+11,75502,1692091537,536658,612160
2.02307E+11,74953,1692091538,536796,611749
2.02307E+11,75274,1692091539,535139,610413
2.02307E+11,74848,1692091540,535242,610090
2.02307E+11,75227,1692091541,534069,609296
2.02307E+11,75113,1692091542,533779,608892
2.02307E+11,74986,1692091543,533748,608734
2.02307E+11,74468,1692091544,534396,608864
2.02307E+11,74449,1692091545,534387,608836
2.02307E+11,74594,1692091546,535144,609738
2.02307E+11,75001,1692091547,534758,609759
2.02307E+11,74853,1692091548,534529,609382
2.02307E+11,74385,1692091549,534584,608969
2.02307E+11,74750,1692091550,535061,609811
2.02307E+11,75093,1692091551,536133,611226
2.02307E+11,75084,1692091552,535885,610969
2.02307E+11,74878,1692091553,536166,611044
2.02307E+11,75399,1692091554,536182,611581
2.02307E+11,75366,1692091555,535818,611184
2.02307E+11,75071,1692091556,534762,609833
2.02307E+11,75526,1692091557,535143,610669
2.02307E+11,74905,1692091558,535819,610724
2.02307E+11,75249,1692091559,535947,611196
2.02307E+11,75765,1692091560,534962,610727
2.02307E+11,75309,1692091561,535286,610595
2.02307E+11,74302,1692091562,535684,609986
2.02307E+11,74958,1692091563,536029,610987
2.02307E+11,75775,1692091564,536188,611963
2.02307E+11,75767,1692091565,535398,611165
2.02307E+11,75214,1692091566,536172,611386
2.02307E+11,75438,1692091567,535297,610735
2.02307E+11,75333,1692091568,535946,611279
2.02307E+11,76004,1692091569,535953,611957
2.02307E+11,75664,1692091570,535778,611442
2.02307E+11,75362,1692091571,535944,611306
2.02307E+11,75497,1692091572,535849,611346
2.02307E+11,75470,1692091573,535502,610972
2.02307E+11,75283,1692091574,536015,611298
2.02307E+11,74733,1692091575,536506,611239
2.02307E+11,75249,1692091576,536175,611424
2.02307E+11,75283,1692091577,534928,610211
2.02307E+11,75549,1692091578,535912,611461
2.02307E+11,75143,1692091579,535709,610852
2.02307E+11,75022,1692091580,535194,610216
2.02307E+11,75356,1692091581,535631,610987
2.02307E+11,75524,1692091582,535127,610651
2.02307E+11,75451,1692091583,535486,610937
2.02307E+11,75090,1692091584,535261,610351
2.02307E+11,74704,1692091585,535235,609939
2.02307E+11,75288,1692091586,534866,610154
2.02307E+11,75638,1692091587,533895,609533
2.02307E+11,75888,1692091588,534632,610520
2.02307E+11,74541,1692091589,535027,609568
2.02307E+11,75616,1692091590,534649,610265
2.02307E+11,75205,1692091591,534605,609810
2.02307E+11,75150,1692091592,534753,609903
2.02307E+11,74551,1692091593,534862,609413
2.02307E+11,75217,1692091594,533993,609210
2.02307E+11,75731,1692091595,1577086,1652817
2.02307E+11,75816,1692091596,1579843,1655659
2.02307E+11,75099,1692091597,1578686,1653785
2.02307E+11,74838,1692091598,534163,609001
2.02307E+11,74902,1692091599,872492,947394
2.02307E+11,75484,1692091600,873156,948640
2.02307E+11,74803,1692091601,872631,947434
2.02307E+11,74867,1692091602,872453,947320
2.02307E+11,75508,1692091603,873218,948726
2.02307E+11,75578,1692091604,873560,949138
2.02307E+11,75447,1692091605,872931,948378
2.02307E+11,75233,1692091606,872926,948159
2.02307E+11,75038,1692091607,873185,948223
2.02307E+11,75472,1692091608,873744,949216
2.02307E+11,75847,1692091609,873661,949508
2.02307E+11,75603,1692091610,873463,949066
2.02307E+11,74934,1692091611,873289,948223
2.02307E+11,75652,1692091612,872996,948648
2.02307E+11,75532,1692091613,872813,948345
2.02307E+11,75512,1692091614,873277,948789
2.02307E+11,74879,1692091615,873700,948579
2.02307E+11,74808,1692091616,873656,948464
2.02307E+11,75831,1692091617,873806,949637
2.02307E+11,75887,1692091618,873573,949460
2.02307E+11,75666,1692091619,872645,948311
2.02307E+11,74814,1692091620,872429,947243
2.02307E+11,75916,1692091621,873224,949140
2.02307E+11,75705,1692091622,873010,948715
2.02307E+11,75137,1692091623,872209,947346
2.02307E+11,75887,1692091624,873041,948928
2.02307E+11,75028,1692091625,873321,948349
2.02307E+11,75866,1692091626,872802,948668
2.02307E+11,75896,1692091627,873413,949309
2.02307E+11,76359,1692091628,874054,950413
2.02307E+11,75920,1692091629,873234,949154
2.02307E+11,75664,1692091630,872927,948591
2.02307E+11,76207,1692091631,871955,948162
2.02307E+11,75361,1692091632,871483,946844
2.02307E+11,75824,1692091633,870337,946161
2.02307E+11,75124,1692091634,870439,945563
2.02307E+11,75172,1692091635,872129,947301
2.02307E+11,75853,1692091636,872339,948192
2.02307E+11,74935,1692091637,872958,947893
2.02307E+11,75178,1692091638,873480,948658
2.02307E+11,75514,1692091639,874090,949604
2.02307E+11,76097,1692091640,876431,952528
2.02307E+11,75044,1692091641,876504,951548
2.02307E+11,74697,1692091642,875560,950257
2.02307E+11,74337,1692091643,874791,949128
2.02307E+11,74878,1692091644,874872,949750
2.02307E+11,75047,1692091645,875717,950764
2.02307E+11,74980,1692091646,874556,949536
2.02307E+11,74818,1692091647,874694,949512
2.02307E+11,75437,1692091648,875062,950499
2.02307E+11,75524,1692091649,875050,950574
2.02307E+11,75175,1692091650,875240,950415
2.02307E+11,74564,1692091651,874903,949467
2.02307E+11,75369,1692091652,875946,951315
2.02307E+11,75879,1692091653,875447,951326
2.02307E+11,75751,1692091654,875533,951284
2.02307E+11,75382,1692091655,874991,950373
2.02307E+11,74775,1692091656,876099,950874
2.02307E+11,75691,1692091657,876203,951894
2.02307E+11,76351,1692091658,876790,953141
2.02307E+11,76311,1692091659,876611,952922
2.02307E+11,76007,1692091660,876804,952811
2.02307E+11,76112,1692091661,876785,952897
2.02307E+11,75957,1692091662,875613,951570
2.02307E+11,76382,1692091663,872768,949150
2.02307E+11,75930,1692091663,874289,950219
2.02307E+11,76007,1692091665,875534,951541
2.02307E+11,76088,1692091666,874782,950870
2.02307E+11,76443,1692091667,875049,951492
2.02307E+11,76349,1692091668,874862,951211
2.02307E+11,76549,1692091669,873571,950120
2.02307E+11,75101,1692091670,873786,948887
2.02307E+11,75564,1692091671,873542,949106
2.02307E+11,75781,1692091672,874318,950099
2.02307E+11,75173,1692091673,875027,950200
2.02307E+11,74596,1692091674,874413,949009
2.02307E+11,75348,1692091675,874289,949637
2.02307E+11,75327,1692091676,875023,950350
2.02307E+11,75182,1692091677,876253,951435
2.02307E+11,74633,1692091678,876642,951275
2.02307E+11,74797,1692091679,875938,950735
2.02307E+11,75346,1692091680,875790,951136
2.02307E+11,74453,1692091681,876742,951195
2.02307E+11,74944,1692091682,876160,951104
2.02307E+11,74583,1692091683,876715,951298
2.02307E+11,75411,1692091684,875915,951326
2.02307E+11,74963,1692091685,876623,951586
2.02307E+11,74756,1692091686,876473,951229
2.02307E+11,74711,1692091687,876172,950883
2.02307E+11,75127,1692091688,875458,950585
2.02307E+11,75492,1692091689,875907,951399
2.02307E+11,75345,1692091690,876305,951650
2.02307E+11,75313,1692091691,875534,950847
2.02307E+11,75981,1692091692,876221,952202
2.02307E+11,75985,1692091693,876435,952420
2.02307E+11,75284,1692091694,874548,949832
2.02307E+11,75329,1692091695,875119,950448
2.02307E+11,76120,1692091696,874791,950911
2.02307E+11,76285,1692091697,875343,951628
2.02307E+11,75798,1692091698,875560,951358
2.02307E+11,74982,1692091699,875504,950486
2.02307E+11,75826,1692091700,876634,952460
2.02307E+11,75549,1692091701,875182,950731
2.02307E+11,75629,1692091702,875048,950677
2.02307E+11,75524,1692091703,875853,951377
2.02307E+11,75283,1692091704,874740,950023
2.02307E+11,75826,1692091705,875169,950995
2.02307E+11,75624,1692091706,875162,950786
2.02307E+11,75356,1692091707,874769,950125
2.02307E+11,75656,1692091708,875546,951202
2.02307E+11,75905,1692091709,875720,951625
2.02307E+11,75869,1692091710,873943,949812
2.02307E+11,75984,1692091711,873943,949927
2.02307E+11,75557,1692091712,874115,949672
2.02307E+11,74735,1692091713,873638,948373
2.02307E+11,74590,1692091714,873309,947899
2.02307E+11,74981,1692091715,873727,948708
2.02307E+11,74892,1692091716,873870,948762
2.02307E+11,74731,1692091717,873726,948457
2.02307E+11,74918,1692091718,873713,948631
2.02307E+11,75833,1692091719,874340,950173
2.02307E+11,74991,1692091720,873953,948944
2.02307E+11,75026,1692091721,873781,948807
2.02307E+11,75354,1692091722,872638,947992
2.02307E+11,75599,1692091723,873956,949555
2.02307E+11,75134,1692091724,872824,947958
2.02307E+11,75348,1692091725,873590,948938
2.02307E+11,75577,1692091726,873437,949014
2.02307E+11,75129,1692091727,874292,949421
2.02307E+11,75682,1692091728,874269,949951
2.02307E+11,75803,1692091729,874959,950762
2.02307E+11,75289,1692091730,874339,949628
2.02307E+11,75599,1692091731,874355,949954
2.02307E+11,75410,1692091732,875446,950856
2.02307E+11,75317,1692091733,876152,951469
2.02307E+11,75256,1692091734,875970,951226
2.02307E+11,75612,1692091735,875990,951602
2.02307E+11,75281,1692091736,875875,951156
2.02307E+11,75762,1692091737,875586,951348
2.02307E+11,75689,1692091738,874298,949987
2.02307E+11,75675,1692091739,874012,949687
2.02307E+11,76615,1692091740,874100,950715
2.02307E+11,76491,1692091741,875327,951818
2.02307E+11,76110,1692091742,875434,951544
2.02307E+11,75985,1692091743,875186,951171
2.02307E+11,75473,1692091744,874453,949926
2.02307E+11,76155,1692091745,875186,951341
2.02307E+11,75853,1692091746,874605,950458
2.02307E+11,75552,1692091747,874123,949675
2.02307E+11,75061,1692091748,874713,949774
2.02307E+11,74788,1692091749,874734,949522
2.02307E+11,75010,1692091750,876237,951247
2.02307E+11,75473,1692091751,876502,951975
2.02307E+11,74925,1692091752,875205,950130
2.02307E+11,74690,1692091753,872036,946726
2.02307E+11,75277,1692091754,873792,949069
2.02307E+11,75096,1692091755,873627,948723
2.02307E+11,75007,1692091756,874123,949130
2.02307E+11,74599,1692091757,873794,948393
2.02307E+11,74689,1692091758,871345,946034
2.02307E+11,75396,1692091759,872374,947770
2.02307E+11,74864,1692091760,874017,948881
2.02307E+11,75197,1692091761,874586,949783
2.02307E+11,74782,1692091762,875268,950050
2.02307E+11,74998,1692091763,875120,950118
2.02307E+11,74946,1692091764,875301,950247
2.02307E+11,75247,1692091765,874298,949545
2.02307E+11,74666,1692091766,873884,948550
2.02307E+11,75268,1692091767,875412,950680
2.02307E+11,75176,1692091768,874821,949997
2.02307E+11,75220,1692091769,874714,949934
2.02307E+11,74674,1692091770,874632,949306
2.02307E+11,75121,1692091771,874452,949573
2.02307E+11,76265,1692091772,875268,951533
2.02307E+11,75982,1692091773,873887,949869
2.02307E+11,75830,1692091774,874753,950583
2.02307E+11,75382,1692091775,875222,950604
2.02307E+11,75564,1692091776,875598,951162
2.02307E+11,75989,1692091777,874042,950031
2.02307E+11,74986,1692091778,874517,949503
2.02307E+11,75003,1692091779,874723,949726
2.02307E+11,75345,1692091780,874407,949752
2.02307E+11,76135,1692091781,875161,951296
2.02307E+11,75988,1692091782,874641,950629
2.02307E+11,76105,1692091783,874346,950451
2.02307E+11,75990,1692091784,870757,946747
2.02307E+11,76211,1692091785,875400,951611
2.02307E+11,76474,1692091786,875376,951850
2.02307E+11,75679,1692091787,874980,950659
2.02307E+11,75625,1692091788,874505,950130
2.02307E+11,76129,1692091789,872978,949107
2.02307E+11,76022,1692091790,874639,950661
2.02307E+11,75952,1692091791,874454,950406
2.02307E+11,75452,1692091792,875508,950960
2.02307E+11,75817,1692091793,874915,950732
2.02307E+11,75788,1692091794,874218,950006
2.02307E+11,75890,1692091795,875313,951203
2.02307E+11,74957,1692091796,874544,949501
2.02307E+11,74802,1692091797,874382,949184
2.02307E+11,75348,1692091798,875959,951307
2.02307E+11,75837,1692091799,874133,949970
2.02307E+11,75773,1692091800,874872,950645
2.02307E+11,75022,1692091801,874247,949269
2.02307E+11,75440,1692091802,874218,949658
2.02307E+11,75324,1692091803,874467,949791
2.02307E+11,75098,1692091804,874077,949175
2.02307E+11,74564,1692091805,873815,948379
2.02307E+11,75646,1692091806,874518,950164
2.02307E+11,75356,1692091807,873420,948776
2.02307E+11,75660,1692091808,873926,949586
2.02307E+11,74909,1692091809,874890,949799
2.02307E+11,74821,1692091810,873835,948656
2.02307E+11,75114,1692091811,875363,950477
2.02307E+11,75735,1692091812,873967,949702
2.02307E+11,74946,1692091813,874630,949576
2.02307E+11,75394,1692091814,874796,950190
2.02307E+11,75534,1692091814,874380,949914
2.02307E+11,75589,1692091816,874745,950334
2.02307E+11,75007,1692091817,875419,950426
2.02307E+11,74871,1692091818,874109,948980
2.02307E+11,75450,1692091819,875402,950852
2.02307E+11,75583,1692091820,872305,947888
2.02307E+11,75017,1692091821,875086,950103
2.02307E+11,75610,1692091822,875382,950992
2.02307E+11,74979,1692091823,874864,949843
2.02307E+11,75801,1692091824,875017,950818
2.02307E+11,75547,1692091825,874576,950123
2.02307E+11,75454,1692091826,875139,950593
2.02307E+11,74911,1692091827,874188,949099
2.02307E+11,75909,1692091828,875173,951082
2.02307E+11,76646,1692091829,874964,951610
2.02307E+11,76589,1692091830,876395,952984
2.02307E+11,75811,1692091831,875853,951664
2.02307E+11,75391,1692091832,874583,949974
2.02307E+11,76513,1692091833,876797,953310
2.02307E+11,76160,1692091834,875405,951565
2.02307E+11,75844,1692091835,875723,951567
2.02307E+11,75441,1692091836,875793,951234
2.02307E+11,76176,1692091837,876675,952851
2.02307E+11,76148,1692091838,877121,953269
2.02307E+11,75645,1692091839,876779,952424
2.02307E+11,74601,1692091840,875618,950219
2.02307E+11,75114,1692091841,875931,951045
2.02307E+11,75267,1692091842,876157,951424
2.02307E+11,75713,1692091843,874944,950657
2.02307E+11,75329,1692091844,874484,949813
2.02307E+11,74977,1692091845,875464,950441
2.02307E+11,75807,1692091846,874707,950514
2.02307E+11,75849,1692091847,874911,950760
2.02307E+11,75267,1692091848,874081,949348
2.02307E+11,74962,1692091849,874020,948982
2.02307E+11,75273,1692091850,874502,949775
2.02307E+11,75759,1692091851,875063,950822
2.02307E+11,75904,1692091852,875905,951809
2.02307E+11,75826,1692091853,876019,951845
2.02307E+11,75259,1692091854,875072,950331
2.02307E+11,75379,1692091855,875305,950684
2.02307E+11,75638,1692091856,875192,950830
2.02307E+11,75605,1692091857,876262,951867
2.02307E+11,75508,1692091858,875234,950742
2.02307E+11,75853,1692091859,875992,951845
2.02307E+11,75827,1692091860,875654,951481
2.02307E+11,75709,1692091861,875388,951097
2.02307E+11,76075,1692091862,875625,951700
2.02307E+11,75393,1692091863,875247,950640
2.02307E+11,74960,1692091864,874866,949826
2.02307E+11,76027,1692091865,874877,950904
2.02307E+11,75634,1692091866,874929,950563
2.02307E+11,75613,1692091867,874556,950169
2.02307E+11,74834,1692091868,874788,949622
2.02307E+11,75391,1692091869,875109,950500
2.02307E+11,75900,1692091870,874685,950585
2.02307E+11,75403,1692091871,874027,949430
2.02307E+11,75265,1692091872,875288,950553
2.02307E+11,74889,1692091873,875592,950481
2.02307E+11,75269,1692091874,875349,950618
2.02307E+11,74811,1692091875,876112,950923
2.02307E+11,75260,1692091876,875750,951010
2.02307E+11,75622,1692091877,874701,950323
2.02307E+11,75303,1692091878,875602,950905
2.02307E+11,74847,1692091879,875021,949868
2.02307E+11,74978,1692091880,875713,950691
2.02307E+11,74905,1692091881,875926,950831
2.02307E+11,75087,1692091882,875527,950614
2.02307E+11,75089,1692091883,875435,950524
2.02307E+11,75168,1692091884,875568,950736
2.02307E+11,75032,1692091885,875282,950314
2.02307E+11,75145,1692091886,874149,949294
2.02307E+11,75964,1692091887,874809,950773
2.02307E+11,76358,1692091888,874810,951168
2.02307E+11,75938,1692091889,875489,951427
2.02307E+11,75511,1692091890,875774,951285
2.02307E+11,76732,1692091891,875709,952441
2.02307E+11,76591,1692091892,874641,951232
2.02307E+11,75950,1692091893,875132,951082
2.02307E+11,75833,1692091894,874709,950542
2.02307E+11,75803,1692091895,874760,950563
2.02307E+11,76609,1692091896,875019,951628
2.02307E+11,75761,1692091897,875416,951177
2.02307E+11,75881,1692091898,874252,950133
2.02307E+11,75419,1692091899,874211,949630
2.02307E+11,75804,1692091900,874835,950639
2.02307E+11,76012,1692091901,875296,951308
2.02307E+11,75879,1692091902,875102,950981
2.02307E+11,75723,1692091903,875340,951063
2.02307E+11,75605,1692091904,874419,950024
2.02307E+11,75680,1692091905,875242,950922
2.02307E+11,75742,1692091906,874935,950677
2.02307E+11,75494,1692091907,875154,950648
2.02307E+11,74954,1692091908,875395,950349
2.02307E+11,75440,1692091909,874873,950313
2.02307E+11,75623,1692091910,876013,951636
2.02307E+11,74929,1692091911,875757,950686
2.02307E+11,75199,1692091912,875002,950201
2.02307E+11,75264,1692091913,875950,951214
2.02307E+11,75620,1692091914,874459,950079
2.02307E+11,75307,1692091915,874779,950086
2.02307E+11,74557,1692091916,874865,949422
2.02307E+11,75363,1692091917,875755,951118
2.02307E+11,75662,1692091918,875117,950779
2.02307E+11,75266,1692091919,874826,950092
2.02307E+11,75077,1692091920,874770,949847
2.02307E+11,75074,1692091921,874285,949359
2.02307E+11,75201,1692091922,874865,950066
2.02307E+11,75491,1692091923,875259,950750
2.02307E+11,75496,1692091924,875094,950590
2.02307E+11,74754,1692091925,876406,951160
2.02307E+11,75010,1692091926,874792,949802
2.02307E+11,74780,1692091927,875165,949945
2.02307E+11,75323,1692091928,874147,949470
2.02307E+11,74842,1692091929,874619,949461
2.02307E+11,75062,1692091930,874104,949166
2.02307E+11,76221,1692091931,874616,950837
2.02307E+11,75533,1692091932,874746,950279
2.02307E+11,75564,1692091933,874190,949754
2.02307E+11,75194,1692091934,874202,949396
2.02307E+11,75935,1692091935,873280,949215
2.02307E+11,76049,1692091936,873627,949676
2.02307E+11,75759,1692091937,873683,949442
2.02307E+11,75582,1692091938,874072,949654
2.02307E+11,75185,1692091939,873986,949171
2.02307E+11,76131,1692091940,873755,949886
2.02307E+11,76019,1692091941,874248,950267
2.02307E+11,75823,1692091942,875042,950865
2.02307E+11,75852,1692091943,875235,951087
2.02307E+11,75937,1692091944,873978,949915
2.02307E+11,76169,1692091945,874890,951059
2.02307E+11,75763,1692091946,874396,950159
2.02307E+11,74949,1692091947,874516,949465
2.02307E+11,75289,1692091948,875213,950502
2.02307E+11,75499,1692091949,874392,949891
2.02307E+11,75371,1692091950,874161,949532
2.02307E+11,75274,1692091951,874106,949380
2.02307E+11,74968,1692091952,874141,949109
2.02307E+11,76320,1692091953,873960,950280
2.02307E+11,75327,1692091954,874185,949512
2.02307E+11,74901,1692091955,872420,947321
2.02307E+11,74919,1692091956,874037,948956
2.02307E+11,75192,1692091957,874215,949407
2.02307E+11,75290,1692091958,874567,949857
2.02307E+11,75946,1692091959,874477,950423
2.02307E+11,75060,1692091960,875148,950208
2.02307E+11,75561,1692091961,875529,951090
2.02307E+11,76171,1692091962,876431,952602
2.02307E+11,75448,1692091963,876143,951591
2.02307E+11,74592,1692091964,874575,949167
2.02307E+11,75755,1692091966,874886,950641
2.02307E+11,76038,1692091967,875159,951197
2.02307E+11,75433,1692091968,875102,950535
2.02307E+11,76059,1692091969,875428,951487
2.02307E+11,76682,1692091970,874196,950878
2.02307E+11,76186,1692091971,874349,950535
2.02307E+11,76472,1692091972,874955,951427
2.02307E+11,75860,1692091973,874299,950159
2.02307E+11,76268,1692091974,874685,950953
2.02307E+11,76380,1692091976,875231,951611
2.02307E+11,75977,1692091977,874846,950823
2.02307E+11,75597,1692091978,875633,951230
2.02307E+11,75964,1692091979,874580,950544
2.02307E+11,76184,1692091980,874796,950980
2.02307E+11,76169,1692091981,874652,950821
2.02307E+11,75386,1692091982,874999,950385
2.02307E+11,75526,1692091983,874580,950106
2.02307E+11,75971,1692091984,874788,950759
2.02307E+11,75543,1692091986,875019,950562
2.02307E+11,75337,1692091987,874555,949892
2.02307E+11,75482,1692091988,875395,950877
2.02307E+11,75673,1692091989,874222,949895
2.02307E+11,75525,1692091990,873301,948826
2.02307E+11,75266,1692091991,873182,948448
2.02307E+11,75557,1692091992,871361,946918
2.02307E+11,75140,1692091993,873009,948149
2.02307E+11,75197,1692091994,872384,947581
2.02307E+11,75524,1692091995,873052,948576
2.02307E+11,75358,1692091996,873996,949354
2.02307E+11,75816,1692091997,875397,951213
2.02307E+11,75323,1692091998,875607,950930
2.02307E+11,75661,1692091999,876101,951762
2.02307E+11,75374,1692092000,875232,950606
2.02307E+11,75705,1692092001,874309,950014
2.02307E+11,75728,1692092002,875433,951161
2.02307E+11,76047,1692092003,875789,951836
2.02307E+11,75325,1692092004,875947,951272
2.02307E+11,76034,1692092005,874797,950831
2.02307E+11,76061,1692092006,874950,951011
2.02307E+11,75833,1692092007,875109,950942
2.02307E+11,75584,1692092008,875136,950720
2.02307E+11,75163,1692092009,875662,950825
2.02307E+11,75629,1692092010,875920,951549
2.02307E+11,75705,1692092011,875913,951618
2.02307E+11,75453,1692092012,876316,951769
2.02307E+11,74771,1692092013,876884,951655
2.02307E+11,74798,1692092014,875396,950194
2.02307E+11,74854,1692092015,875668,950522
2.02307E+11,74898,1692092016,876542,951440
2.02307E+11,75117,1692092017,876046,951163
2.02307E+11,74863,1692092018,877149,952012
2.02307E+11,75174,1692092019,876556,951730
2.02307E+11,75853,1692092020,876360,952213
2.02307E+11,74972,1692092021,876257,951229
2.02307E+11,76090,1692092022,877207,953297
2.02307E+11,75709,1692092023,876835,952544
2.02307E+11,75746,1692092024,873928,949674
2.02307E+11,75696,1692092025,876683,952379
2.02307E+11,75943,1692092026,876491,952434
2.02307E+11,75334,1692092027,876946,952280
2.02307E+11,75678,1692092028,877206,952884
2.02307E+11,75189,1692092029,876525,951714
2.02307E+11,75792,1692092030,877745,953537
2.02307E+11,74500,1692092031,876405,950905
2.02307E+11,75486,1692092032,876481,951967
2.02307E+11,75363,1692092033,876107,951470
2.02307E+11,74425,1692092034,876189,950614
2.02307E+11,75089,1692092035,876360,951449
2.02307E+11,74970,1692092036,875940,950910
2.02307E+11,75631,1692092037,876198,951829
2.02307E+11,75698,1692092038,875768,951466
2.02307E+11,75850,1692092039,876183,952033
2.02307E+11,75614,1692092040,876242,951856
2.02307E+11,75388,1692092041,875383,950771
2.02307E+11,76407,1692092042,875909,952316
2.02307E+11,75943,1692092043,875720,951663
2.02307E+11,76080,1692092044,874722,950802
2.02307E+11,75623,1692092045,875243,950866
2.02307E+11,76396,1692092046,876416,952812
2.02307E+11,75708,1692092047,875365,951073
2.02307E+11,75597,1692092048,875995,951592
2.02307E+11,75391,1692092049,875191,950582
2.02307E+11,75199,1692092050,875465,950664
2.02307E+11,75270,1692092051,875430,950700
2.02307E+11,75795,1692092052,875548,951343
2.02307E+11,75690,1692092053,876126,951816
2.02307E+11,75693,1692092054,875969,951662
2.02307E+11,75131,1692092055,875327,950458
2.02307E+11,75271,1692092056,876339,951610
2.02307E+11,74886,1692092057,875060,949946
2.02307E+11,74851,1692092058,874682,949533
2.02307E+11,74625,1692092059,875097,949722
2.02307E+11,75475,1692092060,875095,950570
2.02307E+11,75172,1692092061,875694,950866
2.02307E+11,75225,1692092062,876210,951435
2.02307E+11,75041,1692092063,876912,951953
2.02307E+11,76078,1692092064,877244,953322
2.02307E+11,75341,1692092065,876007,951348
2.02307E+11,74904,1692092066,875841,950745
2.02307E+11,75219,1692092067,876039,951258
2.02307E+11,75588,1692092068,872596,948184
2.02307E+11,75710,1692092069,875473,951183
2.02307E+11,75559,1692092070,874549,950108
2.02307E+11,74991,1692092071,875260,950251
2.02307E+11,75018,1692092072,873669,948687
2.02307E+11,75478,1692092073,875925,951403
2.02307E+11,75201,1692092074,874449,949650
2.02307E+11,75199,1692092075,875776,950975
2.02307E+11,74739,1692092076,876658,951397
2.02307E+11,75672,1692092077,875874,951546
2.02307E+11,75310,1692092078,876225,951535
2.02307E+11,75296,1692092079,876817,952113
2.02307E+11,75501,1692092080,877079,952580
2.02307E+11,75790,1692092081,875455,951245
2.02307E+11,75360,1692092082,876408,951768
2.02307E+11,76221,1692092083,876191,952412
2.02307E+11,75761,1692092084,875313,951074
2.02307E+11,76024,1692092085,874582,950606
2.02307E+11,76497,1692092086,875074,951571
2.02307E+11,75806,1692092087,875306,951112
2.02307E+11,75679,1692092088,875242,950921
2.02307E+11,75937,1692092089,874815,950752
2.02307E+11,76469,1692092090,874591,951060
2.02307E+11,76473,1692092091,874548,951021
2.02307E+11,75519,1692092092,875129,950648
2.02307E+11,75838,1692092093,876035,951873
2.02307E+11,75733,1692092094,875761,951494
2.02307E+11,75241,1692092095,875842,951083
2.02307E+11,75177,1692092096,875819,950996
2.02307E+11,75477,1692092097,875857,951334
2.02307E+11,75464,1692092098,875353,950817
2.02307E+11,74681,1692092099,875484,950165
2.02307E+11,75168,1692092100,875103,950271
2.02307E+11,75102,1692092101,874941,950043
2.02307E+11,75231,1692092102,874455,949686
2.02307E+11,74647,1692092103,873334,947981
2.02307E+11,75089,1692092104,874277,949366
2.02307E+11,74694,1692092105,874357,949051
2.02307E+11,75138,1692092106,875418,950556
2.02307E+11,74956,1692092107,876756,951712
2.02307E+11,75805,1692092108,874817,950622
2.02307E+11,75484,1692092109,876170,951654
2.02307E+11,74646,1692092110,874875,949521
2.02307E+11,75293,1692092111,876260,951553
2.02307E+11,75761,1692092112,876334,952095
2.02307E+11,75228,1692092113,875734,950962
2.02307E+11,75833,1692092114,875587,951420
2.02307E+11,75211,1692092115,874573,949784
2.02307E+11,75785,1692092115,875474,951259
2.02307E+11,75202,1692092117,875337,950539
2.02307E+11,75076,1692092118,876215,951291
2.02307E+11,75102,1692092119,875891,950993
2.02307E+11,75615,1692092120,875931,951546
2.02307E+11,76063,1692092121,875192,951255
2.02307E+11,74854,1692092122,874216,949070
2.02307E+11,74978,1692092123,874710,949688
2.02307E+11,75527,1692092124,873470,948997
2.02307E+11,75471,1692092125,873817,949288
2.02307E+11,75294,1692092126,873468,948762
2.02307E+11,75034,1692092127,874004,949038
2.02307E+11,76005,1692092128,874185,950190
2.02307E+11,75753,1692092129,874962,950715
2.02307E+11,75183,1692092130,875391,950574
2.02307E+11,75337,1692092131,875101,950438
2.02307E+11,75764,1692092132,875688,951452
2.02307E+11,75275,1692092133,875666,950941
2.02307E+11,75196,1692092134,876860,952056
2.02307E+11,75486,1692092135,1584363,1659849
2.02307E+11,75453,1692092136,1583012,1658465
2.02307E+11,76156,1692092137,1583713,1659869
2.02307E+11,76465,1692092138,1583406,1659871
2.02307E+11,75648,1692092139,1583177,1658825
2.02307E+11,74710,1692092140,1582262,1656972
2.02307E+11,75923,1692092141,1581867,1657790
2.02307E+11,76452,1692092142,1580231,1656683
2.02307E+11,75848,1692092143,1579783,1655631
2.02307E+11,75462,1692092144,1581880,1657342
2.02307E+11,75515,1692092145,1581330,1656845
2.02307E+11,75734,1692092146,1581880,1657614
2.02307E+11,75587,1692092147,1582443,1658030
2.02307E+11,75837,1692092148,1581656,1657493
2.02307E+11,75247,1692092149,1584098,1659345
2.02307E+11,75592,1692092150,1582575,1658167
2.02307E+11,74939,1692092151,1583580,1658519
2.02307E+11,75293,1692092152,1582645,1657938
2.02307E+11,74554,1692092153,1583561,1658115
2.02307E+11,74926,1692092154,1583559,1658485
2.02307E+11,76062,1692092155,1582363,1658425
2.02307E+11,75936,1692092156,1582383,1658319
2.02307E+11,75635,1692092157,1580680,1656315
2.02307E+11,75023,1692092158,1581935,1656958
2.02307E+11,75230,1692092159,1580977,1656207
2.02307E+11,75346,1692092160,1581404,1656750
2.02307E+11,74687,1692092161,1580607,1655294
2.02307E+11,75383,1692092162,1582934,1658317
2.02307E+11,75002,1692092163,1582397,1657399
2.02307E+11,74672,1692092164,1581123,1655795
2.02307E+11,74882,1692092165,1582772,1657654
2.02307E+11,75131,1692092166,1584042,1659173
2.02307E+11,75675,1692092167,1583915,1659590
2.02307E+11,75139,1692092168,1584641,1659780
2.02307E+11,74910,1692092169,1584544,1659454
2.02307E+11,75005,1692092170,1583928,1658933
2.02307E+11,75875,1692092171,1583679,1659554
2.02307E+11,75595,1692092172,1582873,1658468
2.02307E+11,75729,1692092173,1582086,1657815
2.02307E+11,75331,1692092174,1582109,1657440
2.02307E+11,76052,1692092175,1580344,1656396
2.02307E+11,76203,1692092176,1582302,1658505
2.02307E+11,76349,1692092177,1582315,1658664
2.02307E+11,75453,1692092178,1581355,1656808
2.02307E+11,76078,1692092179,1582690,1658768
2.02307E+11,76013,1692092180,1581958,1657971
2.02307E+11,75864,1692092181,1583409,1659273
2.02307E+11,75898,1692092182,1583459,1659357
2.02307E+11,74951,1692092183,1583500,1658451
2.02307E+11,75450,1692092184,1584332,1659782
2.02307E+11,75549,1692092185,1583253,1658802
2.02307E+11,75550,1692092186,1584508,1660058
2.02307E+11,74697,1692092187,1583108,1657805
2.02307E+11,75496,1692092188,1583238,1658734
2.02307E+11,75414,1692092189,1584148,1659562
2.02307E+11,74978,1692092190,1582328,1657306
2.02307E+11,75304,1692092191,1583913,1659217
2.02307E+11,75102,1692092192,1582632,1657734
2.02307E+11,75144,1692092193,1581812,1656956
2.02307E+11,75178,1692092194,1582629,1657807
2.02307E+11,75211,1692092195,1580768,1655979
2.02307E+11,74397,1692092196,1580999,1655396
2.02307E+11,74708,1692092197,1579669,1654377
2.02307E+11,75227,1692092198,1580684,1655911
2.02307E+11,75100,1692092199,1582188,1657288
2.02307E+11,74733,1692092200,1580927,1655660
2.02307E+11,75847,1692092201,1580373,1656220
2.02307E+11,76372,1692092202,1580141,1656513
2.02307E+11,75984,1692092203,1580796,1656780
2.02307E+11,75993,1692092204,1579935,1655928
2.02307E+11,74961,1692092205,1580262,1655223
2.02307E+11,75218,1692092206,873848,949066
2.02307E+11,75617,1692092207,874684,950301
2.02307E+11,74364,1692092208,874592,948956
2.02307E+11,75469,1692092209,876171,951640
2.02307E+11,75519,1692092210,876554,952073
2.02307E+11,76072,1692092211,876602,952674
2.02307E+11,75249,1692092212,875972,951221
2.02307E+11,74887,1692092213,875976,950863
2.02307E+11,75548,1692092214,875242,950790
2.02307E+11,75694,1692092215,875847,951541
2.02307E+11,75796,1692092216,875325,951121
2.02307E+11,74998,1692092217,876233,951231
2.02307E+11,74695,1692092218,876208,950903
2.02307E+11,75835,1692092219,875687,951522
2.02307E+11,75889,1692092220,876624,952513
2.02307E+11,75619,1692092221,876224,951843
2.02307E+11,74766,1692092222,876911,951677
2.02307E+11,76359,1692092223,876760,953119
2.02307E+11,76164,1692092224,876336,952500
2.02307E+11,76009,1692092225,875680,951689
2.02307E+11,76436,1692092226,876287,952723
2.02307E+11,75751,1692092227,876713,952464
2.02307E+11,75454,1692092228,877816,953270
2.02307E+11,75044,1692092229,876417,951461
2.02307E+11,75747,1692092230,876317,952064
2.02307E+11,74758,1692092231,876757,951515
2.02307E+11,75422,1692092232,877067,952489
2.02307E+11,75663,1692092233,874567,950230
2.02307E+11,74844,1692092234,874864,949708
2.02307E+11,75300,1692092235,874061,949361
2.02307E+11,75540,1692092236,874745,950285
2.02307E+11,75334,1692092237,874976,950310
2.02307E+11,75034,1692092238,875620,950654
2.02307E+11,75178,1692092239,875400,950578
2.02307E+11,74585,1692092240,876344,950929
2.02307E+11,75006,1692092241,876756,951762
2.02307E+11,74638,1692092242,877575,952213
2.02307E+11,74641,1692092243,876700,951341
2.02307E+11,75159,1692092244,877263,952422
2.02307E+11,75057,1692092245,876226,951283
2.02307E+11,75407,1692092246,876189,951596
2.02307E+11,74802,1692092247,875434,950236
2.02307E+11,74666,1692092248,875079,949745
2.02307E+11,75477,1692092249,875437,950914
2.02307E+11,75533,1692092250,875271,950804
2.02307E+11,74760,1692092251,875270,950030
2.02307E+11,74902,1692092252,875054,949956
2.02307E+11,75489,1692092253,874584,950073
2.02307E+11,75280,1692092254,874659,949939
2.02307E+11,76009,1692092255,875564,951573
2.02307E+11,75856,1692092256,876051,951907
2.02307E+11,75822,1692092257,876355,952177
2.02307E+11,75837,1692092258,876322,952159
2.02307E+11,76295,1692092259,876150,952445
2.02307E+11,76250,1692092260,876698,952948
2.02307E+11,75773,1692092261,875687,951460
2.02307E+11,75974,1692092262,874958,950932
2.02307E+11,76058,1692092263,873901,949959
2.02307E+11,76377,1692092264,873320,949697
2.02307E+11,75438,1692092265,873843,949281
2.02307E+11,76531,1692092266,875113,951644
2.02307E+11,76250,1692092266,874358,950608
2.02307E+11,76151,1692092268,875019,951170
2.02307E+11,75181,1692092269,875566,950747
2.02307E+11,75599,1692092270,876547,952146
2.02307E+11,76148,1692092271,875369,951517
2.02307E+11,75747,1692092272,874863,950610
2.02307E+11,75598,1692092273,875906,951504
2.02307E+11,75063,1692092274,876230,951293
2.02307E+11,75336,1692092275,876622,951958
2.02307E+11,75335,1692092276,875728,951063
2.02307E+11,75304,1692092277,875194,950498
2.02307E+11,74969,1692092278,876046,951015
2.02307E+11,75460,1692092279,875643,951103
2.02307E+11,75570,1692092280,876639,952209
2.02307E+11,74959,1692092281,876428,951387
2.02307E+11,74752,1692092282,877076,951828
2.02307E+11,75656,1692092283,875692,951348
2.02307E+11,75622,1692092284,875407,951029
2.02307E+11,74686,1692092285,874724,949410
2.02307E+11,74654,1692092286,875814,950468
2.02307E+11,74948,1692092287,875854,950802
2.02307E+11,74992,1692092288,877242,952234
2.02307E+11,75028,1692092289,877109,952137
2.02307E+11,74498,1692092290,876851,951349
2.02307E+11,74679,1692092291,872276,946955
2.02307E+11,74958,1692092292,875572,950530
2.02307E+11,75476,1692092293,875032,950508
2.02307E+11,74532,1692092294,874079,948611
2.02307E+11,75593,1692092295,874005,949598
2.02307E+11,75397,1692092296,872752,948149
2.02307E+11,75758,1692092297,873434,949192
2.02307E+11,75388,1692092298,873472,948860
2.02307E+11,74927,1692092299,874744,949671
2.02307E+11,75336,1692092300,875070,950406
2.02307E+11,75966,1692092301,876228,952194
2.02307E+11,76012,1692092302,876295,952307
2.02307E+11,75546,1692092303,876593,952139
2.02307E+11,75731,1692092304,875480,951211
2.02307E+11,75988,1692092305,875985,951973
2.02307E+11,75849,1692092306,876223,952072
2.02307E+11,76076,1692092307,875667,951743
2.02307E+11,75615,1692092308,876188,951803
2.02307E+11,75361,1692092309,875741,951102
2.02307E+11,75624,1692092310,876174,951798
2.02307E+11,75491,1692092311,876009,951500
2.02307E+11,75151,1692092312,876143,951294
2.02307E+11,75558,1692092313,876029,951587
2.02307E+11,75707,1692092314,876264,951971
2.02307E+11,75235,1692092315,876251,951486
2.02307E+11,75096,1692092316,876336,951432
2.02307E+11,74943,1692092317,876720,951663
2.02307E+11,74811,1692092318,878093,952904
2.02307E+11,74903,1692092319,878578,953481
2.02307E+11,75429,1692092320,877873,953302
2.02307E+11,74841,1692092321,877641,952482
2.02307E+11,75167,1692092322,876538,951705
2.02307E+11,75269,1692092323,876918,952187
2.02307E+11,74806,1692092324,875306,950112
2.02307E+11,74777,1692092325,875573,950350
2.02307E+11,75032,1692092326,876605,951637
2.02307E+11,75361,1692092327,876577,951938
2.02307E+11,75318,1692092328,877710,953028
2.02307E+11,74617,1692092329,877026,951643
2.02307E+11,75638,1692092330,878645,954283
2.02307E+11,75245,1692092331,878884,954129
2.02307E+11,75512,1692092332,878954,954466
2.02307E+11,75242,1692092333,879160,954402
2.02307E+11,75494,1692092334,877909,953403
2.02307E+11,75274,1692092335,878819,954093
2.02307E+11,75217,1692092336,878776,953993
2.02307E+11,74682,1692092337,877856,952538
2.02307E+11,75233,1692092338,876254,951487
2.02307E+11,75488,1692092339,877363,952851
2.02307E+11,75469,1692092340,877925,953394
2.02307E+11,75741,1692092341,877743,953484
2.02307E+11,75731,1692092342,877792,953523
2.02307E+11,75970,1692092343,878422,954392
2.02307E+11,76309,1692092344,877956,954265
2.02307E+11,75830,1692092345,878079,953909
2.02307E+11,75776,1692092346,877624,953400
2.02307E+11,76444,1692092347,878110,954554
2.02307E+11,76123,1692092348,879140,955263
2.02307E+11,76301,1692092349,879193,955494
2.02307E+11,75923,1692092350,879157,955080
2.02307E+11,75443,1692092351,877652,953095
2.02307E+11,76235,1692092352,878009,954244
2.02307E+11,75490,1692092353,877805,953295
2.02307E+11,75105,1692092354,877813,952918
2.02307E+11,75004,1692092355,875625,950629
2.02307E+11,75317,1692092356,877270,952587
2.02307E+11,74817,1692092357,877701,952518
2.02307E+11,74571,1692092358,876746,951317
2.02307E+11,74437,1692092359,877484,951921
2.02307E+11,75550,1692092360,878281,953831
2.02307E+11,75192,1692092361,879395,954587
2.02307E+11,75243,1692092362,878876,954119
2.02307E+11,74695,1692092363,877660,952355
2.02307E+11,75206,1692092364,879176,954382
2.02307E+11,75452,1692092365,878445,953897
2.02307E+11,75042,1692092366,878041,953083
2.02307E+11,74660,1692092367,877838,952498
2.02307E+11,75565,1692092368,877624,953189
2.02307E+11,74968,1692092369,878242,953210
2.02307E+11,75644,1692092370,877524,953168
2.02307E+11,74646,1692092371,878205,952851
2.02307E+11,75801,1692092372,878858,954659
2.02307E+11,76261,1692092373,878373,954634
2.02307E+11,76037,1692092374,878580,954617
2.02307E+11,75726,1692092375,877096,952822
2.02307E+11,75361,1692092376,878961,954322
2.02307E+11,76572,1692092377,879673,956245
2.02307E+11,75941,1692092378,879728,955669
2.02307E+11,75263,1692092379,880248,955511
2.02307E+11,75612,1692092380,878457,954069
2.02307E+11,75351,1692092381,878514,953865
2.02307E+11,75820,1692092382,878298,954118
2.02307E+11,75472,1692092383,877824,953296
2.02307E+11,75133,1692092384,875986,951119
2.02307E+11,75471,1692092385,878293,953764
2.02307E+11,75827,1692092386,877349,953176
2.02307E+11,75965,1692092387,879523,955488
2.02307E+11,75169,1692092388,879266,954435
2.02307E+11,75160,1692092389,879509,954669
2.02307E+11,75733,1692092390,879892,955625
2.02307E+11,75986,1692092391,880219,956205
2.02307E+11,75144,1692092392,880261,955405
2.02307E+11,75151,1692092393,878913,954064
2.02307E+11,75203,1692092394,879523,954726
2.02307E+11,76481,1692092395,880274,956755
2.02307E+11,75795,1692092396,878810,954605
2.02307E+11,75397,1692092397,878613,954010
2.02307E+11,75624,1692092398,878428,954052
2.02307E+11,76069,1692092399,877773,953842
2.02307E+11,76282,1692092400,878613,954895
2.02307E+11,74825,1692092401,878325,953150
2.02307E+11,75668,1692092402,878532,954200
2.02307E+11,76117,1692092403,878394,954511
2.02307E+11,76352,1692092404,878780,955132
2.02307E+11,76372,1692092405,878897,955269
2.02307E+11,75997,1692092406,878792,954789
2.02307E+11,75522,1692092407,878916,954438
2.02307E+11,76319,1692092408,878879,955198
2.02307E+11,75728,1692092409,878569,954297
2.02307E+11,75236,1692092410,879576,954812
2.02307E+11,75169,1692092411,878911,954080
2.02307E+11,76124,1692092412,878906,955030
2.02307E+11,75234,1692092413,879141,954375
2.02307E+11,75391,1692092414,878155,953546
2.02307E+11,75235,1692092415,877932,953167
2.02307E+11,75528,1692092416,879014,954542
2.02307E+11,75116,1692092416,879274,954390
2.02307E+11,75116,1692092418,878996,954112
2.02307E+11,74880,1692092419,879303,954183
2.02307E+11,75974,1692092420,877417,953391
2.02307E+11,75593,1692092421,878172,953765
2.02307E+11,75142,1692092422,878892,954034
2.02307E+11,74685,1692092423,879709,954394
2.02307E+11,75270,1692092424,879773,955043
2.02307E+11,75100,1692092425,879255,954355
2.02307E+11,75261,1692092426,878438,953699
2.02307E+11,75248,1692092427,878151,953399
2.02307E+11,75212,1692092428,878203,953415
2.02307E+11,75891,1692092429,879358,955249
2.02307E+11,75539,1692092430,879521,955060
2.02307E+11,75198,1692092431,878417,953615
2.02307E+11,74900,1692092432,878897,953797
2.02307E+11,75938,1692092433,878410,954348
2.02307E+11,75676,1692092434,878214,953890
2.02307E+11,75673,1692092435,878853,954526
2.02307E+11,75380,1692092436,878474,953854
2.02307E+11,76137,1692092437,878249,954386
2.02307E+11,75999,1692092438,878716,954715
2.02307E+11,75951,1692092439,880046,955997
2.02307E+11,75361,1692092440,879869,955230
2.02307E+11,76379,1692092441,878978,955357
2.02307E+11,75917,1692092442,880012,955929
2.02307E+11,76517,1692092443,879595,956112
2.02307E+11,76274,1692092444,879698,955972
2.02307E+11,75651,1692092445,879523,955174
2.02307E+11,75839,1692092446,880351,956190
2.02307E+11,75610,1692092447,880074,955684
2.02307E+11,74898,1692092448,880274,955172
2.02307E+11,74365,1692092449,879735,954100
2.02307E+11,75179,1692092450,880421,955600
2.02307E+11,75738,1692092451,878521,954259
2.02307E+11,75217,1692092452,876246,951463
2.02307E+11,74780,1692092453,876559,951339
2.02307E+11,74735,1692092454,876643,951378
2.02307E+11,75303,1692092455,877711,953014
2.02307E+11,75169,1692092456,877981,953150
2.02307E+11,74761,1692092457,877681,952442
2.02307E+11,74950,1692092458,878098,953048
2.02307E+11,75440,1692092459,878750,954190
2.02307E+11,75636,1692092460,879375,955011
2.02307E+11,74756,1692092461,879084,953840
2.02307E+11,75613,1692092462,878239,953852
2.02307E+11,75532,1692092463,877215,952747
2.02307E+11,75403,1692092464,876520,951923
2.02307E+11,75190,1692092465,879057,954247
2.02307E+11,75331,1692092466,879940,955271
2.02307E+11,75512,1692092467,879100,954612
2.02307E+11,75116,1692092468,880472,955588
2.02307E+11,75151,1692092469,880826,955977
2.02307E+11,74546,1692092470,879911,954457
2.02307E+11,75270,1692092471,880052,955322
2.02307E+11,75702,1692092472,880129,955831
2.02307E+11,74339,1692092473,880480,954819
2.02307E+11,75217,1692092474,881143,956360
2.02307E+11,75486,1692092475,880955,956441
2.02307E+11,75782,1692092476,880599,956381
2.02307E+11,76091,1692092477,879899,955990
2.02307E+11,74992,1692092478,880564,955556
2.02307E+11,76481,1692092479,879634,956115
2.02307E+11,76032,1692092480,879287,955319
2.02307E+11,76234,1692092481,877918,954152
2.02307E+11,75336,1692092482,878363,953699
2.02307E+11,75914,1692092483,879257,955171
2.02307E+11,76229,1692092484,879448,955677
2.02307E+11,76012,1692092485,879672,955684
2.02307E+11,75222,1692092486,879606,954828
2.02307E+11,74951,1692092487,879968,954919
2.02307E+11,75506,1692092488,880249,955755
2.02307E+11,75083,1692092489,881016,956099
2.02307E+11,74599,1692092490,881678,956277
2.02307E+11,74019,1692092491,880874,954893
2.02307E+11,75450,1692092492,880461,955911
2.02307E+11,75294,1692092493,880430,955724
2.02307E+11,75244,1692092494,879839,955083
2.02307E+11,74835,1692092495,880008,954843
2.02307E+11,75593,1692092497,880222,955815
2.02307E+11,75441,1692092498,880121,955562
2.02307E+11,74722,1692092499,879054,953776
2.02307E+11,75147,1692092500,879252,954399
2.02307E+11,75600,1692092501,878930,954530
2.02307E+11,75559,1692092502,879157,954716
2.02307E+11,75185,1692092503,879315,954500
2.02307E+11,75583,1692092504,879938,955521
2.02307E+11,75796,1692092505,879599,955395
2.02307E+11,75944,1692092506,880002,955946
2.02307E+11,75280,1692092507,879999,955279
2.02307E+11,75393,1692092508,879837,955230
2.02307E+11,75348,1692092509,880133,955481
2.02307E+11,75418,1692092510,880880,956298
2.02307E+11,75433,1692092511,880677,956110
2.02307E+11,75231,1692092512,879710,954941
2.02307E+11,75207,1692092513,880860,956067
2.02307E+11,76059,1692092514,880421,956480
2.02307E+11,75711,1692092515,881037,956748
2.02307E+11,74958,1692092516,880329,955287
2.02307E+11,75264,1692092517,881106,956370
2.02307E+11,75666,1692092518,880419,956085
2.02307E+11,75355,1692092519,880257,955612
2.02307E+11,75928,1692092520,880119,956047
2.02307E+11,76185,1692092521,879676,955861
2.02307E+11,76197,1692092522,879447,955644
2.02307E+11,76204,1692092523,879903,956107
2.02307E+11,75681,1692092524,880630,956311
2.02307E+11,76022,1692092525,879520,955542
2.02307E+11,75936,1692092526,880430,956366
2.02307E+11,75767,1692092527,880621,956388
2.02307E+11,75824,1692092528,879902,955726
2.02307E+11,75605,1692092529,879949,955554
2.02307E+11,75735,1692092530,879343,955078
2.02307E+11,75720,1692092531,880325,956045
2.02307E+11,75594,1692092532,879622,955216
2.02307E+11,75246,1692092533,880865,956111
2.02307E+11,75315,1692092534,881039,956354
2.02307E+11,75010,1692092535,880773,955783
2.02307E+11,75589,1692092536,880011,955600
2.02307E+11,75217,1692092537,879434,954651
2.02307E+11,74806,1692092538,880269,955075
2.02307E+11,75325,1692092539,879961,955286
2.02307E+11,76015,1692092540,879589,955604
2.02307E+11,76068,1692092541,879479,955547
2.02307E+11,75309,1692092542,879868,955177
2.02307E+11,74767,1692092543,878843,953610
2.02307E+11,74870,1692092544,879595,954465
2.02307E+11,75141,1692092545,880446,955587
2.02307E+11,75226,1692092546,879431,954657
2.02307E+11,75049,1692092547,878148,953197
2.02307E+11,75417,1692092548,878865,954282
2.02307E+11,75372,1692092549,879086,954458
2.02307E+11,76098,1692092550,879368,955466
2.02307E+11,75177,1692092551,880229,955406
2.02307E+11,75251,1692092552,880615,955866
2.02307E+11,75421,1692092553,879114,954535
2.02307E+11,75269,1692092554,879784,955053
2.02307E+11,75562,1692092555,879638,955200
2.02307E+11,75080,1692092556,879974,955054
2.02307E+11,74952,1692092557,880348,955300
2.02307E+11,75147,1692092558,878545,953692
2.02307E+11,75716,1692092559,877914,953630
2.02307E+11,75038,1692092560,879123,954161
2.02307E+11,75184,1692092561,879784,954968
2.02307E+11,75450,1692092562,879743,955193
2.02307E+11,75202,1692092563,880190,955392
2.02307E+11,75162,1692092564,880457,955619
2.02307E+11,75090,1692092565,879982,955072
2.02307E+11,75327,1692092566,880867,956194
2.02307E+11,75660,1692092567,881299,956959
2.02307E+11,75914,1692092567,879691,955605
2.02307E+11,75278,1692092569,879958,955236
2.02307E+11,76008,1692092570,880459,956467
2.02307E+11,75492,1692092571,880307,955799
2.02307E+11,75464,1692092572,879335,954799
2.02307E+11,75669,1692092573,879756,955425
2.02307E+11,75052,1692092574,880009,955061
2.02307E+11,75431,1692092575,879130,954561
2.02307E+11,75806,1692092576,880175,955981
2.02307E+11,75559,1692092577,879788,955347
2.02307E+11,75118,1692092578,878398,953516
2.02307E+11,75129,1692092579,880085,955214
2.02307E+11,75624,1692092580,880019,955643
2.02307E+11,74593,1692092581,880147,954740
2.02307E+11,74818,1692092582,880556,955374
2.02307E+11,74976,1692092583,879891,954867
2.02307E+11,74650,1692092584,879640,954290
2.02307E+11,74936,1692092585,882183,957119
2.02307E+11,75304,1692092586,880934,956238
2.02307E+11,75039,1692092587,881139,956178
2.02307E+11,75472,1692092588,880539,956011
2.02307E+11,75112,1692092589,878389,953501
2.02307E+11,75023,1692092590,879566,954589
2.02307E+11,74574,1692092591,879741,954315
2.02307E+11,75174,1692092592,880919,956093
2.02307E+11,75285,1692092593,880271,955556
2.02307E+11,75235,1692092594,881534,956769
2.02307E+11,74972,1692092595,881376,956348
2.02307E+11,75452,1692092596,541073,616525
2.02307E+11,75123,1692092597,541173,616296
2.02307E+11,75327,1692092598,540839,616166
2.02307E+11,75369,1692092599,541163,616532
2.02307E+11,74775,1692092600,540586,615361
2.02307E+11,75412,1692092601,540262,615674
2.02307E+11,75293,1692092602,539365,614658
2.02307E+11,75065,1692092603,540075,615140
2.02307E+11,74932,1692092604,540110,615042
2.02307E+11,75513,1692092605,539924,615437
2.02307E+11,75845,1692092606,539562,615407
2.02307E+11,75155,1692092607,541050,616205
2.02307E+11,74782,1692092608,540754,615536
2.02307E+11,75908,1692092609,540967,616875
2.02307E+11,75678,1692092610,540859,616537
2.02307E+11,75387,1692092611,541049,616436
2.02307E+11,75520,1692092612,541591,617111
2.02307E+11,75630,1692092613,540873,616503
2.02307E+11,76251,1692092614,540951,617202
2.02307E+11,75867,1692092615,540914,616781
2.02307E+11,76101,1692092616,541184,617285
2.02307E+11,75580,1692092617,540902,616482
2.02307E+11,76111,1692092618,540937,617048
2.02307E+11,76298,1692092619,541180,617478
2.02307E+11,76030,1692092620,541045,617075
2.02307E+11,75614,1692092621,540942,616556
2.02307E+11,75503,1692092622,540516,616019
2.02307E+11,75980,1692092623,540986,616966
2.02307E+11,74694,1692092624,540588,615282
2.02307E+11,75724,1692092625,540531,616255
2.02307E+11,75068,1692092626,540128,615196
2.02307E+11,75446,1692092627,540067,615513
2.02307E+11,75617,1692092628,540245,615862
2.02307E+11,75375,1692092629,540303,615678
2.02307E+11,74615,1692092630,539733,614348
2.02307E+11,75807,1692092631,540728,616535
2.02307E+11,75899,1692092632,540587,616486
2.02307E+11,75377,1692092633,541185,616562
2.02307E+11,75107,1692092634,540885,615992
2.02307E+11,75410,1692092635,540212,615622
2.02307E+11,75957,1692092636,539936,615893
2.02307E+11,76041,1692092637,540214,616255
2.02307E+11,75248,1692092638,539445,614693
2.02307E+11,74753,1692092639,540673,615426
2.02307E+11,76089,1692092640,540667,616756
2.02307E+11,75236,1692092641,540645,615881
2.02307E+11,75388,1692092642,540091,615479
2.02307E+11,75409,1692092643,540362,615771
2.02307E+11,75518,1692092644,540704,616222
2.02307E+11,75794,1692092645,540034,615828
2.02307E+11,75927,1692092646,541230,617157
2.02307E+11,76387,1692092647,540480,616867
2.02307E+11,75130,1692092648,540650,615780
2.02307E+11,75657,1692092649,540825,616482
2.02307E+11,76202,1692092650,540892,617094
2.02307E+11,75939,1692092651,539552,615491
2.02307E+11,75379,1692092652,540455,615834
2.02307E+11,75681,1692092653,538725,614406
2.02307E+11,75536,1692092654,540108,615644
2.02307E+11,76267,1692092655,539734,616001
2.02307E+11,76239,1692092656,539768,616007
2.02307E+11,75258,1692092657,540022,615280
2.02307E+11,75612,1692092658,539954,615566
2.02307E+11,75546,1692092659,540563,616109
2.02307E+11,75451,1692092660,540414,615865
2.02307E+11,74972,1692092661,540033,615005
2.02307E+11,74982,1692092662,540235,615217
2.02307E+11,75695,1692092663,540292,615987
2.02307E+11,75460,1692092664,539744,615204
2.02307E+11,74525,1692092665,539499,614024
2.02307E+11,75264,1692092666,538184,613448
2.02307E+11,75000,1692092667,538154,613154
2.02307E+11,75404,1692092668,539806,615210
2.02307E+11,75203,1692092669,539101,614304
2.02307E+11,75162,1692092670,539787,614949
2.02307E+11,75652,1692092671,540304,615956
2.02307E+11,75499,1692092672,539662,615161
2.02307E+11,74938,1692092673,539733,614671
2.02307E+11,75323,1692092674,540454,615777
2.02307E+11,75431,1692092675,540070,615501
2.02307E+11,75186,1692092676,540652,615838
2.02307E+11,76057,1692092677,540245,616302
2.02307E+11,75439,1692092678,539986,615425
2.02307E+11,74983,1692092679,539813,614796
2.02307E+11,75850,1692092680,539327,615177
2.02307E+11,75529,1692092681,539713,615242
2.02307E+11,75306,1692092682,539621,614927
2.02307E+11,75059,1692092683,539285,614344
2.02307E+11,75385,1692092684,539640,615025
2.02307E+11,75563,1692092685,539370,614933
2.02307E+11,74753,1692092686,540337,615090
2.02307E+11,74452,1692092687,539813,614265
2.02307E+11,74965,1692092688,540205,615170
2.02307E+11,75343,1692092689,539957,615300
2.02307E+11,75144,1692092690,539849,614993
2.02307E+11,74535,1692092691,539516,614051
2.02307E+11,75034,1692092692,539340,614374
2.02307E+11,75599,1692092693,538915,614514
2.02307E+11,75278,1692092694,539114,614392
2.02307E+11,76069,1692092695,538095,614164
2.02307E+11,75335,1692092696,538583,613918
2.02307E+11,75335,1692092697,539754,615089
2.02307E+11,75092,1692092698,539038,614130
2.02307E+11,75232,1692092699,539635,614867
2.02307E+11,74282,1692092700,540149,614431
2.02307E+11,75133,1692092701,540796,615929
2.02307E+11,76281,1692092702,539925,616206
2.02307E+11,75399,1692092703,539967,615366
2.02307E+11,75460,1692092704,540080,615540
2.02307E+11,75519,1692092705,539839,615358
2.02307E+11,75615,1692092706,540121,615736
2.02307E+11,75395,1692092707,539230,614625
2.02307E+11,74872,1692092708,539275,614147
2.02307E+11,74351,1692092709,539606,613957
2.02307E+11,75220,1692092710,538975,614195
2.02307E+11,75384,1692092711,538590,613974
2.02307E+11,75662,1692092712,538852,614514
2.02307E+11,75186,1692092713,539487,614673
2.02307E+11,75360,1692092714,538670,614030
2.02307E+11,75832,1692092715,540144,615976
2.02307E+11,75210,1692092716,539683,614893
2.02307E+11,75001,1692092717,539537,614538
2.02307E+11,75967,1692092717,539699,615666
2.02307E+11,76023,1692092719,540812,616835
2.02307E+11,75432,1692092720,539785,615217
2.02307E+11,75913,1692092721,539286,615199
2.02307E+11,76201,1692092722,539401,615602
2.02307E+11,75592,1692092723,538943,614535
2.02307E+11,75623,1692092724,539648,615271
2.02307E+11,74808,1692092725,539413,614221
2.02307E+11,74699,1692092726,539893,614592
2.02307E+11,75659,1692092727,538750,614409
2.02307E+11,75043,1692092728,539174,614217
2.02307E+11,75018,1692092729,539267,614285
2.02307E+11,74636,1692092730,539830,614466
2.02307E+11,75596,1692092731,540758,616354
2.02307E+11,75430,1692092732,540383,615813
2.02307E+11,74744,1692092733,540238,614982
2.02307E+11,75180,1692092734,540371,615551
2.02307E+11,75085,1692092735,540114,615199
2.02307E+11,75277,1692092736,539639,614916
2.02307E+11,75274,1692092737,539693,614967
2.02307E+11,75138,1692092738,538987,614125
2.02307E+11,75052,1692092739,538512,613564
2.02307E+11,75441,1692092740,538132,613573
2.02307E+11,75252,1692092741,538184,613436
2.02307E+11,75159,1692092742,539106,614265
2.02307E+11,74539,1692092743,539789,614328
2.02307E+11,75382,1692092744,539264,614646
2.02307E+11,74927,1692092745,539216,614143
2.02307E+11,74633,1692092746,539345,613978
2.02307E+11,75062,1692092747,540373,615435
2.02307E+11,75156,1692092748,540039,615195
2.02307E+11,75111,1692092749,540175,615286
2.02307E+11,75444,1692092750,540062,615506
2.02307E+11,74558,1692092751,539037,613595
2.02307E+11,75615,1692092752,539034,614649
2.02307E+11,75564,1692092753,538938,614502
2.02307E+11,75179,1692092754,538772,613951
2.02307E+11,75260,1692092755,538627,613887
2.02307E+11,75626,1692092756,538269,613895
2.02307E+11,75732,1692092757,538516,614248
2.02307E+11,76455,1692092758,539262,615717
2.02307E+11,75787,1692092759,538909,614696
2.02307E+11,75564,1692092760,539600,615164
2.02307E+11,76633,1692092761,539895,616528
2.02307E+11,76379,1692092762,540000,616379
2.02307E+11,75770,1692092763,539642,615412
2.02307E+11,75654,1692092764,540498,616152
2.02307E+11,75493,1692092765,540099,615592
2.02307E+11,75897,1692092766,539367,615264
2.02307E+11,75458,1692092767,539350,614808
2.02307E+11,75749,1692092768,539404,615153
2.02307E+11,76059,1692092769,539062,615121
2.02307E+11,75381,1692092770,538759,614140
2.02307E+11,76220,1692092771,539956,616176
2.02307E+11,75980,1692092772,539612,615592
2.02307E+11,75277,1692092773,540063,615340
2.02307E+11,75160,1692092774,539351,614511
2.02307E+11,75700,1692092775,539354,615054
2.02307E+11,76024,1692092776,540153,616177
2.02307E+11,75812,1692092777,539943,615755
2.02307E+11,75599,1692092778,540947,616546
2.02307E+11,75254,1692092779,539162,614416
2.02307E+11,75241,1692092780,539279,614520
2.02307E+11,75125,1692092781,539540,614665
2.02307E+11,75207,1692092782,538872,614079
2.02307E+11,74321,1692092783,539215,613536
2.02307E+11,74913,1692092784,538761,613674
2.02307E+11,75100,1692092785,538533,613633
2.02307E+11,75267,1692092786,539376,614643
2.02307E+11,75691,1692092787,539332,615023
2.02307E+11,74991,1692092788,540111,615102
2.02307E+11,75148,1692092789,539722,614870
2.02307E+11,74977,1692092790,540332,615309
2.02307E+11,74880,1692092791,538908,613788
2.02307E+11,74643,1692092792,539901,614544
2.02307E+11,75238,1692092793,540550,615788
2.02307E+11,74996,1692092794,540680,615676
2.02307E+11,74945,1692092795,540613,615558
2.02307E+11,74551,1692092796,539629,614180
2.02307E+11,74812,1692092797,540390,615202
2.02307E+11,75108,1692092798,539674,614782
2.02307E+11,74906,1692092799,539742,614648
2.02307E+11,74500,1692092800,539603,614103
2.02307E+11,75389,1692092801,539377,614766
2.02307E+11,75545,1692092802,539422,614967
2.02307E+11,74778,1692092803,538788,613566
2.02307E+11,75101,1692092804,538792,613893
2.02307E+11,75810,1692092805,539310,615120
2.02307E+11,75679,1692092806,539170,614849
2.02307E+11,76005,1692092807,539179,615184
2.02307E+11,75436,1692092808,539752,615188
2.02307E+11,75598,1692092809,538795,614393
2.02307E+11,75718,1692092810,538595,614313
2.02307E+11,75736,1692092811,539444,615180
2.02307E+11,75330,1692092812,539261,614591
2.02307E+11,75160,1692092813,539634,614794
2.02307E+11,75709,1692092814,539002,614711
2.02307E+11,75237,1692092815,539541,614778
2.02307E+11,75252,1692092816,538983,614235
2.02307E+11,75446,1692092817,538459,613905
2.02307E+11,75554,1692092818,539144,614698
2.02307E+11,75399,1692092819,539191,614590
2.02307E+11,75220,1692092820,538322,613542
2.02307E+11,75175,1692092821,538664,613839
2.02307E+11,76186,1692092822,538496,614682
2.02307E+11,76054,1692092823,538466,614520
2.02307E+11,75228,1692092824,538843,614071
2.02307E+11,75357,1692092825,539357,614714
2.02307E+11,75941,1692092826,539867,615808
2.02307E+11,75531,1692092827,539793,615324
2.02307E+11,75575,1692092828,539905,615480
2.02307E+11,75565,1692092829,539168,614733
2.02307E+11,75457,1692092830,539581,615038
2.02307E+11,75779,1692092831,539757,615536
2.02307E+11,75735,1692092832,539281,615016
2.02307E+11,75711,1692092833,539081,614792
2.02307E+11,75312,1692092834,539177,614489
2.02307E+11,75286,1692092835,539355,614641
2.02307E+11,75335,1692092836,539453,614788
2.02307E+11,75463,1692092837,539146,614609
2.02307E+11,74751,1692092838,538510,613261
2.02307E+11,74819,1692092839,539095,613914
2.02307E+11,75189,1692092840,538429,613618
2.02307E+11,74724,1692092841,539926,614650
2.02307E+11,74730,1692092842,539391,614121
2.02307E+11,74546,1692092843,538947,613493
2.02307E+11,75296,1692092844,538597,613893
2.02307E+11,74635,1692092845,538729,613364
2.02307E+11,74621,1692092846,539364,613985
2.02307E+11,74867,1692092847,539475,614342
2.02307E+11,75131,1692092848,540047,615178
2.02307E+11,75020,1692092849,539109,614129
2.02307E+11,74795,1692092850,539408,614203
2.02307E+11,74801,1692092851,539558,614359
2.02307E+11,75231,1692092852,539495,614726
2.02307E+11,75429,1692092853,540144,615573
2.02307E+11,75474,1692092854,538893,614367
2.02307E+11,75252,1692092855,539069,614321
2.02307E+11,75680,1692092856,539340,615020
2.02307E+11,75586,1692092857,538664,614250
2.02307E+11,75303,1692092858,538429,613732
2.02307E+11,75214,1692092859,539066,614280
2.02307E+11,75800,1692092860,539773,615573
2.02307E+11,75401,1692092861,540161,615562
2.02307E+11,75255,1692092862,539292,614547
2.02307E+11,75590,1692092863,540095,615685
2.02307E+11,75542,1692092864,539151,614693
2.02307E+11,75697,1692092865,539368,615065
2.02307E+11,75142,1692092866,539549,614691
2.02307E+11,74594,1692092867,539779,614373
2.02307E+11,75460,1692092868,0,75460
2.02307E+11,75694,1692092868,0,75694
2.02307E+11,75704,1692092870,0,75704
2.02307E+11,75586,1692092871,0,75586
2.02307E+11,75070,1692092872,0,75070
2.02307E+11,75360,1692092873,0,75360
2.02307E+11,75428,1692092874,0,75428
2.02307E+11,75105,1692092875,542094,617199
2.02307E+11,74554,1692092876,538211,612765
2.02307E+11,75210,1692092877,538596,613806
2.02307E+11,75497,1692092878,538409,613906
2.02307E+11,75036,1692092879,537895,612931
2.02307E+11,74596,1692092880,537586,612182
2.02307E+11,74931,1692092881,537894,612825
2.02307E+11,75143,1692092882,537961,613104
2.02307E+11,75013,1692092883,537527,612540
2.02307E+11,74904,1692092884,537263,612167
2.02307E+11,74992,1692092885,537408,612400
2.02307E+11,74894,1692092886,538320,613214
2.02307E+11,74898,1692092887,537050,611948
2.02307E+11,74709,1692092888,536210,610919
2.02307E+11,74928,1692092889,536640,611568
2.02307E+11,75032,1692092890,537368,612400
2.02307E+11,74774,1692092891,537965,612739
2.02307E+11,75208,1692092892,537037,612245
2.02307E+11,75271,1692092893,536828,612099
2.02307E+11,75915,1692092894,537829,613744
2.02307E+11,76122,1692092895,537965,614087
2.02307E+11,74940,1692092896,538403,613343
2.02307E+11,75549,1692092897,538574,614123
2.02307E+11,75792,1692092898,538310,614102
2.02307E+11,75329,1692092899,538034,613363
2.02307E+11,74644,1692092900,539176,613820
2.02307E+11,75273,1692092901,537664,612937
2.02307E+11,76251,1692092902,538338,614589
2.02307E+11,75771,1692092903,537001,612772
2.02307E+11,75146,1692092904,537485,612631
2.02307E+11,75442,1692092905,537503,612945
2.02307E+11,75448,1692092906,536731,612179
2.02307E+11,76297,1692092907,536865,613162
2.02307E+11,75692,1692092908,536785,612477
2.02307E+11,75822,1692092909,537274,613096
2.02307E+11,76412,1692092910,536416,612828
2.02307E+11,75863,1692092911,535883,611746
2.02307E+11,75921,1692092912,536030,611951
2.02307E+11,75520,1692092913,536490,612010
2.02307E+11,75794,1692092914,536883,612677
2.02307E+11,76056,1692092915,536891,612947
2.02307E+11,75641,1692092916,536340,611981
2.02307E+11,75281,1692092917,536200,611481
2.02307E+11,74814,1692092918,536259,611073
2.02307E+11,74862,1692092919,536591,611453
2.02307E+11,74998,1692092920,536705,611703
2.02307E+11,75028,1692092921,537295,612323
2.02307E+11,74562,1692092922,536997,611559
2.02307E+11,75255,1692092923,537194,612449
2.02307E+11,75425,1692092924,537029,612454
2.02307E+11,75082,1692092925,536948,612030
2.02307E+11,74343,1692092926,536114,610457
2.02307E+11,74831,1692092927,537021,611852
2.02307E+11,74855,1692092928,536106,610961
2.02307E+11,74752,1692092929,535766,610518
2.02307E+11,74758,1692092930,535696,610454
2.02307E+11,75322,1692092931,535450,610772
2.02307E+11,75491,1692092932,536110,611601
2.02307E+11,75975,1692092933,536403,612378
2.02307E+11,75477,1692092934,536287,611764
2.02307E+11,75248,1692092935,536907,612155
2.02307E+11,75601,1692092936,536801,612402
2.02307E+11,75509,1692092937,537507,613016
2.02307E+11,75081,1692092938,537210,612291
2.02307E+11,74914,1692092939,536427,611341
2.02307E+11,75772,1692092940,536674,612446
2.02307E+11,75540,1692092941,536516,612056
2.02307E+11,74884,1692092942,536316,611200
2.02307E+11,74600,1692092943,535953,610553
2.02307E+11,75706,1692092944,536462,612168
2.02307E+11,75689,1692092945,535936,611625
2.02307E+11,75626,1692092946,535714,611340
2.02307E+11,75149,1692092947,536005,611154
2.02307E+11,75350,1692092948,535807,611157
2.02307E+11,75632,1692092949,536331,611963
2.02307E+11,75431,1692092950,535842,611273
2.02307E+11,74960,1692092951,536527,611487
2.02307E+11,74772,1692092952,537395,612167
2.02307E+11,75004,1692092953,536813,611817
2.02307E+11,74654,1692092954,536638,611292
2.02307E+11,74603,1692092955,536293,610896
2.02307E+11,75691,1692092956,535399,611090
2.02307E+11,75579,1692092957,536434,612013
2.02307E+11,75131,1692092958,536432,611563
2.02307E+11,75366,1692092959,535673,611039
2.02307E+11,75226,1692092960,536158,611384
2.02307E+11,75916,1692092961,535051,610967
2.02307E+11,75618,1692092962,535938,611556
2.02307E+11,74970,1692092963,536040,611010
2.02307E+11,75416,1692092964,536011,611427
2.02307E+11,75930,1692092965,535561,611491
2.02307E+11,75475,1692092966,537081,612556
2.02307E+11,75741,1692092967,536782,612523
2.02307E+11,75239,1692092968,536207,611446
2.02307E+11,75406,1692092969,536558,611964
2.02307E+11,75229,1692092970,535306,610535
2.02307E+11,75923,1692092971,536020,611943
2.02307E+11,75831,1692092972,535672,611503
2.02307E+11,75529,1692092973,536707,612236
2.02307E+11,75365,1692092974,536867,612232
2.02307E+11,76029,1692092975,536350,612379
2.02307E+11,75689,1692092976,536645,612334
2.02307E+11,75020,1692092977,535664,610684
2.02307E+11,75152,1692092978,535818,610970
2.02307E+11,75389,1692092979,535086,610475
2.02307E+11,75962,1692092980,535009,610971
2.02307E+11,75180,1692092981,535728,610908
2.02307E+11,75519,1692092982,535243,610762
2.02307E+11,75415,1692092983,534585,610000
2.02307E+11,75920,1692092984,534258,610178
2.02307E+11,75564,1692092985,534888,610452
2.02307E+11,75538,1692092986,534881,610419
2.02307E+11,75633,1692092987,534939,610572
2.02307E+11,75778,1692092988,534498,610276
2.02307E+11,75512,1692092989,536590,612102
2.02307E+11,74980,1692092990,536329,611309
2.02307E+11,75369,1692092991,536785,612154
2.02307E+11,75488,1692092992,536967,612455
2.02307E+11,75226,1692092993,536418,611644
2.02307E+11,75483,1692092994,536472,611955
2.02307E+11,75178,1692092995,536258,611436
2.02307E+11,75418,1692092996,535827,611245
2.02307E+11,75444,1692092997,535941,611385
2.02307E+11,75044,1692092998,534659,609703
2.02307E+11,75314,1692092999,534935,610249
2.02307E+11,74854,1692093000,535841,610695
2.02307E+11,75219,1692093001,535307,610526
2.02307E+11,74901,1692093002,535906,610807
2.02307E+11,75636,1692093003,535709,611345
2.02307E+11,75601,1692093004,535720,611321
2.02307E+11,75908,1692093005,535853,611761
2.02307E+11,74934,1692093006,536363,611297
2.02307E+11,74804,1692093007,536222,611026
2.02307E+11,75434,1692093008,536961,612395
2.02307E+11,75356,1692093009,536935,612291
2.02307E+11,75502,1692093010,536674,612176
2.02307E+11,75781,1692093011,536313,612094
2.02307E+11,76340,1692093012,537069,613409
2.02307E+11,76036,1692093013,536295,612331
2.02307E+11,75721,1692093014,537590,613311
2.02307E+11,75129,1692093015,536974,612103
2.02307E+11,75636,1692093016,536576,612212
2.02307E+11,75734,1692093017,537149,612883
2.02307E+11,75316,1692093018,537609,612925
2.02307E+11,75012,1692093018,537696,612708
2.02307E+11,75753,1692093020,536658,612411
2.02307E+11,76068,1692093021,536796,612864
2.02307E+11,76168,1692093022,535139,611307
2.02307E+11,75636,1692093023,535242,610878
2.02307E+11,76025,1692093024,534069,610094
2.02307E+11,76173,1692093025,533779,609952
2.02307E+11,75670,1692093026,533748,609418
2.02307E+11,75756,1692093027,534396,610152
2.02307E+11,75589,1692093028,534387,609976
2.02307E+11,76004,1692093029,535144,611148
2.02307E+11,75760,1692093030,534758,610518
2.02307E+11,74999,1692093031,534529,609528
2.02307E+11,74822,1692093032,534584,609406
2.02307E+11,75524,1692093033,535061,610585
2.02307E+11,75222,1692093034,536133,611355
2.02307E+11,75072,1692093035,535885,610957
2.02307E+11,74915,1692093036,536166,611081
2.02307E+11,74604,1692093037,536182,610786
2.02307E+11,75013,1692093038,535818,610831
2.02307E+11,74974,1692093039,534762,609736
2.02307E+11,74429,1692093040,535143,609572
2.02307E+11,74406,1692093041,535819,610225
2.02307E+11,75118,1692093042,535947,611065
2.02307E+11,74504,1692093043,534962,609466
2.02307E+11,74773,1692093044,535286,610059
2.02307E+11,75065,1692093045,535684,610749
2.02307E+11,75094,1692093046,536029,611123
2.02307E+11,74869,1692093047,536188,611057
2.02307E+11,74221,1692093048,535398,609619
2.02307E+11,75030,1692093049,536172,611202
2.02307E+11,74797,1692093050,535297,610094
2.02307E+11,74961,1692093051,535946,610907
2.02307E+11,74358,1692093052,535953,610311
2.02307E+11,75357,1692093053,535778,611135
2.02307E+11,75632,1692093054,535944,611576
2.02307E+11,75291,1692093055,535849,611140
2.02307E+11,74968,1692093056,535502,610470
2.02307E+11,75872,1692093058,536015,611887
2.02307E+11,75363,1692093059,536506,611869
2.02307E+11,75718,1692093060,536175,611893
2.02307E+11,75453,1692093061,534928,610381
2.02307E+11,75648,1692093062,535912,611560
2.02307E+11,75631,1692093063,535709,611340
2.02307E+11,75495,1692093064,535194,610689
2.02307E+11,75438,1692093065,535631,611069
2.02307E+11,75831,1692093066,535127,610958
2.02307E+11,75683,1692093068,535486,611169
2.02307E+11,75575,1692093069,535261,610836
2.02307E+11,76523,1692093070,535235,611758
2.02307E+11,75944,1692093071,534866,610810
2.02307E+11,75758,1692093072,533895,609653
2.02307E+11,75314,1692093073,534632,609946
2.02307E+11,75381,1692093074,535027,610408
2.02307E+11,75732,1692093075,534649,610381
2.02307E+11,75871,1692093076,534605,610476
2.02307E+11,75335,1692093077,534753,610088
2.02307E+11,74573,1692093078,534862,609435
2.02307E+11,75768,1692093079,533993,609761
2.02307E+11,75426,1692093080,1577086,1652512
2.02307E+11,75439,1692093081,1579843,1655282
2.02307E+11,74718,1692093082,1578686,1653404
2.02307E+11,75299,1692093083,534163,609462
2.02307E+11,75286,1692093084,872492,947778
2.02307E+11,74913,1692093085,873156,948069
2.02307E+11,74710,1692093086,872631,947341
2.02307E+11,75183,1692093087,872453,947636
2.02307E+11,75992,1692093088,873218,949210
2.02307E+11,75400,1692093089,873560,948960
2.02307E+11,75186,1692093090,872931,948117
2.02307E+11,74580,1692093091,872926,947506
2.02307E+11,75377,1692093092,873185,948562
2.02307E+11,75479,1692093093,873744,949223
2.02307E+11,75776,1692093094,873661,949437
2.02307E+11,75763,1692093095,873463,949226
2.02307E+11,75712,1692093096,873289,949001
2.02307E+11,75645,1692093097,872996,948641
2.02307E+11,75613,1692093098,872813,948426
2.02307E+11,75485,1692093099,873277,948762
2.02307E+11,75517,1692093100,873700,949217
2.02307E+11,75339,1692093101,873656,948995
2.02307E+11,75877,1692093102,873806,949683
2.02307E+11,75632,1692093103,873573,949205
2.02307E+11,75605,1692093104,872645,948250
2.02307E+11,76340,1692093105,872429,948769
2.02307E+11,76172,1692093106,873224,949396
2.02307E+11,75540,1692093107,873010,948550
2.02307E+11,75167,1692093108,872209,947376
2.02307E+11,75934,1692093109,873041,948975
2.02307E+11,75310,1692093110,873321,948631
2.02307E+11,75580,1692093111,872802,948382
2.02307E+11,74973,1692093112,873413,948386
2.02307E+11,76086,1692093113,874054,950140
2.02307E+11,75329,1692093114,873234,948563
2.02307E+11,75185,1692093115,872927,948112
2.02307E+11,74875,1692093116,871955,946830
2.02307E+11,75299,1692093117,871483,946782
2.02307E+11,75278,1692093118,870337,945615
2.02307E+11,75154,1692093119,870439,945593
2.02307E+11,74941,1692093120,872129,947070
2.02307E+11,75338,1692093121,872339,947677
2.02307E+11,75223,1692093122,872958,948181
2.02307E+11,75162,1692093123,873480,948642
2.02307E+11,75060,1692093124,874090,949150
2.02307E+11,75526,1692093125,876431,951957
2.02307E+11,75549,1692093126,876504,952053
2.02307E+11,75282,1692093127,875560,950842
2.02307E+11,74677,1692093128,874791,949468
2.02307E+11,75165,1692093129,874872,950037
2.02307E+11,75081,1692093130,875717,950798
2.02307E+11,75439,1692093131,874556,949995
2.02307E+11,74507,1692093132,874694,949201
2.02307E+11,75091,1692093133,875062,950153
2.02307E+11,75647,1692093134,875050,950697
2.02307E+11,75717,1692093135,875240,950957
2.02307E+11,75156,1692093136,874903,950059
2.02307E+11,75241,1692093137,875946,951187
2.02307E+11,75381,1692093138,875447,950828
2.02307E+11,75532,1692093139,875533,951065
2.02307E+11,75159,1692093140,874991,950150
2.02307E+11,75470,1692093141,876099,951569
2.02307E+11,75659,1692093142,876203,951862
2.02307E+11,76220,1692093143,876790,953010
2.02307E+11,75298,1692093144,876611,951909
2.02307E+11,75250,1692093145,876804,952054
2.02307E+11,75621,1692093146,876785,952406
2.02307E+11,75732,1692093147,875613,951345
2.02307E+11,75048,1692093148,872768,947816
2.02307E+11,75561,1692093149,874289,949850
2.02307E+11,75846,1692093150,875534,951380
2.02307E+11,74796,1692093151,874782,949578
2.02307E+11,75299,1692093152,875049,950348
2.02307E+11,74999,1692093153,874862,949861
2.02307E+11,75140,1692093154,873571,948711
2.02307E+11,75072,1692093155,873786,948858
2.02307E+11,74941,1692093156,873542,948483
2.02307E+11,75031,1692093157,874318,949349
2.02307E+11,74672,1692093158,875027,949699
2.02307E+11,75750,1692093159,874413,950163
2.02307E+11,74968,1692093160,874289,949257
2.02307E+11,74729,1692093161,875023,949752
2.02307E+11,74537,1692093162,876253,950790
2.02307E+11,75167,1692093163,876642,951809
2.02307E+11,75494,1692093164,875938,951432
2.02307E+11,75543,1692093165,875790,951333
2.02307E+11,76057,1692093166,876742,952799
2.02307E+11,75521,1692093167,876160,951681
2.02307E+11,75558,1692093168,876715,952273
2.02307E+11,75386,1692093169,875915,951301
2.02307E+11,75222,1692093169,876623,951845
2.02307E+11,75432,1692093171,876473,951905
2.02307E+11,76029,1692093172,876172,952201
2.02307E+11,75695,1692093173,875458,951153
2.02307E+11,74931,1692093174,875907,950838
2.02307E+11,75922,1692093175,876305,952227
2.02307E+11,75702,1692093176,875534,951236
2.02307E+11,75297,1692093177,876221,951518
2.02307E+11,75738,1692093178,876435,952173
2.02307E+11,75373,1692093179,874548,949921
2.02307E+11,75984,1692093180,875119,951103
2.02307E+11,76009,1692093181,874791,950800
2.02307E+11,75621,1692093182,875343,950964
2.02307E+11,75482,1692093183,875560,951042
2.02307E+11,74908,1692093184,875504,950412
2.02307E+11,75603,1692093185,876634,952237
2.02307E+11,76124,1692093186,875182,951306
2.02307E+11,75674,1692093187,875048,950722
2.02307E+11,74893,1692093188,875853,950746
2.02307E+11,75659,1692093189,874740,950399
2.02307E+11,75685,1692093190,875169,950854
2.02307E+11,75516,1692093191,875162,950678
2.02307E+11,75323,1692093192,874769,950092
2.02307E+11,75319,1692093193,875546,950865
2.02307E+11,75383,1692093194,875720,951103
2.02307E+11,75781,1692093195,873943,949724
2.02307E+11,74915,1692093196,873943,948858
2.02307E+11,75474,1692093197,874115,949589
2.02307E+11,76236,1692093198,873638,949874
2.02307E+11,76053,1692093199,873309,949362
2.02307E+11,75509,1692093200,873727,949236
2.02307E+11,75248,1692093201,873870,949118
2.02307E+11,75701,1692093202,873726,949427
2.02307E+11,76311,1692093203,873713,950024
2.02307E+11,76238,1692093204,874340,950578
2.02307E+11,75913,1692093205,873953,949866
2.02307E+11,76175,1692093206,873781,949956
2.02307E+11,76000,1692093207,872638,948638
2.02307E+11,76385,1692093208,873956,950341
2.02307E+11,76020,1692093209,872824,948844
2.02307E+11,75989,1692093210,873590,949579
2.02307E+11,76051,1692093211,873437,949488
2.02307E+11,75714,1692093212,874292,950006
2.02307E+11,74993,1692093213,874269,949262
2.02307E+11,75313,1692093214,874959,950272
2.02307E+11,75448,1692093215,874339,949787
2.02307E+11,75633,1692093216,874355,949988
2.02307E+11,74927,1692093217,875446,950373
2.02307E+11,74674,1692093218,876152,950826
2.02307E+11,75317,1692093219,875970,951287
2.02307E+11,76036,1692093220,875990,952026
2.02307E+11,74752,1692093221,875875,950627
2.02307E+11,75126,1692093222,875586,950712
2.02307E+11,75669,1692093223,874298,949967
2.02307E+11,75423,1692093224,874012,949435
2.02307E+11,75402,1692093225,874100,949502
2.02307E+11,75076,1692093226,875327,950403
2.02307E+11,75172,1692093227,875434,950606
2.02307E+11,75380,1692093228,875186,950566
2.02307E+11,75737,1692093229,874453,950190
2.02307E+11,75261,1692093230,875186,950447
2.02307E+11,74854,1692093231,874605,949459
2.02307E+11,75534,1692093232,874123,949657
2.02307E+11,75313,1692093233,874713,950026
2.02307E+11,74809,1692093234,874734,949543
2.02307E+11,75645,1692093235,876237,951882
2.02307E+11,75756,1692093236,876502,952258
2.02307E+11,74804,1692093237,875205,950009
2.02307E+11,74756,1692093238,872036,946792
2.02307E+11,74895,1692093239,873792,948687
2.02307E+11,74766,1692093240,873627,948393
2.02307E+11,75364,1692093241,874123,949487
2.02307E+11,75034,1692093242,873794,948828
2.02307E+11,75213,1692093243,871345,946558
2.02307E+11,75776,1692093244,872374,948150
2.02307E+11,75467,1692093245,874017,949484
2.02307E+11,75229,1692093246,874586,949815
2.02307E+11,75325,1692093247,875268,950593
2.02307E+11,76157,1692093248,875120,951277
2.02307E+11,76033,1692093249,875301,951334
2.02307E+11,75717,1692093250,874298,950015
2.02307E+11,75549,1692093251,873884,949433
2.02307E+11,75347,1692093252,875412,950759
2.02307E+11,75526,1692093253,874821,950347
2.02307E+11,75833,1692093254,874714,950547
2.02307E+11,75056,1692093255,874632,949688
2.02307E+11,75339,1692093256,874452,949791
2.02307E+11,75570,1692093257,875268,950838
2.02307E+11,75611,1692093258,873887,949498
2.02307E+11,74191,1692093259,874753,948944
2.02307E+11,75038,1692093260,875222,950260
2.02307E+11,75377,1692093261,875598,950975
2.02307E+11,74495,1692093262,874042,948537
2.02307E+11,74963,1692093263,874517,949480
2.02307E+11,75666,1692093264,874723,950389
2.02307E+11,75750,1692093265,874407,950157
2.02307E+11,75232,1692093266,875161,950393
2.02307E+11,74550,1692093267,874641,949191
2.02307E+11,74713,1692093268,874346,949059
2.02307E+11,74785,1692093269,870757,945542
2.02307E+11,74744,1692093270,875400,950144
2.02307E+11,74940,1692093271,875376,950316
2.02307E+11,74945,1692093272,874980,949925
2.02307E+11,75192,1692093273,874505,949697
2.02307E+11,75329,1692093274,872978,948307
2.02307E+11,75155,1692093275,874639,949794
2.02307E+11,75479,1692093276,874454,949933
2.02307E+11,75259,1692093277,875508,950767
2.02307E+11,75312,1692093278,874915,950227
2.02307E+11,75043,1692093279,874218,949261
2.02307E+11,75136,1692093280,875313,950449
2.02307E+11,75446,1692093281,874544,949990
2.02307E+11,75987,1692093282,874382,950369
2.02307E+11,75686,1692093283,875959,951645
2.02307E+11,75871,1692093284,874133,950004
2.02307E+11,76296,1692093285,874872,951168
2.02307E+11,75717,1692093286,874247,949964
2.02307E+11,76781,1692093287,874218,950999
2.02307E+11,75699,1692093288,874467,950166
2.02307E+11,76314,1692093289,874077,950391
2.02307E+11,76225,1692093290,873815,950040
2.02307E+11,75884,1692093291,874518,950402
2.02307E+11,75822,1692093292,873420,949242
2.02307E+11,75877,1692093293,873926,949803
2.02307E+11,76036,1692093294,874890,950926
2.02307E+11,75746,1692093295,873835,949581
2.02307E+11,75736,1692093296,875363,951099
2.02307E+11,75822,1692093297,873967,949789
2.02307E+11,75767,1692093298,874630,950397
2.02307E+11,75255,1692093299,874796,950051
2.02307E+11,75019,1692093300,874380,949399
2.02307E+11,74585,1692093301,874745,949330
2.02307E+11,75839,1692093302,875419,951258
2.02307E+11,75465,1692093303,874109,949574
2.02307E+11,75598,1692093304,875402,951000
2.02307E+11,74837,1692093305,872305,947142
2.02307E+11,75392,1692093306,875086,950478
2.02307E+11,75060,1692093307,875382,950442
2.02307E+11,75192,1692093308,874864,950056
2.02307E+11,74721,1692093309,875017,949738
2.02307E+11,75034,1692093310,874576,949610
2.02307E+11,75344,1692093311,875139,950483
2.02307E+11,74696,1692093312,874188,948884
2.02307E+11,74372,1692093313,875173,949545
2.02307E+11,76046,1692093314,874964,951010
2.02307E+11,75442,1692093315,876395,951837
2.02307E+11,74885,1692093316,875853,950738
2.02307E+11,75202,1692093317,874583,949785
2.02307E+11,75991,1692093318,876797,952788
2.02307E+11,75700,1692093319,875405,951105
2.02307E+11,76998,1692093319,875723,952721
2.02307E+11,76516,1692093321,875793,952309
2.02307E+11,75907,1692093322,876675,952582
2.02307E+11,75997,1692093323,877121,953118
2.02307E+11,75611,1692093324,876779,952390
2.02307E+11,75829,1692093325,875618,951447
2.02307E+11,75810,1692093326,875931,951741
2.02307E+11,76464,1692093327,876157,952621
2.02307E+11,76080,1692093328,874944,951024
2.02307E+11,76256,1692093329,874484,950740
2.02307E+11,75678,1692093330,875464,951142
2.02307E+11,76052,1692093331,874707,950759
2.02307E+11,75876,1692093332,874911,950787
2.02307E+11,75291,1692093333,874081,949372
2.02307E+11,75092,1692093334,874020,949112
2.02307E+11,75140,1692093335,874502,949642
2.02307E+11,75775,1692093336,875063,950838
2.02307E+11,75109,1692093337,875905,951014
2.02307E+11,75452,1692093338,876019,951471
2.02307E+11,76234,1692093339,875072,951306
2.02307E+11,75513,1692093340,875305,950818
2.02307E+11,75384,1692093341,875192,950576
2.02307E+11,75102,1692093342,876262,951364
2.02307E+11,74881,1692093343,875234,950115
2.02307E+11,75802,1692093344,875992,951794
2.02307E+11,74804,1692093345,875654,950458
2.02307E+11,74762,1692093346,875388,950150
2.02307E+11,75924,1692093347,875625,951549
2.02307E+11,75419,1692093348,875247,950666
2.02307E+11,76012,1692093349,874866,950878
2.02307E+11,75140,1692093350,874877,950017
2.02307E+11,75483,1692093351,874929,950412
2.02307E+11,75392,1692093352,874556,949948
2.02307E+11,75964,1692093353,874788,950752
2.02307E+11,75299,1692093354,875109,950408
2.02307E+11,74710,1692093355,874685,949395
2.02307E+11,75599,1692093356,874027,949626
2.02307E+11,75230,1692093357,875288,950518
2.02307E+11,74910,1692093358,875592,950502
2.02307E+11,74865,1692093359,875349,950214
2.02307E+11,75382,1692093360,876112,951494
2.02307E+11,75230,1692093361,875750,950980
2.02307E+11,75382,1692093362,874701,950083
2.02307E+11,74989,1692093363,875602,950591
2.02307E+11,75602,1692093364,875021,950623
2.02307E+11,75927,1692093365,875713,951640
2.02307E+11,75526,1692093366,875926,951452
2.02307E+11,75642,1692093367,875527,951169
2.02307E+11,75897,1692093368,875435,951332
2.02307E+11,75918,1692093369,875568,951486
2.02307E+11,75513,1692093370,875282,950795
2.02307E+11,75395,1692093371,874149,949544
2.02307E+11,75405,1692093372,874809,950214
2.02307E+11,75780,1692093373,874810,950590
2.02307E+11,75251,1692093374,875489,950740
2.02307E+11,75362,1692093375,875774,951136
2.02307E+11,75283,1692093376,875709,950992
2.02307E+11,75418,1692093377,874641,950059
2.02307E+11,75661,1692093378,875132,950793
2.02307E+11,74857,1692093379,874709,949566
2.02307E+11,74716,1692093380,874760,949476
2.02307E+11,75230,1692093381,875019,950249
2.02307E+11,75137,1692093382,875416,950553
2.02307E+11,74844,1692093383,874252,949096
2.02307E+11,74768,1692093384,874211,948979
2.02307E+11,75441,1692093385,874835,950276
2.02307E+11,75200,1692093386,875296,950496
2.02307E+11,74882,1692093387,875102,949984
2.02307E+11,74574,1692093388,875340,949914
2.02307E+11,75405,1692093389,874419,949824
2.02307E+11,75422,1692093390,875242,950664
2.02307E+11,74880,1692093391,874935,949815
2.02307E+11,75233,1692093392,875154,950387
2.02307E+11,75586,1692093393,875395,950981
2.02307E+11,75357,1692093394,874873,950230
2.02307E+11,75293,1692093395,876013,951306
2.02307E+11,74904,1692093396,875757,950661
2.02307E+11,75710,1692093397,875002,950712
2.02307E+11,75968,1692093398,875950,951918
2.02307E+11,75594,1692093399,874459,950053
2.02307E+11,75038,1692093400,874779,949817
2.02307E+11,75328,1692093401,874865,950193
2.02307E+11,75119,1692093402,875755,950874
2.02307E+11,75888,1692093403,875117,951005
2.02307E+11,75696,1692093404,874826,950522
2.02307E+11,75243,1692093405,874770,950013
2.02307E+11,75443,1692093406,874285,949728
2.02307E+11,75463,1692093407,874865,950328
2.02307E+11,74960,1692093408,875259,950219
2.02307E+11,74959,1692093409,875094,950053
2.02307E+11,75161,1692093410,876406,951567
2.02307E+11,75123,1692093411,874792,949915
2.02307E+11,74524,1692093412,875165,949689
2.02307E+11,75210,1692093413,874147,949357
2.02307E+11,75168,1692093414,874619,949787
2.02307E+11,75040,1692093415,874104,949144
2.02307E+11,75439,1692093416,874616,950055
2.02307E+11,75785,1692093417,874746,950531
2.02307E+11,75060,1692093418,874190,949250
2.02307E+11,74651,1692093419,874202,948853
2.02307E+11,74621,1692093420,873280,947901
2.02307E+11,75408,1692093421,873627,949035
2.02307E+11,75235,1692093422,873683,948918
2.02307E+11,75022,1692093423,874072,949094
2.02307E+11,74261,1692093424,873986,948247
2.02307E+11,75343,1692093425,873755,949098
2.02307E+11,74986,1692093426,874248,949234
2.02307E+11,74818,1692093427,875042,949860
2.02307E+11,74447,1692093428,875235,949682
2.02307E+11,75544,1692093429,873978,949522
2.02307E+11,75475,1692093430,874890,950365
2.02307E+11,74250,1692093431,874396,948646
2.02307E+11,75053,1692093432,874516,949569
2.02307E+11,75042,1692093433,875213,950255
2.02307E+11,75012,1692093434,874392,949404
2.02307E+11,75509,1692093435,874161,949670
2.02307E+11,75520,1692093436,874106,949626
2.02307E+11,75292,1692093437,874141,949433
2.02307E+11,75416,1692093438,873960,949376
2.02307E+11,75157,1692093439,874185,949342
2.02307E+11,75273,1692093440,872420,947693
2.02307E+11,75539,1692093441,874037,949576
2.02307E+11,76165,1692093442,874215,950380
2.02307E+11,76061,1692093443,874567,950628
2.02307E+11,75254,1692093444,874477,949731
2.02307E+11,76670,1692093445,875148,951818
2.02307E+11,76245,1692093446,875529,951774
2.02307E+11,75869,1692093447,876431,952300
2.02307E+11,75411,1692093448,876143,951554
2.02307E+11,75196,1692093449,874575,949771
2.02307E+11,76130,1692093450,874886,951016
2.02307E+11,75435,1692093451,875159,950594
2.02307E+11,75849,1692093452,875102,950951
2.02307E+11,74680,1692093453,875428,950108
2.02307E+11,75212,1692093454,874196,949408
2.02307E+11,75522,1692093455,874349,949871
2.02307E+11,75469,1692093456,874955,950424
2.02307E+11,75590,1692093457,874299,949889
2.02307E+11,76075,1692093458,874685,950760
2.02307E+11,74977,1692093459,875231,950208
2.02307E+11,74746,1692093460,874846,949592
2.02307E+11,75061,1692093461,875633,950694
2.02307E+11,75683,1692093462,874580,950263
2.02307E+11,75037,1692093463,874796,949833
2.02307E+11,74779,1692093464,874652,949431
2.02307E+11,74647,1692093465,874999,949646
2.02307E+11,75281,1692093466,874580,949861
2.02307E+11,75290,1692093467,874788,950078
2.02307E+11,75412,1692093468,875019,950431
2.02307E+11,74759,1692093469,874555,949314
2.02307E+11,75151,1692093470,875395,950546
2.02307E+11,74397,1692093470,874222,948619
2.02307E+11,74663,1692093472,873301,947964
2.02307E+11,74727,1692093473,873182,947909
2.02307E+11,75550,1692093474,871361,946911
2.02307E+11,75224,1692093475,873009,948233
2.02307E+11,74546,1692093476,872384,946930
2.02307E+11,75099,1692093477,873052,948151
2.02307E+11,75264,1692093478,873996,949260
2.02307E+11,75618,1692093479,875397,951015
2.02307E+11,75565,1692093480,875607,951172
2.02307E+11,75218,1692093481,876101,951319
2.02307E+11,75222,1692093482,875232,950454
2.02307E+11,75568,1692093483,874309,949877
2.02307E+11,75694,1692093484,875433,951127
2.02307E+11,75363,1692093485,875789,951152
2.02307E+11,76147,1692093486,875947,952094
2.02307E+11,76731,1692093487,874797,951528
2.02307E+11,76037,1692093488,874950,950987
2.02307E+11,76091,1692093489,875109,951200
2.02307E+11,75180,1692093490,875136,950316
2.02307E+11,75943,1692093491,875662,951605
2.02307E+11,76274,1692093492,875920,952194
2.02307E+11,75624,1692093493,875913,951537
2.02307E+11,75148,1692093494,876316,951464
2.02307E+11,76260,1692093495,876884,953144
2.02307E+11,75983,1692093496,875396,951379
2.02307E+11,75679,1692093497,875668,951347
2.02307E+11,74916,1692093498,876542,951458
2.02307E+11,75407,1692093499,876046,951453
2.02307E+11,75465,1692093500,877149,952614
2.02307E+11,75887,1692093501,876556,952443
2.02307E+11,74620,1692093502,876360,950980
2.02307E+11,75454,1692093503,876257,951711
2.02307E+11,75508,1692093504,877207,952715
2.02307E+11,75215,1692093505,876835,952050
2.02307E+11,74850,1692093506,873928,948778
2.02307E+11,75104,1692093507,876683,951787
2.02307E+11,75010,1692093508,876491,951501
2.02307E+11,74995,1692093509,876946,951941
2.02307E+11,74212,1692093510,877206,951418
2.02307E+11,74569,1692093511,876525,951094
2.02307E+11,74940,1692093512,877745,952685
2.02307E+11,75593,1692093513,876405,951998
2.02307E+11,74969,1692093514,876481,951450
2.02307E+11,74835,1692093515,876107,950942
2.02307E+11,75238,1692093516,876189,951427
2.02307E+11,75988,1692093517,876360,952348
2.02307E+11,75558,1692093518,875940,951498
2.02307E+11,75578,1692093519,876198,951776
2.02307E+11,75343,1692093520,875768,951111
2.02307E+11,75424,1692093521,876183,951607
2.02307E+11,74938,1692093522,876242,951180
2.02307E+11,74745,1692093523,875383,950128
2.02307E+11,75446,1692093524,875909,951355
2.02307E+11,75811,1692093525,875720,951531
2.02307E+11,75794,1692093526,874722,950516
2.02307E+11,75834,1692093527,875243,951077
2.02307E+11,76194,1692093528,876416,952610
2.02307E+11,75708,1692093529,875365,951073
2.02307E+11,75576,1692093530,875995,951571
2.02307E+11,75301,1692093531,875191,950492
2.02307E+11,75727,1692093532,875465,951192
2.02307E+11,76143,1692093533,875430,951573
2.02307E+11,76021,1692093534,875548,951569
2.02307E+11,75699,1692093535,876126,951825
2.02307E+11,76192,1692093536,875969,952161
2.02307E+11,75996,1692093537,875327,951323
2.02307E+11,75170,1692093538,876339,951509
2.02307E+11,74948,1692093539,875060,950008
2.02307E+11,75749,1692093540,874682,950431
2.02307E+11,75589,1692093541,875097,950686
2.02307E+11,75269,1692093542,875095,950364
2.02307E+11,75361,1692093543,875694,951055
2.02307E+11,75462,1692093544,876210,951672
2.02307E+11,75772,1692093545,876912,952684
2.02307E+11,74751,1692093546,877244,951995
2.02307E+11,73992,1692093547,876007,949999
2.02307E+11,74800,1692093548,875841,950641
2.02307E+11,74648,1692093549,876039,950687
2.02307E+11,75414,1692093550,872596,948010
2.02307E+11,74528,1692093551,875473,950001
2.02307E+11,75103,1692093552,874549,949652
2.02307E+11,75161,1692093553,875260,950421
2.02307E+11,75507,1692093554,873669,949176
2.02307E+11,74598,1692093555,875925,950523
2.02307E+11,74839,1692093556,874449,949288
2.02307E+11,75668,1692093557,875776,951444
2.02307E+11,75115,1692093558,876658,951773
2.02307E+11,74814,1692093559,875874,950688
2.02307E+11,75609,1692093560,876225,951834
2.02307E+11,75863,1692093561,876817,952680
2.02307E+11,75306,1692093562,877079,952385
2.02307E+11,74742,1692093563,875455,950197
2.02307E+11,75328,1692093564,876408,951736
2.02307E+11,74594,1692093565,876191,950785
2.02307E+11,74161,1692093566,875313,949474
2.02307E+11,74484,1692093567,874582,949066
2.02307E+11,74985,1692093569,875074,950059
2.02307E+11,75152,1692093570,875306,950458
2.02307E+11,74715,1692093571,875242,949957
2.02307E+11,75588,1692093572,874815,950403
2.02307E+11,75259,1692093573,874591,949850
2.02307E+11,74791,1692093574,874548,949339
2.02307E+11,75178,1692093575,875129,950307
2.02307E+11,75133,1692093576,876035,951168
2.02307E+11,74592,1692093577,875761,950353
2.02307E+11,74611,1692093578,875842,950453
2.02307E+11,75392,1692093579,875819,951211
2.02307E+11,75765,1692093580,875857,951622
2.02307E+11,75538,1692093581,875353,950891
2.02307E+11,74907,1692093582,875484,950391
2.02307E+11,75644,1692093583,875103,950747
2.02307E+11,75368,1692093584,874941,950309
2.02307E+11,75438,1692093585,874455,949893
2.02307E+11,75180,1692093586,873334,948514
2.02307E+11,75302,1692093587,874277,949579
2.02307E+11,75681,1692093588,874357,950038
2.02307E+11,76106,1692093589,875418,951524
2.02307E+11,75259,1692093590,876756,952015
2.02307E+11,75658,1692093591,874817,950475
2.02307E+11,76098,1692093592,876170,952268
2.02307E+11,75552,1692093593,874875,950427
2.02307E+11,75192,1692093594,876260,951452
2.02307E+11,74796,1692093595,876334,951130
2.02307E+11,75643,1692093596,875734,951377
2.02307E+11,74915,1692093597,875587,950502
2.02307E+11,75391,1692093598,874573,949964
2.02307E+11,75035,1692093599,875474,950509
2.02307E+11,75356,1692093600,875337,950693
2.02307E+11,75300,1692093601,876215,951515
2.02307E+11,75039,1692093602,875891,950930
2.02307E+11,74905,1692093603,875931,950836
2.02307E+11,75874,1692093604,875192,951066
2.02307E+11,75061,1692093605,874216,949277
2.02307E+11,74872,1692093606,874710,949582
2.02307E+11,74738,1692093607,873470,948208
2.02307E+11,75624,1692093608,873817,949441
2.02307E+11,75292,1692093609,873468,948760
2.02307E+11,75076,1692093610,874004,949080
2.02307E+11,75033,1692093611,874185,949218
2.02307E+11,75748,1692093612,874962,950710
2.02307E+11,75216,1692093613,875391,950607
2.02307E+11,74468,1692093614,875101,949569
2.02307E+11,74549,1692093615,875688,950237
2.02307E+11,74843,1692093616,875666,950509
2.02307E+11,74752,1692093617,876860,951612
2.02307E+11,74720,1692093618,1584363,1659083
2.02307E+11,74790,1692093619,1583012,1657802
2.02307E+11,74831,1692093620,1583713,1658544
2.02307E+11,75078,1692093620,1583406,1658484
2.02307E+11,74412,1692093622,1583177,1657589
2.02307E+11,75433,1692093623,1582262,1657695
2.02307E+11,75447,1692093624,1581867,1657314
2.02307E+11,75114,1692093625,1580231,1655345
2.02307E+11,74852,1692093626,1579783,1654635
2.02307E+11,75732,1692093627,1581880,1657612
2.02307E+11,75732,1692093628,1581330,1657062
2.02307E+11,75455,1692093629,1581880,1657335
2.02307E+11,75545,1692093630,1582443,1657988
2.02307E+11,75683,1692093631,1581656,1657339
2.02307E+11,76225,1692093632,1584098,1660323
2.02307E+11,75667,1692093633,1582575,1658242
2.02307E+11,75222,1692093634,1583580,1658802
2.02307E+11,74494,1692093635,1582645,1657139
2.02307E+11,75573,1692093636,1583561,1659134
2.02307E+11,75216,1692093637,1583559,1658775
2.02307E+11,75538,1692093638,1582363,1657901
2.02307E+11,75090,1692093639,1582383,1657473
2.02307E+11,75381,1692093640,1580680,1656061
2.02307E+11,75668,1692093641,1581935,1657603
2.02307E+11,74433,1692093642,1580977,1655410
2.02307E+11,74927,1692093643,1581404,1656331
2.02307E+11,74792,1692093644,1580607,1655399
2.02307E+11,74935,1692093645,1582934,1657869
2.02307E+11,73978,1692093646,1582397,1656375
2.02307E+11,74688,1692093647,1581123,1655811
2.02307E+11,75062,1692093648,1582772,1657834
2.02307E+11,75035,1692093649,1584042,1659077
2.02307E+11,74548,1692093650,1583915,1658463
2.02307E+11,74731,1692093651,1584641,1659372
2.02307E+11,75237,1692093652,1584544,1659781
2.02307E+11,74693,1692093653,1583928,1658621
2.02307E+11,74655,1692093654,1583679,1658334
2.02307E+11,75435,1692093655,1582873,1658308
2.02307E+11,75324,1692093656,1582086,1657410
2.02307E+11,76131,1692093657,1582109,1658240
2.02307E+11,75176,1692093658,1580344,1655520
2.02307E+11,75557,1692093659,1582302,1657859
2.02307E+11,75758,1692093660,1582315,1658073
2.02307E+11,75400,1692093661,1581355,1656755
2.02307E+11,74918,1692093662,1582690,1657608
2.02307E+11,75375,1692093663,1581958,1657333
2.02307E+11,75213,1692093664,1583409,1658622
2.02307E+11,74773,1692093665,1583459,1658232
2.02307E+11,74651,1692093666,1583500,1658151
2.02307E+11,75266,1692093667,1584332,1659598
2.02307E+11,75587,1692093668,1583253,1658840
2.02307E+11,74681,1692093669,1584508,1659189
2.02307E+11,74858,1692093670,1583108,1657966
2.02307E+11,75651,1692093671,1583238,1658889
2.02307E+11,75459,1692093672,1584148,1659607
2.02307E+11,75135,1692093673,1582328,1657463
2.02307E+11,75158,1692093674,1583913,1659071
2.02307E+11,75698,1692093675,1582632,1658330
2.02307E+11,75567,1692093676,1581812,1657379
2.02307E+11,75406,1692093677,1582629,1658035
2.02307E+11,74803,1692093678,1580768,1655571
2.02307E+11,74995,1692093679,1580999,1655994
2.02307E+11,75190,1692093680,1579669,1654859
2.02307E+11,75409,1692093681,1580684,1656093
2.02307E+11,75051,1692093682,1582188,1657239
2.02307E+11,75493,1692093683,1580927,1656420
2.02307E+11,75385,1692093684,1580373,1655758
2.02307E+11,75051,1692093685,1580141,1655192
2.02307E+11,74800,1692093686,1580796,1655596
2.02307E+11,75804,1692093687,1579935,1655739
2.02307E+11,75280,1692093688,1580262,1655542
2.02307E+11,74794,1692093689,873848,948642
2.02307E+11,74908,1692093690,874684,949592
2.02307E+11,74908,1692093691,874592,949500
2.02307E+11,75511,1692093692,876171,951682
2.02307E+11,75367,1692093693,876554,951921
2.02307E+11,75172,1692093694,876602,951774
2.02307E+11,76122,1692093695,875972,952094
2.02307E+11,75086,1692093696,875976,951062
2.02307E+11,74870,1692093697,875242,950112
2.02307E+11,74172,1692093698,875847,950019
2.02307E+11,75416,1692093699,875325,950741
2.02307E+11,75433,1692093700,876233,951666
2.02307E+11,74881,1692093701,876208,951089
2.02307E+11,75145,1692093702,875687,950832
2.02307E+11,75567,1692093703,876624,952191
2.02307E+11,75748,1692093704,876224,951972
2.02307E+11,75333,1692093705,876911,952244
2.02307E+11,75190,1692093706,876760,951950
2.02307E+11,75712,1692093707,876336,952048
2.02307E+11,75840,1692093708,875680,951520
2.02307E+11,74944,1692093709,876287,951231
2.02307E+11,75513,1692093710,876713,952226
2.02307E+11,75984,1692093711,877816,953800
2.02307E+11,75463,1692093712,876417,951880
2.02307E+11,75640,1692093713,876317,951957
2.02307E+11,75400,1692093714,876757,952157
2.02307E+11,75953,1692093715,877067,953020
2.02307E+11,75230,1692093716,874567,949797
2.02307E+11,75149,1692093717,874864,950013
2.02307E+11,74865,1692093718,874061,948926
2.02307E+11,75136,1692093719,874745,949881
2.02307E+11,74578,1692093720,874976,949554
2.02307E+11,74937,1692093721,875620,950557
2.02307E+11,75040,1692093722,875400,950440
2.02307E+11,74775,1692093723,876344,951119
2.02307E+11,75030,1692093724,876756,951786
2.02307E+11,74217,1692093725,877575,951792
2.02307E+11,74611,1692093726,876700,951311
2.02307E+11,75517,1692093727,877263,952780
2.02307E+11,75571,1692093728,876226,951797
2.02307E+11,75196,1692093729,876189,951385
2.02307E+11,74869,1692093730,875434,950303
2.02307E+11,75531,1692093731,875079,950610
2.02307E+11,74435,1692093732,875437,949872
2.02307E+11,74590,1692093733,875271,949861
2.02307E+11,75519,1692093734,875270,950789
2.02307E+11,74799,1692093735,875054,949853
2.02307E+11,74813,1692093736,874584,949397
2.02307E+11,74622,1692093737,874659,949281
2.02307E+11,74973,1692093738,875564,950537
2.02307E+11,75658,1692093739,876051,951709
2.02307E+11,74883,1692093740,876355,951238
2.02307E+11,74923,1692093741,876322,951245
2.02307E+11,75339,1692093742,876150,951489
2.02307E+11,74937,1692093743,876698,951635
2.02307E+11,74714,1692093744,875687,950401
2.02307E+11,75503,1692093745,874958,950461
2.02307E+11,75219,1692093746,873901,949120
2.02307E+11,75445,1692093747,873320,948765
2.02307E+11,75910,1692093748,873843,949753
2.02307E+11,76286,1692093749,875113,951399
2.02307E+11,75971,1692093750,874358,950329
2.02307E+11,75839,1692093751,875019,950858
2.02307E+11,75722,1692093752,875566,951288
2.02307E+11,75645,1692093753,876547,952192
2.02307E+11,75844,1692093754,875369,951213
2.02307E+11,75786,1692093755,874863,950649
2.02307E+11,75726,1692093756,875906,951632
2.02307E+11,74814,1692093757,876230,951044
2.02307E+11,75505,1692093758,876622,952127
2.02307E+11,75500,1692093759,875728,951228
2.02307E+11,74746,1692093760,875194,949940
2.02307E+11,74821,1692093761,876046,950867
2.02307E+11,75136,1692093762,875643,950779
2.02307E+11,75334,1692093763,876639,951973
2.02307E+11,75501,1692093764,876428,951929
2.02307E+11,74964,1692093765,877076,952040
2.02307E+11,75524,1692093766,875692,951216
2.02307E+11,75218,1692093767,875407,950625
2.02307E+11,74886,1692093768,874724,949610
2.02307E+11,74939,1692093769,875814,950753
2.02307E+11,75425,1692093770,875854,951279
2.02307E+11,75187,1692093771,877242,952429
2.02307E+11,74897,1692093771,877109,952006
2.02307E+11,74485,1692093773,876851,951336
2.02307E+11,75498,1692093774,872276,947774
2.02307E+11,75237,1692093775,875572,950809
2.02307E+11,74689,1692093776,875032,949721
2.02307E+11,74808,1692093777,874079,948887
2.02307E+11,75488,1692093778,874005,949493
2.02307E+11,74529,1692093779,872752,947281
2.02307E+11,74300,1692093780,873434,947734
2.02307E+11,75514,1692093781,873472,948986
2.02307E+11,75908,1692093782,874744,950652
2.02307E+11,75607,1692093783,875070,950677
2.02307E+11,75113,1692093784,876228,951341
2.02307E+11,75850,1692093785,876295,952145
2.02307E+11,75510,1692093786,876593,952103
2.02307E+11,75026,1692093787,875480,950506
2.02307E+11,75475,1692093788,875985,951460
2.02307E+11,75252,1692093789,876223,951475
2.02307E+11,75956,1692093790,875667,951623
2.02307E+11,75749,1692093791,876188,951937
2.02307E+11,75419,1692093792,875741,951160
2.02307E+11,75246,1692093793,876174,951420
2.02307E+11,75915,1692093794,876009,951924
2.02307E+11,75648,1692093795,876143,951791
2.02307E+11,75703,1692093796,876029,951732
2.02307E+11,74878,1692093797,876264,951142
2.02307E+11,75224,1692093798,876251,951475
2.02307E+11,75010,1692093799,876336,951346
2.02307E+11,75147,1692093800,876720,951867
2.02307E+11,74968,1692093801,878093,953061
2.02307E+11,75566,1692093802,878578,954144
2.02307E+11,74834,1692093803,877873,952707
2.02307E+11,75204,1692093804,877641,952845
2.02307E+11,74502,1692093805,876538,951040
2.02307E+11,75200,1692093806,876918,952118
2.02307E+11,75791,1692093807,875306,951097
2.02307E+11,74748,1692093808,875573,950321
2.02307E+11,75005,1692093809,876605,951610
2.02307E+11,75487,1692093810,876577,952064
2.02307E+11,75081,1692093811,877710,952791
2.02307E+11,75261,1692093812,877026,952287
2.02307E+11,75069,1692093813,878645,953714
2.02307E+11,75962,1692093814,878884,954846
2.02307E+11,75642,1692093815,878954,954596
2.02307E+11,75289,1692093816,879160,954449
2.02307E+11,75062,1692093817,877909,952971
2.02307E+11,75886,1692093818,878819,954705
2.02307E+11,75978,1692093819,878776,954754
2.02307E+11,75232,1692093820,877856,953088
2.02307E+11,75410,1692093821,876254,951664
2.02307E+11,75962,1692093822,877363,953325
2.02307E+11,75583,1692093823,877925,953508
2.02307E+11,75440,1692093824,877743,953183
2.02307E+11,74992,1692093825,877792,952784
2.02307E+11,75339,1692093826,878422,953761
2.02307E+11,75948,1692093827,877956,953904
2.02307E+11,75816,1692093828,878079,953895
2.02307E+11,75172,1692093829,877624,952796
2.02307E+11,75590,1692093830,878110,953700
2.02307E+11,76136,1692093831,879140,955276
2.02307E+11,75333,1692093832,879193,954526
2.02307E+11,75022,1692093833,879157,954179
2.02307E+11,75246,1692093834,877652,952898
2.02307E+11,75155,1692093835,878009,953164
2.02307E+11,74488,1692093836,877805,952293
2.02307E+11,74540,1692093837,877813,952353
2.02307E+11,74747,1692093838,875625,950372
2.02307E+11,75027,1692093839,877270,952297
2.02307E+11,74278,1692093840,877701,951979
2.02307E+11,74358,1692093841,876746,951104
2.02307E+11,74995,1692093842,877484,952479
2.02307E+11,75638,1692093843,878281,953919
2.02307E+11,75326,1692093844,879395,954721
2.02307E+11,75257,1692093845,878876,954133
2.02307E+11,75584,1692093846,877660,953244
2.02307E+11,75416,1692093847,879176,954592
2.02307E+11,75145,1692093848,878445,953590
2.02307E+11,74740,1692093849,878041,952781
2.02307E+11,75648,1692093850,877838,953486
2.02307E+11,75739,1692093851,877624,953363
2.02307E+11,75547,1692093852,878242,953789
2.02307E+11,75166,1692093853,877524,952690
2.02307E+11,76039,1692093854,878205,954244
2.02307E+11,75464,1692093855,878858,954322
2.02307E+11,74974,1692093856,878373,953347
2.02307E+11,74835,1692093857,878580,953415
2.02307E+11,75736,1692093858,877096,952832
2.02307E+11,75176,1692093859,878961,954137
2.02307E+11,75594,1692093860,879673,955267
2.02307E+11,75448,1692093861,879728,955176
2.02307E+11,75880,1692093862,880248,956128
2.02307E+11,75460,1692093863,878457,953917
2.02307E+11,75801,1692093864,878514,954315
2.02307E+11,75073,1692093865,878298,953371
2.02307E+11,75925,1692093866,877824,953749
2.02307E+11,76058,1692093867,875986,952044
2.02307E+11,75479,1692093868,878293,953772
2.02307E+11,75521,1692093869,877349,952870
2.02307E+11,75419,1692093870,879523,954942
2.02307E+11,75899,1692093871,879266,955165
2.02307E+11,74879,1692093872,879509,954388
2.02307E+11,74920,1692093873,879892,954812
2.02307E+11,74611,1692093874,880219,954830
2.02307E+11,74864,1692093875,880261,955125
2.02307E+11,75432,1692093876,878913,954345
2.02307E+11,74615,1692093877,879523,954138
2.02307E+11,74644,1692093878,880274,954918
2.02307E+11,74317,1692093879,878810,953127
2.02307E+11,74882,1692093880,878613,953495
2.02307E+11,74025,1692093881,878428,952453
2.02307E+11,75452,1692093882,877773,953225
2.02307E+11,75302,1692093883,878613,953915
2.02307E+11,75170,1692093884,878325,953495
2.02307E+11,75004,1692093885,878532,953536
2.02307E+11,75724,1692093886,878394,954118
2.02307E+11,75035,1692093887,878780,953815
2.02307E+11,74671,1692093888,878897,953568
2.02307E+11,74875,1692093889,878792,953667
2.02307E+11,75557,1692093890,878916,954473
2.02307E+11,74999,1692093891,878879,953878
2.02307E+11,74656,1692093892,878569,953225
2.02307E+11,75245,1692093893,879576,954821
2.02307E+11,75855,1692093894,878911,954766
2.02307E+11,75411,1692093895,878906,954317
2.02307E+11,74403,1692093896,879141,953544
2.02307E+11,75171,1692093897,878155,953326
2.02307E+11,75887,1692093898,877932,953819
2.02307E+11,75427,1692093899,879014,954441
2.02307E+11,74804,1692093900,879274,954078
2.02307E+11,75562,1692093901,878996,954558
2.02307E+11,76117,1692093902,879303,955420
2.02307E+11,75204,1692093903,877417,952621
2.02307E+11,75636,1692093904,878172,953808
2.02307E+11,75927,1692093905,878892,954819
2.02307E+11,75794,1692093906,879709,955503
2.02307E+11,76269,1692093907,879773,956042
2.02307E+11,75723,1692093908,879255,954978
2.02307E+11,75763,1692093909,878438,954201
2.02307E+11,76039,1692093910,878151,954190
2.02307E+11,75738,1692093911,878203,953941
2.02307E+11,75693,1692093912,879358,955051
2.02307E+11,75090,1692093913,879521,954611
2.02307E+11,75880,1692093914,878417,954297
2.02307E+11,76045,1692093915,878897,954942
2.02307E+11,75517,1692093916,878410,953927
2.02307E+11,74974,1692093917,878214,953188
2.02307E+11,75628,1692093918,878853,954481
2.02307E+11,75617,1692093919,878474,954091
2.02307E+11,75617,1692093920,878249,953866
2.02307E+11,74969,1692093921,878716,953685
2.02307E+11,74707,1692093921,880046,954753
2.02307E+11,75408,1692093923,879869,955277
2.02307E+11,75212,1692093924,878978,954190
2.02307E+11,75439,1692093925,880012,955451
2.02307E+11,75351,1692093926,879595,954946
2.02307E+11,75166,1692093927,879698,954864
2.02307E+11,75647,1692093928,879523,955170
2.02307E+11,74946,1692093929,880351,955297
2.02307E+11,75141,1692093930,880074,955215
2.02307E+11,75206,1692093931,880274,955480
2.02307E+11,75208,1692093932,879735,954943
2.02307E+11,74706,1692093933,880421,955127
2.02307E+11,75146,1692093934,878521,953667
2.02307E+11,75176,1692093935,876246,951422
2.02307E+11,75268,1692093936,876559,951827
2.02307E+11,74778,1692093937,876643,951421
2.02307E+11,74695,1692093938,877711,952406
2.02307E+11,75697,1692093939,877981,953678
2.02307E+11,74898,1692093940,877681,952579
2.02307E+11,74926,1692093941,878098,953024
2.02307E+11,74603,1692093942,878750,953353
2.02307E+11,75750,1692093943,879375,955125
2.02307E+11,75732,1692093944,879084,954816
2.02307E+11,75648,1692093945,878239,953887
2.02307E+11,75508,1692093946,877215,952723
2.02307E+11,75504,1692093947,876520,952024
2.02307E+11,75427,1692093948,879057,954484
2.02307E+11,74971,1692093949,879940,954911
2.02307E+11,74199,1692093950,879100,953299
2.02307E+11,74755,1692093951,880472,955227
2.02307E+11,74722,1692093952,880826,955548
2.02307E+11,74756,1692093953,879911,954667
2.02307E+11,74846,1692093954,880052,954898
2.02307E+11,74751,1692093955,880129,954880
2.02307E+11,75386,1692093956,880480,955866
2.02307E+11,74230,1692093957,881143,955373
2.02307E+11,74211,1692093958,880955,955166
2.02307E+11,75341,1692093959,880599,955940
2.02307E+11,74738,1692093960,879899,954637
2.02307E+11,74288,1692093961,880564,954852
2.02307E+11,74799,1692093962,879634,954433
2.02307E+11,74579,1692093963,879287,953866
2.02307E+11,74814,1692093964,877918,952732
2.02307E+11,74251,1692093965,878363,952614
2.02307E+11,74389,1692093966,879257,953646
2.02307E+11,75316,1692093967,879448,954764
2.02307E+11,75012,1692093968,879672,954684
2.02307E+11,74751,1692093969,879606,954357
2.02307E+11,75178,1692093970,879968,955146
2.02307E+11,75651,1692093971,880249,955900
2.02307E+11,76004,1692093972,881016,957020
2.02307E+11,75922,1692093973,881678,957600
2.02307E+11,75591,1692093974,880874,956465
2.02307E+11,75435,1692093975,880461,955896
2.02307E+11,75253,1692093976,880430,955683
2.02307E+11,75594,1692093977,879839,955433
2.02307E+11,75082,1692093978,880008,955090
2.02307E+11,75220,1692093979,880222,955442
2.02307E+11,74895,1692093980,880121,955016
2.02307E+11,75630,1692093981,879054,954684
2.02307E+11,75707,1692093982,879252,954959
2.02307E+11,76083,1692093983,878930,955013
2.02307E+11,75859,1692093984,879157,955016
2.02307E+11,75175,1692093985,879315,954490
2.02307E+11,74689,1692093986,879938,954627
2.02307E+11,75209,1692093987,879599,954808
2.02307E+11,75369,1692093988,880002,955371
2.02307E+11,75038,1692093989,879999,955037
2.02307E+11,74831,1692093990,879837,954668
2.02307E+11,75431,1692093991,880133,955564
2.02307E+11,74907,1692093992,880880,955787
2.02307E+11,74536,1692093993,880677,955213
2.02307E+11,75633,1692093994,879710,955343
2.02307E+11,75561,1692093995,880860,956421
2.02307E+11,75138,1692093996,880421,955559
2.02307E+11,74826,1692093997,881037,955863
2.02307E+11,74969,1692093998,880329,955298
2.02307E+11,75080,1692093999,881106,956186
2.02307E+11,75146,1692094000,880419,955565
2.02307E+11,75010,1692094001,880257,955267
2.02307E+11,75281,1692094002,880119,955400
2.02307E+11,74521,1692094003,879676,954197
2.02307E+11,74398,1692094004,879447,953845
2.02307E+11,73930,1692094005,879903,953833
2.02307E+11,75076,1692094006,880630,955706
2.02307E+11,75321,1692094007,879520,954841
2.02307E+11,74195,1692094008,880430,954625
2.02307E+11,74964,1692094009,880621,955585
2.02307E+11,75423,1692094010,879902,955325
2.02307E+11,75228,1692094011,879949,955177
2.02307E+11,74915,1692094012,879343,954258
2.02307E+11,75613,1692094013,880325,955938
2.02307E+11,76222,1692094014,879622,955844
2.02307E+11,75272,1692094015,880865,956137
2.02307E+11,75502,1692094016,881039,956541
2.02307E+11,75132,1692094017,880773,955905
2.02307E+11,75711,1692094018,880011,955722
2.02307E+11,75534,1692094019,879434,954968
2.02307E+11,75065,1692094020,880269,955334
2.02307E+11,74948,1692094021,879961,954909
2.02307E+11,74989,1692094022,879589,954578
2.02307E+11,75855,1692094023,879479,955334
2.02307E+11,75064,1692094024,879868,954932
2.02307E+11,74753,1692094025,878843,953596
2.02307E+11,75136,1692094026,879595,954731
2.02307E+11,75090,1692094027,880446,955536
2.02307E+11,74781,1692094028,879431,954212
2.02307E+11,74726,1692094029,878148,952874
2.02307E+11,75135,1692094030,878865,954000
2.02307E+11,75695,1692094031,879086,954781
2.02307E+11,75099,1692094032,879368,954467
2.02307E+11,74923,1692094033,880229,955152
2.02307E+11,75261,1692094034,880615,955876
2.02307E+11,75728,1692094035,879114,954842
2.02307E+11,75289,1692094036,879784,955073
2.02307E+11,75053,1692094037,879638,954691
2.02307E+11,75580,1692094038,879974,955554
2.02307E+11,75602,1692094039,880348,955950
2.02307E+11,75152,1692094040,878545,953697
2.02307E+11,74560,1692094041,877914,952474
2.02307E+11,75169,1692094042,879123,954292
2.02307E+11,75201,1692094043,879784,954985
2.02307E+11,75063,1692094044,879743,954806
2.02307E+11,75068,1692094045,880190,955258
2.02307E+11,75854,1692094046,880457,956311
2.02307E+11,75546,1692094047,879982,955528
2.02307E+11,75277,1692094048,880867,956144
2.02307E+11,75180,1692094049,881299,956479
2.02307E+11,75765,1692094050,879691,955456
2.02307E+11,75015,1692094051,879958,954973
2.02307E+11,74211,1692094052,880459,954670
2.02307E+11,74766,1692094053,880307,955073
2.02307E+11,75398,1692094054,879335,954733
2.02307E+11,75862,1692094055,879756,955618
2.02307E+11,75111,1692094056,880009,955120
2.02307E+11,74488,1692094057,879130,953618
2.02307E+11,75406,1692094058,880175,955581
2.02307E+11,75088,1692094060,879788,954876
2.02307E+11,74940,1692094061,878398,953338
2.02307E+11,75476,1692094062,880085,955561
2.02307E+11,76073,1692094063,880019,956092
2.02307E+11,74954,1692094064,880147,955101
2.02307E+11,74739,1692094065,880556,955295
2.02307E+11,75461,1692094066,879891,955352
2.02307E+11,75242,1692094067,879640,954882
2.02307E+11,75232,1692094068,882183,957415
2.02307E+11,75104,1692094069,880934,956038
2.02307E+11,74945,1692094070,881139,956084
2.02307E+11,75330,1692094071,880539,955869
2.02307E+11,76076,1692094072,878389,954465
2.02307E+11,74591,1692094072,879566,954157
2.02307E+11,75520,1692094074,879741,955261
2.02307E+11,75386,1692094075,880919,956305
2.02307E+11,75101,1692094076,880271,955372
2.02307E+11,75019,1692094077,881534,956553
2.02307E+11,75108,1692094078,881376,956484
2.02307E+11,73979,1692094080,541073,615052
2.02307E+11,74130,1692094081,541173,615303
2.02307E+11,75222,1692094082,540839,616061
2.02307E+11,74950,1692094083,541163,616113
2.02307E+11,75203,1692094084,540586,615789
2.02307E+11,75069,1692094085,540262,615331
2.02307E+11,75408,1692094086,539365,614773
2.02307E+11,75194,1692094087,540075,615269
2.02307E+11,74460,1692094088,540110,614570
2.02307E+11,74909,1692094089,539924,614833
2.02307E+11,75439,1692094090,539562,615001
2.02307E+11,75399,1692094091,541050,616449
2.02307E+11,74671,1692094092,540754,615425
2.02307E+11,75470,1692094093,540967,616437
2.02307E+11,75747,1692094094,540859,616606
2.02307E+11,75879,1692094095,541049,616928
2.02307E+11,76273,1692094096,541591,617864
2.02307E+11,75287,1692094097,540873,616160
2.02307E+11,76109,1692094098,540951,617060
2.02307E+11,75966,1692094099,540914,616880
2.02307E+11,75789,1692094100,541184,616973
2.02307E+11,74690,1692094101,540902,615592
2.02307E+11,76387,1692094102,540937,617324
2.02307E+11,75260,1692094103,541180,616440
2.02307E+11,75159,1692094104,541045,616204
2.02307E+11,75270,1692094105,540942,616212
2.02307E+11,75615,1692094106,540516,616131
2.02307E+11,75137,1692094107,540986,616123
2.02307E+11,74855,1692094108,540588,615443
2.02307E+11,74672,1692094109,540531,615203
2.02307E+11,74970,1692094110,540128,615098
2.02307E+11,74976,1692094111,540067,615043
2.02307E+11,74655,1692094112,540245,614900
2.02307E+11,74822,1692094113,540303,615125
2.02307E+11,74999,1692094114,539733,614732
2.02307E+11,74983,1692094115,540728,615711
2.02307E+11,74894,1692094116,540587,615481
2.02307E+11,74434,1692094117,541185,615619
2.02307E+11,74923,1692094118,540885,615808
2.02307E+11,75240,1692094119,540212,615452
2.02307E+11,74390,1692094120,539936,614326
2.02307E+11,74626,1692094121,540214,614840
2.02307E+11,75271,1692094122,539445,614716
2.02307E+11,75154,1692094123,540673,615827
2.02307E+11,75227,1692094124,540667,615894
2.02307E+11,75167,1692094125,540645,615812
2.02307E+11,75053,1692094126,540091,615144
2.02307E+11,75231,1692094127,540362,615593
2.02307E+11,74982,1692094128,540704,615686
2.02307E+11,75068,1692094129,540034,615102
2.02307E+11,75618,1692094130,541230,616848
2.02307E+11,75356,1692094131,540480,615836
2.02307E+11,75680,1692094132,540650,616330
2.02307E+11,75284,1692094133,540825,616109
2.02307E+11,76040,1692094134,540892,616932
2.02307E+11,75574,1692094135,539552,615126
2.02307E+11,75835,1692094136,540455,616290
2.02307E+11,75576,1692094137,538725,614301
2.02307E+11,75168,1692094138,540108,615276
2.02307E+11,74990,1692094139,539734,614724
2.02307E+11,75333,1692094140,539768,615101
2.02307E+11,75788,1692094141,540022,615810
2.02307E+11,75661,1692094142,539954,615615
2.02307E+11,74958,1692094143,540563,615521
2.02307E+11,75189,1692094144,540414,615603
2.02307E+11,73899,1692094145,540033,613932
2.02307E+11,74902,1692094146,540235,615137
2.02307E+11,75022,1692094147,540292,615314
2.02307E+11,74968,1692094148,539744,614712
2.02307E+11,74637,1692094149,539499,614136
2.02307E+11,75238,1692094150,538184,613422
2.02307E+11,75080,1692094151,538154,613234
2.02307E+11,74353,1692094152,539806,614159
2.02307E+11,74642,1692094153,539101,613743
2.02307E+11,74847,1692094154,539787,614634
2.02307E+11,75217,1692094155,540304,615521
2.02307E+11,74709,1692094156,539662,614371
2.02307E+11,74539,1692094157,539733,614272
2.02307E+11,75291,1692094158,540454,615745
2.02307E+11,74775,1692094159,540070,614845
2.02307E+11,75050,1692094160,540652,615702
2.02307E+11,74617,1692094161,540245,614862
2.02307E+11,75262,1692094162,539986,615248
2.02307E+11,74533,1692094163,539813,614346
2.02307E+11,74884,1692094164,539327,614211
2.02307E+11,74767,1692094165,539713,614480
2.02307E+11,74886,1692094166,539621,614507
2.02307E+11,74687,1692094167,539285,613972
2.02307E+11,74555,1692094168,539640,614195
2.02307E+11,76108,1692094169,539370,615478
2.02307E+11,75721,1692094170,540337,616058
2.02307E+11,76064,1692094171,539813,615877
2.02307E+11,75274,1692094172,540205,615479
2.02307E+11,75558,1692094173,539957,615515
2.02307E+11,76263,1692094174,539849,616112
2.02307E+11,75883,1692094175,539516,615399
2.02307E+11,75686,1692094176,539340,615026
2.02307E+11,75728,1692094177,538915,614643
2.02307E+11,76013,1692094178,539114,615127
2.02307E+11,75552,1692094179,538095,613647
2.02307E+11,74794,1692094180,538583,613377
2.02307E+11,74790,1692094181,539754,614544
2.02307E+11,75041,1692094182,539038,614079
2.02307E+11,75129,1692094183,539635,614764
2.02307E+11,74727,1692094184,540149,614876
2.02307E+11,74169,1692094185,540796,614965
2.02307E+11,75300,1692094186,539925,615225
2.02307E+11,75464,1692094187,539967,615431
2.02307E+11,74948,1692094188,540080,615028
2.02307E+11,75051,1692094189,539839,614890
2.02307E+11,75238,1692094190,540121,615359
2.02307E+11,75571,1692094191,539230,614801
2.02307E+11,75057,1692094192,539275,614332
2.02307E+11,74521,1692094193,539606,614127
2.02307E+11,75033,1692094194,538975,614008
2.02307E+11,74864,1692094195,538590,613454
2.02307E+11,74950,1692094196,538852,613802
2.02307E+11,75353,1692094197,539487,614840
2.02307E+11,75985,1692094198,538670,614655
2.02307E+11,75472,1692094199,540144,615616
2.02307E+11,75176,1692094200,539683,614859
2.02307E+11,75077,1692094201,539537,614614
2.02307E+11,75374,1692094202,539699,615073
2.02307E+11,75359,1692094203,540812,616171
2.02307E+11,74426,1692094204,539785,614211
2.02307E+11,75495,1692094205,539286,614781
2.02307E+11,74955,1692094206,539401,614356
2.02307E+11,74966,1692094207,538943,613909
2.02307E+11,74934,1692094208,539648,614582
2.02307E+11,74989,1692094209,539413,614402
2.02307E+11,75516,1692094210,539893,615409
2.02307E+11,75002,1692094211,538750,613752
2.02307E+11,74862,1692094212,539174,614036
2.02307E+11,74753,1692094213,539267,614020
2.02307E+11,75567,1692094214,539830,615397
2.02307E+11,75146,1692094215,540758,615904
2.02307E+11,74546,1692094216,540383,614929
2.02307E+11,75096,1692094217,540238,615334
2.02307E+11,74899,1692094218,540371,615270
2.02307E+11,74445,1692094219,540114,614559
2.02307E+11,74121,1692094220,539639,613760
2.02307E+11,74194,1692094221,539693,613887
2.02307E+11,74110,1692094222,538987,613097
2.02307E+11,75209,1692094222,538512,613721
2.02307E+11,74895,1692094224,538132,613027
2.02307E+11,75040,1692094225,538184,613224
2.02307E+11,74764,1692094226,539106,613870
2.02307E+11,74939,1692094227,539789,614728
2.02307E+11,74713,1692094228,539264,613977
2.02307E+11,74964,1692094229,539216,614180
2.02307E+11,75597,1692094230,539345,614942
2.02307E+11,75134,1692094231,540373,615507
2.02307E+11,75288,1692094232,540039,615327
2.02307E+11,75813,1692094233,540175,615988
2.02307E+11,75442,1692094234,540062,615504
2.02307E+11,75067,1692094235,539037,614104
2.02307E+11,75882,1692094236,539034,614916
2.02307E+11,75868,1692094237,538938,614806
2.02307E+11,75828,1692094238,538772,614600
2.02307E+11,75139,1692094239,538627,613766
2.02307E+11,75689,1692094240,538269,613958
2.02307E+11,76047,1692094241,538516,614563
2.02307E+11,75819,1692094242,539262,615081
2.02307E+11,75478,1692094243,538909,614387
2.02307E+11,74946,1692094244,539600,614546
2.02307E+11,75318,1692094245,539895,615213
2.02307E+11,75486,1692094246,540000,615486
2.02307E+11,74679,1692094247,539642,614321
2.02307E+11,74587,1692094248,540498,615085
2.02307E+11,74986,1692094249,540099,615085
2.02307E+11,74811,1692094250,539367,614178
2.02307E+11,75163,1692094251,539350,614513
2.02307E+11,74923,1692094252,539404,614327
2.02307E+11,75199,1692094253,539062,614261
2.02307E+11,75409,1692094254,538759,614168
2.02307E+11,74920,1692094255,539956,614876
2.02307E+11,75475,1692094256,539612,615087
2.02307E+11,75213,1692094257,540063,615276
2.02307E+11,74726,1692094258,539351,614077
2.02307E+11,74887,1692094259,539354,614241
2.02307E+11,74672,1692094260,540153,614825
2.02307E+11,74621,1692094261,539943,614564
2.02307E+11,74840,1692094262,540947,615787
2.02307E+11,74469,1692094263,539162,613631
2.02307E+11,74631,1692094264,539279,613910
2.02307E+11,75079,1692094265,539540,614619
2.02307E+11,75519,1692094266,538872,614391
2.02307E+11,74809,1692094267,539215,614024
2.02307E+11,75567,1692094268,538761,614328
2.02307E+11,75187,1692094269,538533,613720
2.02307E+11,75127,1692094270,539376,614503
2.02307E+11,74868,1692094271,539332,614200
2.02307E+11,75047,1692094272,540111,615158
2.02307E+11,75490,1692094273,539722,615212
2.02307E+11,75523,1692094274,540332,615855
2.02307E+11,74344,1692094275,538908,613252
2.02307E+11,75770,1692094276,539901,615671
2.02307E+11,75911,1692094277,540550,616461
2.02307E+11,75791,1692094278,540680,616471
2.02307E+11,75028,1692094279,540613,615641
2.02307E+11,75115,1692094280,539629,614744
2.02307E+11,75638,1692094281,540390,616028
2.02307E+11,75779,1692094282,539674,615453
2.02307E+11,75894,1692094283,539742,615636
2.02307E+11,75317,1692094284,539603,614920
2.02307E+11,75583,1692094285,539377,614960
2.02307E+11,75608,1692094286,539422,615030
2.02307E+11,75242,1692094287,538788,614030
2.02307E+11,74744,1692094288,538792,613536
2.02307E+11,76067,1692094289,539310,615377
2.02307E+11,75440,1692094290,539170,614610
2.02307E+11,75700,1692094291,539179,614879
2.02307E+11,75298,1692094292,539752,615050
2.02307E+11,75266,1692094293,538795,614061
2.02307E+11,75554,1692094294,538595,614149
2.02307E+11,75370,1692094295,539444,614814
2.02307E+11,74673,1692094296,539261,613934
2.02307E+11,74936,1692094297,539634,614570
2.02307E+11,75266,1692094298,539002,614268
2.02307E+11,75192,1692094299,539541,614733
2.02307E+11,74933,1692094300,538983,613916
2.02307E+11,75523,1692094301,538459,613982
2.02307E+11,75123,1692094302,539144,614267
2.02307E+11,74953,1692094303,539191,614144
2.02307E+11,74553,1692094304,538322,612875
2.02307E+11,74956,1692094305,538664,613620
2.02307E+11,75264,1692094306,538496,613760
2.02307E+11,74841,1692094307,538466,613307
2.02307E+11,74516,1692094308,538843,613359
2.02307E+11,74851,1692094309,539357,614208
2.02307E+11,74985,1692094310,539867,614852
2.02307E+11,74656,1692094311,539793,614449
2.02307E+11,75366,1692094312,539905,615271
2.02307E+11,75897,1692094313,539168,615065
2.02307E+11,75391,1692094314,539581,614972
2.02307E+11,74929,1692094315,539757,614686
2.02307E+11,74502,1692094316,539281,613783
2.02307E+11,75300,1692094317,539081,614381
2.02307E+11,75306,1692094318,539177,614483
2.02307E+11,75131,1692094319,539355,614486
2.02307E+11,75091,1692094320,539453,614544
2.02307E+11,75608,1692094321,539146,614754
2.02307E+11,75330,1692094322,538510,613840
2.02307E+11,74669,1692094323,539095,613764
2.02307E+11,74576,1692094324,538429,613005
2.02307E+11,75312,1692094325,539926,615238
2.02307E+11,75253,1692094326,539391,614644
2.02307E+11,75148,1692094327,538947,614095
2.02307E+11,75393,1692094328,538597,613990
2.02307E+11,75565,1692094329,538729,614294
2.02307E+11,75612,1692094330,539364,614976
2.02307E+11,75436,1692094331,539475,614911
2.02307E+11,75238,1692094332,540047,615285
2.02307E+11,75284,1692094333,539109,614393
2.02307E+11,75305,1692094334,539408,614713
2.02307E+11,75367,1692094335,539558,614925
2.02307E+11,75124,1692094336,539495,614619
2.02307E+11,74839,1692094337,540144,614983
2.02307E+11,75659,1692094338,538893,614552
2.02307E+11,76067,1692094339,539069,615136
2.02307E+11,75463,1692094340,539340,614803
2.02307E+11,76416,1692094341,538664,615080
2.02307E+11,75343,1692094342,538429,613772
2.02307E+11,75270,1692094343,539066,614336
2.02307E+11,74717,1692094344,539773,614490
2.02307E+11,75468,1692094345,540161,615629
2.02307E+11,75395,1692094346,539292,614687
2.02307E+11,74933,1692094347,540095,615028
2.02307E+11,75011,1692094348,539151,614162
2.02307E+11,75510,1692094349,539368,614878
2.02307E+11,75178,1692094350,539549,614727
2.02307E+11,74914,1692094351,539779,614693
2.02307E+11,74527,1692094352,0,74527
2.02307E+11,75586,1692094353,0,75586
2.02307E+11,75012,1692094354,0,75012
2.02307E+11,75549,1692094355,0,75549
2.02307E+11,74335,1692094356,0,74335
2.02307E+11,75733,1692094357,0,75733
2.02307E+11,75007,1692094358,0,75007
2.02307E+11,74689,1692094359,542094,616783
2.02307E+11,74407,1692094360,538211,612618
2.02307E+11,75917,1692094361,538596,614513
2.02307E+11,75321,1692094362,538409,613730
2.02307E+11,74934,1692094363,537895,612829
2.02307E+11,75327,1692094364,537586,612913
2.02307E+11,75087,1692094365,537894,612981
2.02307E+11,74291,1692094366,537961,612252
2.02307E+11,74677,1692094367,537527,612204
2.02307E+11,75034,1692094368,537263,612297
2.02307E+11,75767,1692094369,537408,613175
2.02307E+11,75508,1692094370,538320,613828
2.02307E+11,75294,1692094371,537050,612344
2.02307E+11,75549,1692094372,536210,611759
2.02307E+11,76072,1692094373,536640,612712
2.02307E+11,75683,1692094373,537368,613051
2.02307E+11,75290,1692094375,537965,613255
2.02307E+11,75144,1692094376,537037,612181
2.02307E+11,75800,1692094377,536828,612628
2.02307E+11,75033,1692094378,537829,612862
2.02307E+11,74741,1692094379,537965,612706
2.02307E+11,74809,1692094380,538403,613212
2.02307E+11,75845,1692094381,538574,614419
2.02307E+11,74803,1692094382,538310,613113
2.02307E+11,75078,1692094383,538034,613112
2.02307E+11,75055,1692094384,539176,614231
2.02307E+11,75171,1692094385,537664,612835
2.02307E+11,74604,1692094386,538338,612942
2.02307E+11,74719,1692094387,537001,611720
2.02307E+11,75121,1692094388,537485,612606
2.02307E+11,74825,1692094389,537503,612328
2.02307E+11,74778,1692094390,536731,611509
2.02307E+11,74103,1692094391,536865,610968
2.02307E+11,74688,1692094392,536785,611473
2.02307E+11,75568,1692094393,537274,612842
2.02307E+11,74982,1692094394,536416,611398
2.02307E+11,75477,1692094395,535883,611360
2.02307E+11,74480,1692094396,536030,610510
2.02307E+11,74740,1692094397,536490,611230
2.02307E+11,75053,1692094398,536883,611936
2.02307E+11,74730,1692094399,536891,611621
2.02307E+11,75250,1692094400,536340,611590
2.02307E+11,75300,1692094401,536200,611500
2.02307E+11,75045,1692094402,536259,611304
2.02307E+11,75312,1692094403,536591,611903
2.02307E+11,75713,1692094404,536705,612418
2.02307E+11,75254,1692094405,537295,612549
2.02307E+11,74858,1692094406,536997,611855
2.02307E+11,75659,1692094407,537194,612853
2.02307E+11,75834,1692094408,537029,612863
2.02307E+11,75952,1692094409,536948,612900
2.02307E+11,75524,1692094410,536114,611638
2.02307E+11,75158,1692094411,537021,612179
2.02307E+11,75313,1692094412,536106,611419
2.02307E+11,74762,1692094413,535766,610528
2.02307E+11,75084,1692094414,535696,610780
2.02307E+11,75244,1692094415,535450,610694
2.02307E+11,75052,1692094416,536110,611162
2.02307E+11,75136,1692094417,536403,611539
2.02307E+11,74947,1692094418,536287,611234
2.02307E+11,75690,1692094419,536907,612597
2.02307E+11,75086,1692094420,536801,611887
2.02307E+11,75402,1692094421,537507,612909
2.02307E+11,74168,1692094422,537210,611378
2.02307E+11,75220,1692094423,536427,611647
2.02307E+11,75401,1692094424,536674,612075
2.02307E+11,75000,1692094425,536516,611516
2.02307E+11,74580,1692094426,536316,610896
2.02307E+11,75428,1692094427,535953,611381
2.02307E+11,75621,1692094428,536462,612083
2.02307E+11,74994,1692094429,535936,610930
2.02307E+11,74582,1692094430,535714,610296
2.02307E+11,75617,1692094431,536005,611622
2.02307E+11,75414,1692094432,535807,611221
2.02307E+11,75858,1692094433,536331,612189
2.02307E+11,75419,1692094434,535842,611261
2.02307E+11,75532,1692094435,536527,612059
2.02307E+11,76072,1692094436,537395,613467
2.02307E+11,75319,1692094437,536813,612132
2.02307E+11,75480,1692094438,536638,612118
2.02307E+11,75716,1692094439,536293,612009
2.02307E+11,75402,1692094440,535399,610801
2.02307E+11,75967,1692094441,536434,612401
2.02307E+11,74900,1692094442,536432,611332
2.02307E+11,75278,1692094443,535673,610951
2.02307E+11,75361,1692094444,536158,611519
2.02307E+11,74646,1692094445,535051,609697
2.02307E+11,74740,1692094446,535938,610678
2.02307E+11,75082,1692094447,536040,611122
2.02307E+11,75134,1692094448,536011,611145
2.02307E+11,74993,1692094449,535561,610554
2.02307E+11,74557,1692094450,537081,611638
2.02307E+11,74897,1692094451,536782,611679
2.02307E+11,75062,1692094452,536207,611269
2.02307E+11,74747,1692094453,536558,611305
2.02307E+11,74949,1692094454,535306,610255
2.02307E+11,74992,1692094455,536020,611012
2.02307E+11,74918,1692094456,535672,610590
2.02307E+11,75191,1692094457,536707,611898
2.02307E+11,75029,1692094458,536867,611896
2.02307E+11,75686,1692094459,536350,612036
2.02307E+11,75133,1692094460,536645,611778
2.02307E+11,75057,1692094461,535664,610721
2.02307E+11,74675,1692094462,535818,610493
2.02307E+11,75353,1692094463,535086,610439
2.02307E+11,75165,1692094464,535009,610174
2.02307E+11,74971,1692094465,535728,610699
2.02307E+11,75293,1692094466,535243,610536
2.02307E+11,75278,1692094467,534585,609863
2.02307E+11,74705,1692094468,534258,608963
2.02307E+11,74556,1692094469,534888,609444
2.02307E+11,75280,1692094470,534881,610161
2.02307E+11,75491,1692094471,534939,610430
2.02307E+11,74622,1692094472,534498,609120
2.02307E+11,74878,1692094473,536590,611468
2.02307E+11,76001,1692094474,536329,612330
2.02307E+11,75098,1692094475,536785,611883
2.02307E+11,75423,1692094476,536967,612390
2.02307E+11,74561,1692094477,536418,610979
2.02307E+11,75243,1692094478,536472,611715
2.02307E+11,74866,1692094479,536258,611124
2.02307E+11,74815,1692094480,535827,610642
2.02307E+11,74501,1692094481,535941,610442
2.02307E+11,75455,1692094482,534659,610114
2.02307E+11,75243,1692094483,534935,610178
2.02307E+11,74882,1692094484,535841,610723
2.02307E+11,74058,1692094485,535307,609365
2.02307E+11,75322,1692094486,535906,611228
2.02307E+11,75358,1692094487,535709,611067
2.02307E+11,74865,1692094488,535720,610585
2.02307E+11,75611,1692094489,535853,611464
2.02307E+11,75359,1692094490,536363,611722
2.02307E+11,75499,1692094491,536222,611721
2.02307E+11,75174,1692094492,536961,612135
2.02307E+11,75395,1692094493,536935,612330
2.02307E+11,76033,1692094494,536674,612707
2.02307E+11,76080,1692094495,536313,612393
2.02307E+11,75593,1692094496,537069,612662
2.02307E+11,75651,1692094497,536295,611946
2.02307E+11,75398,1692094498,537590,612988
2.02307E+11,75329,1692094499,536974,612303
2.02307E+11,74464,1692094500,536576,611040
2.02307E+11,75001,1692094501,537149,612150
2.02307E+11,75267,1692094502,537609,612876
2.02307E+11,75178,1692094503,537696,612874
2.02307E+11,74827,1692094504,536658,611485
2.02307E+11,75051,1692094505,536796,611847
2.02307E+11,75288,1692094506,535139,610427
2.02307E+11,75663,1692094507,535242,610905
2.02307E+11,75487,1692094508,534069,609556
2.02307E+11,75662,1692094509,533779,609441
2.02307E+11,76239,1692094510,533748,609987
2.02307E+11,75494,1692094511,534396,609890
2.02307E+11,75293,1692094512,534387,609680
2.02307E+11,75017,1692094513,535144,610161
2.02307E+11,75155,1692094514,534758,609913
2.02307E+11,75916,1692094515,534529,610445
2.02307E+11,75257,1692094516,534584,609841
2.02307E+11,74388,1692094517,535061,609449
2.02307E+11,75299,1692094518,536133,611432
2.02307E+11,75353,1692094519,535885,611238
2.02307E+11,74540,1692094520,536166,610706
2.02307E+11,74907,1692094521,536182,611089
2.02307E+11,75211,1692094522,535818,611029
2.02307E+11,74725,1692094523,534762,609487
2.02307E+11,74082,1692094523,535143,609225
2.02307E+11,74357,1692094525,535819,610176
2.02307E+11,75435,1692094526,535947,611382
2.02307E+11,74963,1692094527,534962,609925
2.02307E+11,74723,1692094528,535286,610009
2.02307E+11,74719,1692094529,535684,610403
2.02307E+11,75911,1692094530,536029,611940
2.02307E+11,75193,1692094531,536188,611381
2.02307E+11,74834,1692094532,535398,610232
2.02307E+11,75191,1692094533,536172,611363
2.02307E+11,74586,1692094534,535297,609883
2.02307E+11,74936,1692094535,535946,610882
2.02307E+11,75168,1692094536,535953,611121
2.02307E+11,75296,1692094537,535778,611074
2.02307E+11,75457,1692094538,535944,611401
2.02307E+11,74686,1692094539,535849,610535
2.02307E+11,74807,1692094540,535502,610309
2.02307E+11,75508,1692094541,536015,611523
2.02307E+11,76168,1692094542,536506,612674
2.02307E+11,75268,1692094543,536175,611443
2.02307E+11,74676,1692094544,534928,609604
2.02307E+11,75673,1692094545,535912,611585
2.02307E+11,75848,1692094546,535709,611557
2.02307E+11,75429,1692094547,535194,610623
2.02307E+11,75084,1692094548,535631,610715
2.02307E+11,75401,1692094549,535127,610528
2.02307E+11,75546,1692094550,535486,611032
2.02307E+11,74826,1692094551,535261,610087
2.02307E+11,75158,1692094552,535235,610393
2.02307E+11,75527,1692094553,534866,610393
2.02307E+11,75417,1692094554,533895,609312
2.02307E+11,75596,1692094555,534632,610228
2.02307E+11,75000,1692094556,535027,610027
2.02307E+11,74971,1692094557,534649,609620
2.02307E+11,75630,1692094558,534605,610235
2.02307E+11,74956,1692094559,534753,609709
2.02307E+11,75185,1692094560,534862,610047
2.02307E+11,75612,1692094561,533993,609605
2.02307E+11,75139,1692094562,1577086,1652225
2.02307E+11,75286,1692094563,1579843,1655129
2.02307E+11,73992,1692094564,1578686,1652678
2.02307E+11,74672,1692094565,534163,608835
2.02307E+11,74320,1692094566,872492,946812
2.02307E+11,74909,1692094567,873156,948065
2.02307E+11,74727,1692094568,872631,947358
2.02307E+11,76000,1692094569,872453,948453
2.02307E+11,75502,1692094570,873218,948720
2.02307E+11,74849,1692094571,873560,948409
2.02307E+11,74807,1692094572,872931,947738
2.02307E+11,74856,1692094573,872926,947782
2.02307E+11,74464,1692094574,873185,947649
2.02307E+11,74798,1692094575,873744,948542
2.02307E+11,75210,1692094576,873661,948871
2.02307E+11,75602,1692094577,873463,949065
2.02307E+11,74792,1692094578,873289,948081
2.02307E+11,74431,1692094579,872996,947427
2.02307E+11,75056,1692094580,872813,947869
2.02307E+11,75044,1692094581,873277,948321
2.02307E+11,74998,1692094582,873700,948698
2.02307E+11,74913,1692094583,873656,948569
2.02307E+11,75098,1692094584,873806,948904
2.02307E+11,75870,1692094585,873573,949443
2.02307E+11,75183,1692094586,872645,947828
2.02307E+11,75198,1692094587,872429,947627
2.02307E+11,75740,1692094588,873224,948964
2.02307E+11,75937,1692094589,873010,948947
2.02307E+11,75893,1692094590,872209,948102
2.02307E+11,74788,1692094591,873041,947829
2.02307E+11,75517,1692094592,873321,948838
2.02307E+11,75535,1692094593,872802,948337
2.02307E+11,75687,1692094594,873413,949100
2.02307E+11,75059,1692094595,874054,949113
2.02307E+11,75293,1692094596,873234,948527
2.02307E+11,74914,1692094597,872927,947841
2.02307E+11,74470,1692094598,871955,946425
2.02307E+11,74469,1692094599,871483,945952
2.02307E+11,75237,1692094600,870337,945574
2.02307E+11,75339,1692094601,870439,945778
2.02307E+11,74903,1692094602,872129,947032
2.02307E+11,74552,1692094603,872339,946891
2.02307E+11,75057,1692094604,872958,948015
2.02307E+11,74634,1692094605,873480,948114
2.02307E+11,74492,1692094606,874090,948582
2.02307E+11,74825,1692094607,876431,951256
2.02307E+11,75067,1692094608,876504,951571
2.02307E+11,74128,1692094609,875560,949688
2.02307E+11,74436,1692094610,874791,949227
2.02307E+11,74976,1692094611,874872,949848
2.02307E+11,75143,1692094612,875717,950860
2.02307E+11,74926,1692094613,874556,949482
2.02307E+11,74276,1692094614,874694,948970
2.02307E+11,75243,1692094615,875062,950305
2.02307E+11,75056,1692094616,875050,950106
2.02307E+11,74836,1692094617,875240,950076
2.02307E+11,74546,1692094618,874903,949449
2.02307E+11,75888,1692094619,875946,951834
2.02307E+11,75807,1692094620,875447,951254
2.02307E+11,75632,1692094621,875533,951165
2.02307E+11,75746,1692094622,874991,950737
2.02307E+11,76080,1692094623,876099,952179
2.02307E+11,75977,1692094624,876203,952180
2.02307E+11,75655,1692094625,876790,952445
2.02307E+11,75134,1692094626,876611,951745
2.02307E+11,75974,1692094627,876804,952778
2.02307E+11,75806,1692094628,876785,952591
2.02307E+11,75624,1692094629,875613,951237
2.02307E+11,75720,1692094631,872768,948488
2.02307E+11,75769,1692094632,874289,950058
2.02307E+11,75667,1692094633,875534,951201
2.02307E+11,75426,1692094634,874782,950208
2.02307E+11,75930,1692094635,875049,950979
2.02307E+11,75284,1692094636,874862,950146
2.02307E+11,75150,1692094637,873571,948721
2.02307E+11,74666,1692094638,873786,948452
2.02307E+11,75047,1692094639,873542,948589
2.02307E+11,75076,1692094640,874318,949394
2.02307E+11,74473,1692094641,875027,949500
2.02307E+11,74581,1692094642,874413,948994
2.02307E+11,75198,1692094643,874289,949487
2.02307E+11,74954,1692094644,875023,949977
2.02307E+11,74357,1692094645,876253,950610
2.02307E+11,74345,1692094646,876642,950987
2.02307E+11,74691,1692094647,875938,950629
2.02307E+11,74732,1692094648,875790,950522
2.02307E+11,74397,1692094649,876742,951139
2.02307E+11,74998,1692094650,876160,951158
2.02307E+11,75182,1692094651,876715,951897
2.02307E+11,75681,1692094652,875915,951596
2.02307E+11,75263,1692094653,876623,951886
2.02307E+11,75498,1692094654,876473,951971
2.02307E+11,75617,1692094655,876172,951789
2.02307E+11,74829,1692094656,875458,950287
2.02307E+11,75397,1692094657,875907,951304
2.02307E+11,75233,1692094658,876305,951538
2.02307E+11,74912,1692094659,875534,950446
2.02307E+11,75290,1692094660,876221,951511
2.02307E+11,74557,1692094661,876435,950992
2.02307E+11,74814,1692094662,874548,949362
2.02307E+11,75277,1692094663,875119,950396
2.02307E+11,74828,1692094664,874791,949619
2.02307E+11,74764,1692094665,875343,950107
2.02307E+11,75113,1692094666,875560,950673
2.02307E+11,75591,1692094667,875504,951095
2.02307E+11,75441,1692094668,876634,952075
2.02307E+11,74823,1692094669,875182,950005
2.02307E+11,75466,1692094670,875048,950514
2.02307E+11,75510,1692094671,875853,951363
2.02307E+11,75343,1692094672,874740,950083
2.02307E+11,74799,1692094673,875169,949968
2.02307E+11,75665,1692094674,875162,950827
2.02307E+11,74424,1692094674,874769,949193
2.02307E+11,74944,1692094676,875546,950490
2.02307E+11,74941,1692094677,875720,950661
2.02307E+11,75500,1692094678,873943,949443
2.02307E+11,75672,1692094679,873943,949615
2.02307E+11,75695,1692094680,874115,949810
2.02307E+11,74903,1692094681,873638,948541
2.02307E+11,75207,1692094682,873309,948516
2.02307E+11,76278,1692094683,873727,950005
2.02307E+11,75968,1692094684,873870,949838
2.02307E+11,75006,1692094685,873726,948732
2.02307E+11,75278,1692094686,873713,948991
2.02307E+11,75257,1692094687,874340,949597
2.02307E+11,74862,1692094688,873953,948815
2.02307E+11,74840,1692094689,873781,948621
2.02307E+11,75155,1692094690,872638,947793
2.02307E+11,75286,1692094691,873956,949242
2.02307E+11,74855,1692094692,872824,947679
2.02307E+11,74653,1692094693,873590,948243
2.02307E+11,75038,1692094694,873437,948475
2.02307E+11,75392,1692094695,874292,949684
2.02307E+11,75114,1692094696,874269,949383
2.02307E+11,74701,1692094697,874959,949660
2.02307E+11,74980,1692094698,874339,949319
2.02307E+11,74610,1692094699,874355,948965
2.02307E+11,74817,1692094700,875446,950263
2.02307E+11,74593,1692094701,876152,950745
2.02307E+11,75472,1692094702,875970,951442
2.02307E+11,75035,1692094703,875990,951025
2.02307E+11,74963,1692094704,875875,950838
2.02307E+11,74526,1692094705,875586,950112
2.02307E+11,74752,1692094706,874298,949050
2.02307E+11,74932,1692094707,874012,948944
2.02307E+11,74516,1692094708,874100,948616
2.02307E+11,74800,1692094709,875327,950127
2.02307E+11,74873,1692094710,875434,950307
2.02307E+11,74619,1692094711,875186,949805
2.02307E+11,74744,1692094712,874453,949197
2.02307E+11,74964,1692094713,875186,950150
2.02307E+11,74491,1692094714,874605,949096
2.02307E+11,75565,1692094715,874123,949688
2.02307E+11,75242,1692094716,874713,949955
2.02307E+11,75718,1692094717,874734,950452
2.02307E+11,75960,1692094718,876237,952197
2.02307E+11,76186,1692094719,876502,952688
2.02307E+11,75957,1692094720,875205,951162
2.02307E+11,75379,1692094721,872036,947415
2.02307E+11,75471,1692094722,873792,949263
2.02307E+11,75246,1692094723,873627,948873
2.02307E+11,75251,1692094724,874123,949374
2.02307E+11,75630,1692094725,873794,949424
2.02307E+11,75605,1692094726,871345,946950
2.02307E+11,75800,1692094727,872374,948174
2.02307E+11,74600,1692094728,874017,948617
2.02307E+11,74815,1692094729,874586,949401
2.02307E+11,75106,1692094730,875268,950374
2.02307E+11,74757,1692094731,875120,949877
2.02307E+11,74518,1692094732,875301,949819
2.02307E+11,75166,1692094733,874298,949464
2.02307E+11,75599,1692094734,873884,949483
2.02307E+11,75029,1692094735,875412,950441
2.02307E+11,74682,1692094736,874821,949503
2.02307E+11,74711,1692094737,874714,949425
2.02307E+11,75188,1692094738,874632,949820
2.02307E+11,74475,1692094739,874452,948927
2.02307E+11,74075,1692094740,875268,949343
2.02307E+11,74484,1692094741,873887,948371
2.02307E+11,74725,1692094742,874753,949478
2.02307E+11,73842,1692094743,875222,949064
2.02307E+11,74155,1692094744,875598,949753
2.02307E+11,75246,1692094745,874042,949288
2.02307E+11,75418,1692094746,874517,949935
2.02307E+11,74734,1692094747,874723,949457
2.02307E+11,75031,1692094748,874407,949438
2.02307E+11,74783,1692094749,875161,949944
2.02307E+11,74527,1692094750,874641,949168
2.02307E+11,74999,1692094751,874346,949345
2.02307E+11,75222,1692094752,870757,945979
2.02307E+11,75657,1692094753,875400,951057
2.02307E+11,75517,1692094754,875376,950893
2.02307E+11,75085,1692094755,874980,950065
2.02307E+11,75987,1692094756,874505,950492
2.02307E+11,75584,1692094757,872978,948562
2.02307E+11,75012,1692094758,874639,949651
2.02307E+11,74932,1692094759,874454,949386
2.02307E+11,75574,1692094760,875508,951082
2.02307E+11,75186,1692094761,874915,950101
2.02307E+11,75634,1692094762,874218,949852
2.02307E+11,75460,1692094763,875313,950773
2.02307E+11,75312,1692094764,874544,949856
2.02307E+11,75965,1692094765,874382,950347
2.02307E+11,75904,1692094766,875959,951863
2.02307E+11,75574,1692094767,874133,949707
2.02307E+11,74891,1692094768,874872,949763
2.02307E+11,75601,1692094769,874247,949848
2.02307E+11,74797,1692094770,874218,949015
2.02307E+11,75253,1692094771,874467,949720
2.02307E+11,75303,1692094772,874077,949380
2.02307E+11,75400,1692094773,873815,949215
2.02307E+11,75417,1692094774,874518,949935
2.02307E+11,74885,1692094775,873420,948305
2.02307E+11,74974,1692094776,873926,948900
2.02307E+11,74635,1692094777,874890,949525
2.02307E+11,75152,1692094778,873835,948987
2.02307E+11,74398,1692094779,875363,949761
2.02307E+11,74977,1692094780,873967,948944
2.02307E+11,74897,1692094781,874630,949527
2.02307E+11,74676,1692094782,874796,949472
2.02307E+11,75167,1692094783,874380,949547
2.02307E+11,74958,1692094784,874745,949703
2.02307E+11,74824,1692094785,875419,950243
2.02307E+11,74744,1692094786,874109,948853
2.02307E+11,75004,1692094787,875402,950406
2.02307E+11,75129,1692094788,872305,947434
2.02307E+11,75026,1692094789,875086,950112
2.02307E+11,74846,1692094790,875382,950228
2.02307E+11,74516,1692094791,874864,949380
2.02307E+11,75528,1692094792,875017,950545
2.02307E+11,74924,1692094793,874576,949500
2.02307E+11,74621,1692094794,875139,949760
2.02307E+11,74882,1692094795,874188,949070
2.02307E+11,75016,1692094796,875173,950189
2.02307E+11,75635,1692094797,874964,950599
2.02307E+11,75367,1692094798,876395,951762
2.02307E+11,75707,1692094799,875853,951560
2.02307E+11,75777,1692094800,874583,950360
2.02307E+11,76514,1692094801,876797,953311
2.02307E+11,75013,1692094802,875405,950418
2.02307E+11,75682,1692094803,875723,951405
2.02307E+11,75869,1692094804,875793,951662
2.02307E+11,75273,1692094805,876675,951948
2.02307E+11,74987,1692094806,877121,952108
2.02307E+11,75518,1692094807,876779,952297
2.02307E+11,75143,1692094808,875618,950761
2.02307E+11,74852,1692094809,875931,950783
2.02307E+11,75032,1692094810,876157,951189
2.02307E+11,75563,1692094811,874944,950507
2.02307E+11,74974,1692094812,874484,949458
2.02307E+11,74566,1692094813,875464,950030
2.02307E+11,74514,1692094814,874707,949221
2.02307E+11,75360,1692094815,874911,950271
2.02307E+11,75012,1692094816,874081,949093
2.02307E+11,74433,1692094817,874020,948453
2.02307E+11,74437,1692094818,874502,948939
2.02307E+11,75321,1692094819,875063,950384
2.02307E+11,75404,1692094820,875905,951309
2.02307E+11,74849,1692094821,876019,950868
2.02307E+11,74789,1692094822,875072,949861
2.02307E+11,75111,1692094823,875305,950416
2.02307E+11,75211,1692094824,875192,950403
2.02307E+11,74225,1692094824,876262,950487
2.02307E+11,74846,1692094826,875234,950080
2.02307E+11,75441,1692094827,875992,951433
2.02307E+11,74852,1692094828,875654,950506
2.02307E+11,74697,1692094829,875388,950085
2.02307E+11,75477,1692094830,875625,951102
2.02307E+11,75778,1692094831,875247,951025
2.02307E+11,75572,1692094832,874866,950438
2.02307E+11,75405,1692094833,874877,950282
2.02307E+11,75621,1692094834,874929,950550
2.02307E+11,76042,1692094835,874556,950598
2.02307E+11,75160,1692094836,874788,949948
2.02307E+11,74917,1692094837,875109,950026
2.02307E+11,75147,1692094838,874685,949832
2.02307E+11,75774,1692094839,874027,949801
2.02307E+11,75286,1692094840,875288,950574
2.02307E+11,74914,1692094841,875592,950506
2.02307E+11,75439,1692094842,875349,950788
2.02307E+11,75082,1692094843,876112,951194
2.02307E+11,75553,1692094844,875750,951303
2.02307E+11,74651,1692094845,874701,949352
2.02307E+11,75309,1692094846,875602,950911
2.02307E+11,74800,1692094847,875021,949821
2.02307E+11,74870,1692094848,875713,950583
2.02307E+11,74586,1692094849,875926,950512
2.02307E+11,75284,1692094850,875527,950811
2.02307E+11,75584,1692094851,875435,951019
2.02307E+11,74723,1692094852,875568,950291
2.02307E+11,74594,1692094853,875282,949876
2.02307E+11,75139,1692094854,874149,949288
2.02307E+11,75301,1692094855,874809,950110
2.02307E+11,74195,1692094856,874810,949005
2.02307E+11,74554,1692094857,875489,950043
2.02307E+11,74843,1692094858,875774,950617
2.02307E+11,74311,1692094859,875709,950020
2.02307E+11,74316,1692094860,874641,948957
2.02307E+11,75400,1692094861,875132,950532
2.02307E+11,74930,1692094862,874709,949639
2.02307E+11,74739,1692094863,874760,949499
2.02307E+11,74176,1692094864,875019,949195
2.02307E+11,75107,1692094865,875416,950523
2.02307E+11,75274,1692094866,874252,949526
2.02307E+11,75570,1692094867,874211,949781
2.02307E+11,74670,1692094868,874835,949505
2.02307E+11,76292,1692094869,875296,951588
2.02307E+11,75703,1692094870,875102,950805
2.02307E+11,75609,1692094871,875340,950949
2.02307E+11,75241,1692094872,874419,949660
2.02307E+11,75382,1692094873,875242,950624
2.02307E+11,75905,1692094874,874935,950840
2.02307E+11,75459,1692094875,875154,950613
2.02307E+11,75337,1692094876,875395,950732
2.02307E+11,74932,1692094877,874873,949805
2.02307E+11,75179,1692094878,876013,951192
2.02307E+11,74833,1692094879,875757,950590
2.02307E+11,74968,1692094880,875002,949970
2.02307E+11,75158,1692094881,875950,951108
2.02307E+11,75365,1692094882,874459,949824
2.02307E+11,74625,1692094883,874779,949404
2.02307E+11,74302,1692094884,874865,949167
2.02307E+11,74771,1692094885,875755,950526
2.02307E+11,74601,1692094886,875117,949718
2.02307E+11,74350,1692094887,874826,949176
2.02307E+11,74735,1692094888,874770,949505
2.02307E+11,75227,1692094889,874285,949512
2.02307E+11,74654,1692094890,874865,949519
2.02307E+11,74246,1692094891,875259,949505
2.02307E+11,74642,1692094892,875094,949736
2.02307E+11,74618,1692094893,876406,951024
2.02307E+11,74575,1692094894,874792,949367
2.02307E+11,73722,1692094895,875165,948887
2.02307E+11,74735,1692094896,874147,948882
2.02307E+11,74128,1692094897,874619,948747
2.02307E+11,74678,1692094898,874104,948782
2.02307E+11,74746,1692094899,874616,949362
2.02307E+11,75848,1692094900,874746,950594
2.02307E+11,75041,1692094901,874190,949231
2.02307E+11,75195,1692094902,874202,949397
2.02307E+11,75080,1692094903,873280,948360
2.02307E+11,75211,1692094904,873627,948838
2.02307E+11,75295,1692094905,873683,948978
2.02307E+11,75174,1692094906,874072,949246
2.02307E+11,75755,1692094907,873986,949741
2.02307E+11,76680,1692094908,873755,950435
2.02307E+11,75537,1692094909,874248,949785
2.02307E+11,75415,1692094910,875042,950457
2.02307E+11,75373,1692094911,875235,950608
2.02307E+11,76046,1692094912,873978,950024
2.02307E+11,75376,1692094913,874890,950266
2.02307E+11,75342,1692094914,874396,949738
2.02307E+11,75080,1692094915,874516,949596
2.02307E+11,75061,1692094916,875213,950274
2.02307E+11,75746,1692094917,874392,950138
2.02307E+11,74494,1692094918,874161,948655
2.02307E+11,75363,1692094919,874106,949469
2.02307E+11,74976,1692094920,874141,949117
2.02307E+11,75000,1692094921,873960,948960
2.02307E+11,73906,1692094922,874185,948091
2.02307E+11,75140,1692094923,872420,947560
2.02307E+11,75481,1692094924,874037,949518
2.02307E+11,74509,1692094925,874215,948724
2.02307E+11,75122,1692094926,874567,949689
2.02307E+11,75666,1692094927,874477,950143
2.02307E+11,75043,1692094928,875148,950191
2.02307E+11,74574,1692094929,875529,950103
2.02307E+11,74430,1692094930,876431,950861
2.02307E+11,75092,1692094931,876143,951235
2.02307E+11,74485,1692094932,874575,949060
2.02307E+11,74977,1692094933,874886,949863
2.02307E+11,74852,1692094934,875159,950011
2.02307E+11,75226,1692094935,875102,950328
2.02307E+11,74917,1692094936,875428,950345
2.02307E+11,74024,1692094937,874196,948220
2.02307E+11,74547,1692094938,874349,948896
2.02307E+11,75468,1692094939,874955,950423
2.02307E+11,74717,1692094940,874299,949016
2.02307E+11,74472,1692094941,874685,949157
2.02307E+11,74201,1692094942,875231,949432
2.02307E+11,74851,1692094943,874846,949697
2.02307E+11,74370,1692094944,875633,950003
2.02307E+11,74504,1692094945,874580,949084
2.02307E+11,75058,1692094946,874796,949854
2.02307E+11,74700,1692094947,874652,949352
2.02307E+11,74514,1692094948,874999,949513
2.02307E+11,74391,1692094949,874580,948971
2.02307E+11,75266,1692094950,874788,950054
2.02307E+11,75345,1692094951,875019,950364
2.02307E+11,75398,1692094952,874555,949953
2.02307E+11,75898,1692094953,875395,951293
2.02307E+11,74973,1692094954,874222,949195
2.02307E+11,75109,1692094955,873301,948410
2.02307E+11,75707,1692094956,873182,948889
2.02307E+11,75317,1692094957,871361,946678
2.02307E+11,75652,1692094958,873009,948661
2.02307E+11,75887,1692094959,872384,948271
2.02307E+11,75945,1692094960,873052,948997
2.02307E+11,75094,1692094961,873996,949090
2.02307E+11,75879,1692094962,875397,951276
2.02307E+11,75413,1692094963,875607,951020
2.02307E+11,75477,1692094964,876101,951578
2.02307E+11,74704,1692094965,875232,949936
2.02307E+11,75033,1692094966,874309,949342
2.02307E+11,75266,1692094967,875433,950699
2.02307E+11,75196,1692094968,875789,950985
2.02307E+11,75323,1692094969,875947,951270
2.02307E+11,75564,1692094970,874797,950361
2.02307E+11,75587,1692094971,874950,950537
2.02307E+11,74701,1692094972,875109,949810
2.02307E+11,74630,1692094973,875136,949766
2.02307E+11,75773,1692094974,875662,951435
2.02307E+11,75093,1692094975,875920,951013
2.02307E+11,74848,1692094975,875913,950761
2.02307E+11,74440,1692094977,876316,950756
2.02307E+11,74670,1692094978,876884,951554
2.02307E+11,74686,1692094979,875396,950082
2.02307E+11,74498,1692094980,875668,950166
2.02307E+11,75221,1692094981,876542,951763
2.02307E+11,75089,1692094982,876046,951135
2.02307E+11,75311,1692094983,877149,952460
2.02307E+11,74485,1692094984,876556,951041
2.02307E+11,74804,1692094985,876360,951164
2.02307E+11,74753,1692094986,876257,951010
2.02307E+11,75506,1692094987,877207,952713
2.02307E+11,74309,1692094988,876835,951144
2.02307E+11,74528,1692094989,873928,948456
2.02307E+11,74543,1692094990,876683,951226
2.02307E+11,75002,1692094991,876491,951493
2.02307E+11,74417,1692094992,876946,951363
2.02307E+11,75192,1692094993,877206,952398
2.02307E+11,74551,1692094994,876525,951076
2.02307E+11,74279,1692094995,877745,952024
2.02307E+11,75061,1692094996,876405,951466
2.02307E+11,75111,1692094997,876481,951592
2.02307E+11,75101,1692094998,876107,951208
2.02307E+11,75203,1692094999,876189,951392
2.02307E+11,75428,1692095000,876360,951788
2.02307E+11,75371,1692095001,875940,951311
2.02307E+11,74683,1692095002,876198,950881
2.02307E+11,74930,1692095003,875768,950698
2.02307E+11,74339,1692095004,876183,950522
2.02307E+11,75302,1692095005,876242,951544
2.02307E+11,75197,1692095006,875383,950580
2.02307E+11,75159,1692095007,875909,951068
2.02307E+11,75642,1692095008,875720,951362
2.02307E+11,75838,1692095009,874722,950560
2.02307E+11,76017,1692095010,875243,951260
2.02307E+11,74893,1692095011,876416,951309
2.02307E+11,75984,1692095012,875365,951349
2.02307E+11,75125,1692095013,875995,951120
2.02307E+11,75454,1692095014,875191,950645
2.02307E+11,75335,1692095015,875465,950800
2.02307E+11,75761,1692095016,875430,951191
2.02307E+11,75559,1692095017,875548,951107
2.02307E+11,75236,1692095018,876126,951362
2.02307E+11,75330,1692095019,875969,951299
2.02307E+11,75193,1692095020,875327,950520
2.02307E+11,75573,1692095021,876339,951912
2.02307E+11,74855,1692095022,875060,949915
2.02307E+11,74095,1692095023,874682,948777
2.02307E+11,75265,1692095024,875097,950362
2.02307E+11,75034,1692095025,875095,950129
2.02307E+11,74832,1692095026,875694,950526
2.02307E+11,74399,1692095027,876210,950609
2.02307E+11,75436,1692095028,876912,952348
2.02307E+11,74893,1692095029,877244,952137
2.02307E+11,74069,1692095030,876007,950076
2.02307E+11,74863,1692095031,875841,950704
2.02307E+11,74994,1692095032,876039,951033
2.02307E+11,74269,1692095033,872596,946865
2.02307E+11,74084,1692095034,875473,949557
2.02307E+11,74529,1692095035,874549,949078
2.02307E+11,74563,1692095036,875260,949823
2.02307E+11,74274,1692095037,873669,947943
2.02307E+11,74199,1692095038,875925,950124
2.02307E+11,74864,1692095039,874449,949313
2.02307E+11,73951,1692095040,875776,949727
2.02307E+11,74428,1692095041,876658,951086
2.02307E+11,74325,1692095042,875874,950199
2.02307E+11,74881,1692095043,876225,951106
2.02307E+11,74756,1692095044,876817,951573
2.02307E+11,74652,1692095045,877079,951731
2.02307E+11,74831,1692095046,875455,950286
2.02307E+11,75145,1692095047,876408,951553
2.02307E+11,74849,1692095048,876191,951040
2.02307E+11,74974,1692095049,875313,950287
2.02307E+11,75010,1692095050,874582,949592
2.02307E+11,75014,1692095051,875074,950088
2.02307E+11,75586,1692095052,875306,950892
2.02307E+11,75353,1692095053,875242,950595
2.02307E+11,75253,1692095054,874815,950068
2.02307E+11,75429,1692095055,874591,950020
2.02307E+11,75205,1692095056,874548,949753
2.02307E+11,74811,1692095057,875129,949940
2.02307E+11,74947,1692095058,876035,950982
2.02307E+11,75153,1692095059,875761,950914
2.02307E+11,75140,1692095060,875842,950982
2.02307E+11,74885,1692095061,875819,950704
2.02307E+11,74933,1692095062,875857,950790
2.02307E+11,75107,1692095063,875353,950460
2.02307E+11,75158,1692095064,875484,950642
2.02307E+11,74755,1692095065,875103,949858
2.02307E+11,75046,1692095066,874941,949987
2.02307E+11,75267,1692095067,874455,949722
2.02307E+11,74918,1692095068,873334,948252
2.02307E+11,74647,1692095069,874277,948924
2.02307E+11,74939,1692095070,874357,949296
2.02307E+11,74831,1692095071,875418,950249
2.02307E+11,74708,1692095072,876756,951464
2.02307E+11,73974,1692095073,874817,948791
2.02307E+11,75132,1692095074,876170,951302
2.02307E+11,75220,1692095075,874875,950095
2.02307E+11,74394,1692095076,876260,950654
2.02307E+11,74365,1692095077,876334,950699
2.02307E+11,74225,1692095078,875734,949959
2.02307E+11,74858,1692095079,875587,950445
2.02307E+11,74133,1692095080,874573,948706
2.02307E+11,74438,1692095081,875474,949912
2.02307E+11,74978,1692095082,875337,950315
2.02307E+11,74977,1692095083,876215,951192
2.02307E+11,75125,1692095084,875891,951016
2.02307E+11,75332,1692095085,875931,951263
2.02307E+11,74880,1692095086,875192,950072
2.02307E+11,74677,1692095087,874216,948893
2.02307E+11,74704,1692095088,874710,949414
2.02307E+11,75380,1692095089,873470,948850
2.02307E+11,75103,1692095090,873817,948920
2.02307E+11,75078,1692095091,873468,948546
2.02307E+11,74956,1692095092,874004,948960
2.02307E+11,74948,1692095093,874185,949133
2.02307E+11,75441,1692095094,874962,950403
2.02307E+11,74472,1692095095,875391,949863
2.02307E+11,74873,1692095096,875101,949974
2.02307E+11,74704,1692095097,875688,950392
2.02307E+11,74723,1692095098,875666,950389
2.02307E+11,74823,1692095099,876860,951683
2.02307E+11,75173,1692095100,1584363,1659536
2.02307E+11,75893,1692095101,1583012,1658905
2.02307E+11,74802,1692095102,1583713,1658515
2.02307E+11,74327,1692095103,1583406,1657733
2.02307E+11,74286,1692095104,1583177,1657463
2.02307E+11,74829,1692095105,1582262,1657091
2.02307E+11,74628,1692095106,1581867,1656495
2.02307E+11,74527,1692095107,1580231,1654758
2.02307E+11,74654,1692095108,1579783,1654437
2.02307E+11,74846,1692095109,1581880,1656726
2.02307E+11,74320,1692095110,1581330,1655650
2.02307E+11,74777,1692095111,1581880,1656657
2.02307E+11,75017,1692095112,1582443,1657460
2.02307E+11,74895,1692095113,1581656,1656551
2.02307E+11,74725,1692095114,1584098,1658823
2.02307E+11,74599,1692095115,1582575,1657174
2.02307E+11,74484,1692095116,1583580,1658064
2.02307E+11,74674,1692095117,1582645,1657319
2.02307E+11,74651,1692095118,1583561,1658212
2.02307E+11,74050,1692095119,1583559,1657609
2.02307E+11,74098,1692095120,1582363,1656461
2.02307E+11,74683,1692095121,1582383,1657066
2.02307E+11,74697,1692095122,1580680,1655377
2.02307E+11,74767,1692095123,1581935,1656702
2.02307E+11,75267,1692095124,1580977,1656244
2.02307E+11,75393,1692095125,1581404,1656797
2.02307E+11,75198,1692095125,1580607,1655805
2.02307E+11,74690,1692095127,1582934,1657624
2.02307E+11,75041,1692095128,1582397,1657438
2.02307E+11,75006,1692095129,1581123,1656129
2.02307E+11,75294,1692095130,1582772,1658066
2.02307E+11,74687,1692095131,1584042,1658729
2.02307E+11,75763,1692095132,1583915,1659678
2.02307E+11,75338,1692095133,1584641,1659979
2.02307E+11,75120,1692095134,1584544,1659664
2.02307E+11,74965,1692095135,1583928,1658893
2.02307E+11,75858,1692095136,1583679,1659537
2.02307E+11,75029,1692095137,1582873,1657902
2.02307E+11,75083,1692095138,1582086,1657169
2.02307E+11,74344,1692095139,1582109,1656453
2.02307E+11,75302,1692095140,1580344,1655646
2.02307E+11,74777,1692095141,1582302,1657079
2.02307E+11,74874,1692095142,1582315,1657189
2.02307E+11,74606,1692095143,1581355,1655961
2.02307E+11,75394,1692095144,1582690,1658084
2.02307E+11,74772,1692095145,1581958,1656730
2.02307E+11,74572,1692095146,1583409,1657981
2.02307E+11,74732,1692095147,1583459,1658191
2.02307E+11,74846,1692095148,1583500,1658346
2.02307E+11,74577,1692095149,1584332,1658909
2.02307E+11,74313,1692095150,1583253,1657566
2.02307E+11,75201,1692095151,1584508,1659709
2.02307E+11,75164,1692095152,1583108,1658272
2.02307E+11,75003,1692095153,1583238,1658241
2.02307E+11,74629,1692095154,1584148,1658777
2.02307E+11,74982,1692095155,1582328,1657310
2.02307E+11,75036,1692095156,1583913,1658949
2.02307E+11,75311,1692095157,1582632,1657943
2.02307E+11,74213,1692095158,1581812,1656025
2.02307E+11,74700,1692095159,1582629,1657329
2.02307E+11,75703,1692095160,1580768,1656471
2.02307E+11,74768,1692095161,1580999,1655767
2.02307E+11,73774,1692095162,1579669,1653443
2.02307E+11,73594,1692095163,1580684,1654278
2.02307E+11,73554,1692095164,1582188,1655742
2.02307E+11,73252,1692095165,1580927,1654179
2.02307E+11,73272,1692095166,1580373,1653645
2.02307E+11,74343,1692095167,1580141,1654484
2.02307E+11,74165,1692095168,1580796,1654961
2.02307E+11,74006,1692095169,1579935,1653941
2.02307E+11,74133,1692095170,1580262,1654395
2.02307E+11,73817,1692095171,873848,947665
2.02307E+11,74471,1692095172,874684,949155
2.02307E+11,74065,1692095173,874592,948657
2.02307E+11,73597,1692095174,876171,949768
2.02307E+11,73499,1692095175,876554,950053
2.02307E+11,73437,1692095176,876602,950039
2.02307E+11,73372,1692095177,875972,949344
2.02307E+11,73776,1692095178,875976,949752
2.02307E+11,73446,1692095179,875242,948688
2.02307E+11,74338,1692095180,875847,950185
2.02307E+11,74053,1692095181,875325,949378
2.02307E+11,74085,1692095182,876233,950318
2.02307E+11,74464,1692095183,876208,950672
2.02307E+11,73474,1692095184,875687,949161
2.02307E+11,73537,1692095185,876624,950161
2.02307E+11,74000,1692095186,876224,950224
2.02307E+11,73910,1692095187,876911,950821
2.02307E+11,73856,1692095188,876760,950616
2.02307E+11,74255,1692095189,876336,950591
2.02307E+11,73776,1692095190,875680,949456
2.02307E+11,73831,1692095191,876287,950118
2.02307E+11,73930,1692095192,876713,950643
2.02307E+11,73816,1692095193,877816,951632
2.02307E+11,73928,1692095194,876417,950345
2.02307E+11,73441,1692095195,876317,949758
2.02307E+11,73831,1692095196,876757,950588
2.02307E+11,73553,1692095197,877067,950620
2.02307E+11,73759,1692095198,874567,948326
2.02307E+11,74319,1692095199,874864,949183
2.02307E+11,74422,1692095200,874061,948483
2.02307E+11,74507,1692095201,874745,949252
2.02307E+11,74409,1692095202,874976,949385
2.02307E+11,74606,1692095203,875620,950226
2.02307E+11,74288,1692095204,875400,949688
2.02307E+11,74831,1692095205,876344,951175
2.02307E+11,73817,1692095206,876756,950573
2.02307E+11,73774,1692095207,877575,951349
2.02307E+11,74881,1692095208,876700,951581
2.02307E+11,74703,1692095209,877263,951966
2.02307E+11,74644,1692095210,876226,950870
2.02307E+11,74060,1692095211,876189,950249
2.02307E+11,73770,1692095212,875434,949204
2.02307E+11,74001,1692095213,875079,949080
2.02307E+11,73853,1692095214,875437,949290
2.02307E+11,73283,1692095215,875271,948554
2.02307E+11,73264,1692095216,875270,948534
2.02307E+11,74052,1692095217,875054,949106
2.02307E+11,74199,1692095218,874584,948783
2.02307E+11,73695,1692095219,874659,948354
2.02307E+11,73617,1692095220,875564,949181
2.02307E+11,73378,1692095221,876051,949429
2.02307E+11,73141,1692095222,876355,949496
2.02307E+11,73524,1692095223,876322,949846
2.02307E+11,73375,1692095224,876150,949525
2.02307E+11,72694,1692095225,876698,949392
2.02307E+11,73942,1692095226,875687,949629
2.02307E+11,73801,1692095227,874958,948759
2.02307E+11,73864,1692095228,873901,947765
2.02307E+11,73354,1692095229,873320,946674
2.02307E+11,73152,1692095230,873843,946995
2.02307E+11,74025,1692095231,875113,949138
2.02307E+11,73348,1692095232,874358,947706
2.02307E+11,73003,1692095233,875019,948022
2.02307E+11,73122,1692095234,875566,948688
2.02307E+11,73102,1692095235,876547,949649
2.02307E+11,73536,1692095236,875369,948905
2.02307E+11,74145,1692095237,874863,949008
2.02307E+11,73902,1692095238,875906,949808
2.02307E+11,73092,1692095239,876230,949322
2.02307E+11,74436,1692095240,876622,951058
2.02307E+11,74218,1692095242,875728,949946
2.02307E+11,74087,1692095243,875194,949281
2.02307E+11,74238,1692095244,876046,950284
2.02307E+11,74117,1692095245,875643,949760
2.02307E+11,74224,1692095246,876639,950863
2.02307E+11,73882,1692095247,876428,950310
2.02307E+11,73671,1692095248,877076,950747
2.02307E+11,74064,1692095249,875692,949756
2.02307E+11,74565,1692095250,875407,949972
2.02307E+11,73881,1692095252,874724,948605
2.02307E+11,73121,1692095253,875814,948935
2.02307E+11,73660,1692095254,875854,949514
2.02307E+11,73429,1692095255,877242,950671
2.02307E+11,73221,1692095256,877109,950330
2.02307E+11,73142,1692095257,876851,949993
2.02307E+11,74305,1692095258,872276,946581
2.02307E+11,74135,1692095259,875572,949707
2.02307E+11,74202,1692095260,875032,949234
2.02307E+11,73131,1692095261,874079,947210
2.02307E+11,73827,1692095262,874005,947832
2.02307E+11,74111,1692095263,872752,946863
2.02307E+11,74102,1692095264,873434,947536
2.02307E+11,74082,1692095265,873472,947554
2.02307E+11,73981,1692095266,874744,948725
2.02307E+11,73851,1692095267,875070,948921
2.02307E+11,74325,1692095268,876228,950553
2.02307E+11,73886,1692095269,876295,950181
2.02307E+11,74512,1692095270,876593,951105
2.02307E+11,74098,1692095271,875480,949578
2.02307E+11,74982,1692095272,875985,950967
2.02307E+11,74293,1692095273,876223,950516
2.02307E+11,74398,1692095274,875667,950065
2.02307E+11,74308,1692095275,876188,950496
2.02307E+11,73874,1692095276,875741,949615
2.02307E+11,74165,1692095276,876174,950339
2.02307E+11,73719,1692095278,876009,949728
2.02307E+11,74540,1692095279,876143,950683
2.02307E+11,73703,1692095280,876029,949732
2.02307E+11,73738,1692095281,876264,950002
2.02307E+11,73928,1692095282,876251,950179
2.02307E+11,73804,1692095283,876336,950140
2.02307E+11,73540,1692095284,876720,950260
2.02307E+11,73289,1692095285,878093,951382
2.02307E+11,73474,1692095286,878578,952052
2.02307E+11,74489,1692095287,877873,952362
2.02307E+11,73782,1692095288,877641,951423
2.02307E+11,73924,1692095289,876538,950462
2.02307E+11,73326,1692095290,876918,950244
2.02307E+11,73311,1692095291,875306,948617
2.02307E+11,73660,1692095292,875573,949233
2.02307E+11,72968,1692095293,876605,949573
2.02307E+11,73579,1692095294,876577,950156
2.02307E+11,73605,1692095295,877710,951315
2.02307E+11,73647,1692095296,877026,950673
2.02307E+11,73514,1692095297,878645,952159
2.02307E+11,73503,1692095298,878884,952387
2.02307E+11,73006,1692095299,878954,951960
2.02307E+11,73357,1692095300,879160,952517
2.02307E+11,73317,1692095301,877909,951226
2.02307E+11,73023,1692095302,878819,951842
2.02307E+11,73099,1692095303,878776,951875
2.02307E+11,73442,1692095304,877856,951298
2.02307E+11,73871,1692095305,876254,950125
2.02307E+11,73481,1692095306,877363,950844
2.02307E+11,73879,1692095307,877925,951804
2.02307E+11,72885,1692095308,877743,950628
2.02307E+11,73293,1692095309,877792,951085
2.02307E+11,73840,1692095310,878422,952262
2.02307E+11,73792,1692095311,877956,951748
2.02307E+11,73878,1692095312,878079,951957
2.02307E+11,73691,1692095313,877624,951315
2.02307E+11,73575,1692095314,878110,951685
2.02307E+11,73814,1692095315,879140,952954
2.02307E+11,73595,1692095316,879193,952788
2.02307E+11,73990,1692095317,879157,953147
2.02307E+11,74079,1692095318,877652,951731
2.02307E+11,74039,1692095319,878009,952048
2.02307E+11,73756,1692095320,877805,951561
2.02307E+11,73641,1692095321,877813,951454
2.02307E+11,73449,1692095322,875625,949074
2.02307E+11,74318,1692095323,877270,951588
2.02307E+11,74234,1692095324,877701,951935
2.02307E+11,73644,1692095325,876746,950390
2.02307E+11,73819,1692095326,877484,951303
2.02307E+11,73265,1692095327,878281,951546
2.02307E+11,74005,1692095328,879395,953400
2.02307E+11,73999,1692095329,878876,952875
2.02307E+11,73596,1692095330,877660,951256
2.02307E+11,73838,1692095331,879176,953014
2.02307E+11,74756,1692095332,878445,953201
2.02307E+11,74587,1692095333,878041,952628
2.02307E+11,73795,1692095334,877838,951633
2.02307E+11,74043,1692095335,877624,951667
2.02307E+11,73204,1692095336,878242,951446
2.02307E+11,74468,1692095337,877524,951992
2.02307E+11,73789,1692095338,878205,951994
2.02307E+11,73814,1692095339,878858,952672
2.02307E+11,73738,1692095340,878373,952111
2.02307E+11,73729,1692095341,878580,952309
2.02307E+11,73777,1692095342,877096,950873
2.02307E+11,73862,1692095343,878961,952823
2.02307E+11,73468,1692095344,879673,953141
2.02307E+11,73220,1692095345,879728,952948
2.02307E+11,73927,1692095346,880248,954175
2.02307E+11,73809,1692095347,878457,952266
2.02307E+11,74146,1692095348,878514,952660
2.02307E+11,73678,1692095349,878298,951976
2.02307E+11,73833,1692095350,877824,951657
2.02307E+11,74168,1692095351,875986,950154
2.02307E+11,74259,1692095352,878293,952552
2.02307E+11,74797,1692095353,877349,952146
2.02307E+11,73697,1692095354,879523,953220
2.02307E+11,74167,1692095355,879266,953433
2.02307E+11,73251,1692095357,879509,952760
2.02307E+11,74313,1692095356,879892,954205
2.02307E+11,73367,1692095358,880219,953586
2.02307E+11,73546,1692095360,880261,953807
2.02307E+11,73443,1692095359,878913,952356
2.02307E+11,73633,1692095361,879523,953156
2.02307E+11,73746,1692095362,880274,954020
2.02307E+11,72639,1692095363,878810,951449
2.02307E+11,73074,1692095364,878613,951687
2.02307E+11,73560,1692095365,878428,951988
2.02307E+11,73587,1692095366,877773,951360
2.02307E+11,72698,1692095367,878613,951311
2.02307E+11,73816,1692095368,878325,952141
2.02307E+11,74042,1692095369,878532,952574
2.02307E+11,74134,1692095370,878394,952528
2.02307E+11,73242,1692095371,878780,952022
2.02307E+11,73011,1692095372,878897,951908
2.02307E+11,73541,1692095373,878792,952333
2.02307E+11,73417,1692095374,878916,952333
2.02307E+11,73641,1692095375,878879,952520
2.02307E+11,73388,1692095376,878569,951957
2.02307E+11,73742,1692095377,879576,953318
2.02307E+11,74028,1692095378,878911,952939
2.02307E+11,74000,1692095379,878906,952906
2.02307E+11,73425,1692095380,879141,952566
2.02307E+11,73365,1692095381,878155,951520
2.02307E+11,74085,1692095382,877932,952017
2.02307E+11,73566,1692095383,879014,952580
2.02307E+11,73694,1692095384,879274,952968
2.02307E+11,74086,1692095385,878996,953082
2.02307E+11,73999,1692095386,879303,953302
2.02307E+11,74695,1692095387,877417,952112
2.02307E+11,74514,1692095388,878172,952686
2.02307E+11,74218,1692095389,878892,953110
2.02307E+11,74385,1692095390,879709,954094
2.02307E+11,74353,1692095391,879773,954126
2.02307E+11,74224,1692095392,879255,953479
2.02307E+11,74022,1692095393,878438,952460
2.02307E+11,73596,1692095394,878151,951747
2.02307E+11,73569,1692095395,878203,951772
2.02307E+11,73739,1692095396,879358,953097
2.02307E+11,73820,1692095397,879521,953341
2.02307E+11,73466,1692095398,878417,951883
2.02307E+11,73467,1692095399,878897,952364
2.02307E+11,73772,1692095400,878410,952182
2.02307E+11,73568,1692095401,878214,951782
2.02307E+11,73808,1692095402,878853,952661
2.02307E+11,73287,1692095403,878474,951761
2.02307E+11,73813,1692095404,878249,952062
2.02307E+11,73940,1692095405,878716,952656
2.02307E+11,74254,1692095406,880046,954300
2.02307E+11,73426,1692095407,879869,953295
2.02307E+11,73860,1692095408,878978,952838
2.02307E+11,73683,1692095409,880012,953695
2.02307E+11,73716,1692095410,879595,953311
2.02307E+11,73240,1692095411,879698,952938
2.02307E+11,73937,1692095412,879523,953460
2.02307E+11,74411,1692095413,880351,954762
2.02307E+11,74350,1692095414,880074,954424
2.02307E+11,74351,1692095415,880274,954625
2.02307E+11,74341,1692095416,879735,954076
2.02307E+11,74178,1692095417,880421,954599
2.02307E+11,74427,1692095418,878521,952948
2.02307E+11,74712,1692095419,876246,950958
2.02307E+11,74043,1692095420,876559,950602
2.02307E+11,73798,1692095421,876643,950441
2.02307E+11,74248,1692095422,877711,951959
2.02307E+11,74707,1692095423,877981,952688
2.02307E+11,74252,1692095424,877681,951933
2.02307E+11,74554,1692095425,878098,952652
2.02307E+11,73862,1692095426,878750,952612
2.02307E+11,74055,1692095426,879375,953430
2.02307E+11,74177,1692095428,879084,953261
2.02307E+11,74016,1692095429,878239,952255
2.02307E+11,74341,1692095430,877215,951556
2.02307E+11,73682,1692095431,876520,950202
2.02307E+11,74419,1692095432,879057,953476
2.02307E+11,74831,1692095433,879940,954771
2.02307E+11,74742,1692095434,879100,953842
2.02307E+11,73530,1692095435,880472,954002
2.02307E+11,73743,1692095436,880826,954569
2.02307E+11,73533,1692095437,879911,953444
2.02307E+11,74369,1692095438,880052,954421
2.02307E+11,74394,1692095439,880129,954523
2.02307E+11,74326,1692095440,880480,954806
2.02307E+11,74132,1692095441,881143,955275
2.02307E+11,74388,1692095442,880955,955343
2.02307E+11,74851,1692095443,880599,955450
2.02307E+11,74393,1692095444,879899,954292
2.02307E+11,73618,1692095445,880564,954182
2.02307E+11,73494,1692095446,879634,953128
2.02307E+11,73733,1692095447,879287,953020
2.02307E+11,73850,1692095448,877918,951768
2.02307E+11,73590,1692095449,878363,951953
2.02307E+11,73233,1692095450,879257,952490
2.02307E+11,74116,1692095451,879448,953564
2.02307E+11,73723,1692095452,879672,953395
2.02307E+11,73420,1692095453,879606,953026
2.02307E+11,73751,1692095454,879968,953719
2.02307E+11,73901,1692095455,880249,954150
2.02307E+11,73472,1692095456,881016,954488
2.02307E+11,73887,1692095457,881678,955565
2.02307E+11,73822,1692095458,880874,954696
2.02307E+11,73715,1692095459,880461,954176
2.02307E+11,73683,1692095460,880430,954113
2.02307E+11,74057,1692095461,879839,953896
2.02307E+11,73879,1692095462,880008,953887
2.02307E+11,73586,1692095463,880222,953808
2.02307E+11,73666,1692095464,880121,953787
2.02307E+11,73385,1692095465,879054,952439
2.02307E+11,73812,1692095466,879252,953064
2.02307E+11,73350,1692095467,878930,952280
2.02307E+11,74007,1692095468,879157,953164
2.02307E+11,73355,1692095469,879315,952670
2.02307E+11,74103,1692095470,879938,954041
2.02307E+11,73592,1692095471,879599,953191
2.02307E+11,74018,1692095472,880002,954020
2.02307E+11,73714,1692095473,879999,953713
2.02307E+11,73280,1692095474,879837,953117
2.02307E+11,73870,1692095475,880133,954003
2.02307E+11,73471,1692095476,880880,954351
2.02307E+11,74098,1692095477,880677,954775
2.02307E+11,73998,1692095478,879710,953708
2.02307E+11,74071,1692095479,880860,954931
