ID,AcPower(电磁炉）,TimeT,AcPower(电吹风）,总
202305180003 ,0,1705542819,0,0
202305180003 ,0,1705542820,0,0
202305180003 ,0,1705542821,0,0
202305180003 ,0,1705542822,0,0
202305180003 ,0,1705542823,0,0
202305180003 ,0,1705542824,0,0
202305180003 ,0,1705542825,0,0
202305180003 ,0,1705542826,542094,542094
202305180003 ,0,1705542827,538211,538211
202305180003 ,0,1705542828,538596,538596
202305180003 ,6415,1705542829,538409,544824
202305180003 ,2146,1705542830,537895,540041
202305180003 ,2074,1705542831,537586,539660
202305180003 ,1602,1705542832,537894,539496
202305180003 ,2119,1705542833,537961,540080
202305180003 ,1858,1705542834,537527,539385
202305180003 ,2383,1705542835,537263,539646
202305180003 ,2331,1705542836,537408,539739
202305180003 ,1867,1705542837,538320,540187
202305180003 ,2380,1705542838,537050,539430
202305180003 ,2548,1705542839,536210,538758
202305180003 ,2161,1705542840,536640,538801
202305180003 ,2366,1705542841,537368,539734
202305180003 ,2613,1705542842,537965,540578
202305180003 ,2182,1705542843,537037,539219
202305180003 ,8023,1705542844,536828,544851
202305180003 ,582063,1705542844,537829,1119892
202305180003 ,802120,1705542846,537965,1340085
202305180003 ,1428474,1705542847,538403,1966877
202305180003 ,1827015,1705542848,538574,2365589
202305180003 ,1812359,1705542849,538310,2350669
202305180003 ,1875375,1705542850,538034,2413409
202305180003 ,1859496,1705542851,539176,2398672
202305180003 ,1915731,1705542852,537664,2453395
202305180003 ,1848562,1705542853,538338,2386900
202305180003 ,1857597,1705542854,537001,2394598
202305180003 ,1876722,1705542855,537485,2414207
202305180003 ,1859473,1705542856,537503,2396976
202305180003 ,1862082,1705542857,536731,2398813
202305180003 ,1852495,1705542858,536865,2389360
202305180003 ,1690742,1705542859,536785,2227527
202305180003 ,1678687,1705542860,537274,2215961
202305180003 ,1693303,1705542861,536416,2229719
202305180003 ,1709463,1705542862,535883,2245346
202305180003 ,1690285,1705542863,536030,2226315
202305180003 ,1668057,1705542864,536490,2204547
202305180003 ,1687709,1705542865,536883,2224592
202305180003 ,1706953,1705542866,536891,2243844
202305180003 ,1720438,1705542867,536340,2256778
202305180003 ,7165,1705542868,536200,543365
202305180003 ,7207,1705542869,536259,543466
202305180003 ,7201,1705542871,536591,543792
202305180003 ,6631,1705542872,536705,543336
202305180003 ,598247,1705542873,537295,1135542
202305180003 ,889986,1705542874,536997,1426983
202305180003 ,1547597,1705542875,537194,2084791
202305180003 ,1692389,1705542876,537029,2229418
202305180003 ,1696216,1705542877,536948,2233164
202305180003 ,1678888,1705542878,536114,2215002
202305180003 ,1694468,1705542879,537021,2231489
202305180003 ,1672767,1705542880,536106,2208873
202305180003 ,7166,1705542881,535766,542932
202305180003 ,7206,1705542882,535696,542902
202305180003 ,7657,1705542883,535450,543107
202305180003 ,7328,1705542884,536110,543438
202305180003 ,7638,1705542885,536403,544041
202305180003 ,7329,1705542886,536287,543616
202305180003 ,670004,1705542887,536907,1206911
202305180003 ,1237417,1705542888,536801,1774218
202305180003 ,1702173,1705542889,537507,2239680
202305180003 ,1680627,1705542890,537210,2217837
202305180003 ,1693644,1705542891,536427,2230071
202305180003 ,1709977,1705542892,536674,2246651
202305180003 ,1688285,1705542893,536516,2224801
202305180003 ,1669290,1705542894,536316,2205606
202305180003 ,7044,1705542895,535953,542997
202305180003 ,7213,1705542896,536462,543675
202305180003 ,7119,1705542897,535936,543055
202305180003 ,7578,1705542898,535714,543292
202305180003 ,7416,1705542899,536005,543421
202305180003 ,594732,1705542900,535807,1130539
202305180003 ,975203,1705542901,536331,1511534
202305180003 ,1629992,1705542902,535842,2165834
202305180003 ,1716985,1705542903,536527,2253512
202305180003 ,1696222,1705542904,537395,2233617
202305180003 ,1711964,1705542905,536813,2248777
202305180003 ,1686694,1705542906,536638,2223332
202305180003 ,1698778,1705542907,536293,2235071
202305180003 ,7235,1705542908,535399,542634
202305180003 ,7582,1705542909,536434,544016
202305180003 ,7095,1705542910,536432,543527
202305180003 ,7257,1705542911,535673,542930
202305180003 ,7138,1705542912,536158,543296
202305180003 ,7687,1705542913,535051,542738
202305180003 ,761651,1705542914,535938,1297589
202305180003 ,1369537,1705542915,536040,1905577
202305180003 ,1704321,1705542916,536011,2240332
202305180003 ,1717231,1705542917,535561,2252792
202305180003 ,1690542,1705542918,537081,2227623
202305180003 ,1694709,1705542919,536782,2231491
202305180003 ,1679914,1705542920,536207,2216121
202305180003 ,7205,1705542921,536558,543763
202305180003 ,7534,1705542922,535306,542840
202305180003 ,7229,1705542923,536020,543249
202305180003 ,7594,1705542924,535672,543266
202305180003 ,7230,1705542925,536707,543937
202305180003 ,7349,1705542926,536867,544216
202305180003 ,592284,1705542927,536350,1128634
202305180003 ,1117206,1705542928,536645,1653851
202305180003 ,1669337,1705542929,535664,2205001
202305180003 ,1679525,1705542930,535818,2215343
202305180003 ,1692118,1705542931,535086,2227204
202305180003 ,1685098,1705542932,535009,2220107
202305180003 ,1682167,1705542933,535728,2217895
202305180003 ,1690127,1705542934,535243,2225370
202305180003 ,7529,1705542935,534585,542114
202305180003 ,7298,1705542936,534258,541556
202305180003 ,7253,1705542937,534888,542141
202305180003 ,7606,1705542938,534881,542487
202305180003 ,7426,1705542939,534939,542365
202305180003 ,592177,1705542940,534498,1126675
202305180003 ,906315,1705542941,536590,1442905
202305180003 ,1571642,1705542942,536329,2107971
202305180003 ,1684960,1705542943,536785,2221745
202305180003 ,1689236,1705542944,536967,2226203
202305180003 ,1723597,1705542945,536418,2260015
202305180003 ,1677619,1705542946,536472,2214091
202305180003 ,1687238,1705542947,536258,2223496
202305180003 ,7250,1705542948,535827,543077
202305180003 ,7304,1705542949,535941,543245
202305180003 ,7520,1705542950,534659,542179
202305180003 ,7107,1705542951,534935,542042
202305180003 ,7804,1705542952,535841,543645
202305180003 ,7170,1705542953,535307,542477
202305180003 ,726756,1705542954,535906,1262662
202305180003 ,1319318,1705542955,535709,1855027
202305180003 ,1698395,1705542956,535720,2234115
202305180003 ,1676279,1705542957,535853,2212132
202305180003 ,1696294,1705542958,536363,2232657
202305180003 ,1692363,1705542959,536222,2228585
202305180003 ,1705325,1705542960,536961,2242286
202305180003 ,6719,1705542961,536935,543654
202305180003 ,6813,1705542962,536674,543487
202305180003 ,7309,1705542963,536313,543622
202305180003 ,7599,1705542964,537069,544668
202305180003 ,6749,1705542965,536295,543044
202305180003 ,6771,1705542966,537590,544361
202305180003 ,586786,1705542967,536974,1123760
202305180003 ,1099280,1705542968,536576,1635856
202305180003 ,1650967,1705542969,537149,2188116
202305180003 ,1716209,1705542970,537609,2253818
202305180003 ,1680595,1705542971,537696,2218291
202305180003 ,1701229,1705542972,536658,2237887
202305180003 ,1677502,1705542973,536796,2214298
202305180003 ,1690039,1705542974,535139,2225178
202305180003 ,7722,1705542975,535242,542964
202305180003 ,7665,1705542976,534069,541734
202305180003 ,7634,1705542977,533779,541413
202305180003 ,6740,1705542978,533748,540488
202305180003 ,7317,1705542979,534396,541713
202305180003 ,590614,1705542980,534387,1125001
202305180003 ,913143,1705542981,535144,1448287
202305180003 ,1579048,1705542982,534758,2113806
202305180003 ,1688453,1705542983,534529,2222982
202305180003 ,1676508,1705542984,534584,2211092
202305180003 ,1703333,1705542985,535061,2238394
202305180003 ,1680332,1705542986,536133,2216465
202305180003 ,1690743,1705542987,535885,2226628
202305180003 ,7865,1705542988,536166,544031
202305180003 ,7502,1705542989,536182,543684
202305180003 ,7422,1705542990,535818,543240
202305180003 ,7501,1705542991,534762,542263
202305180003 ,7557,1705542992,535143,542700
202305180003 ,7120,1705542993,535819,542939
202305180003 ,747260,1705542994,535947,1283207
202305180003 ,1346966,1705542995,534962,1881928
202305180003 ,1691399,1705542996,535286,2226685
202305180003 ,1679685,1705542997,535684,2215369
202305180003 ,1704806,1705542998,536029,2240835
202305180003 ,1684798,1705542999,536188,2220986
202305180003 ,1674710,1705543000,535398,2210108
202305180003 ,7612,1705543001,536172,543784
202305180003 ,7062,1705543002,535297,542359
202305180003 ,7476,1705543003,535946,543422
202305180003 ,7858,1705543004,535953,543811
202305180003 ,7527,1705543005,535778,543305
202305180003 ,7357,1705543006,535944,543301
202305180003 ,606345,1705543007,535849,1142194
202305180003 ,1139771,1705543008,535502,1675273
202305180003 ,1692745,1705543009,536015,2228760
202305180003 ,1716450,1705543010,536506,2252956
202305180003 ,1662821,1705543011,536175,2198996
202305180003 ,1723044,1705543012,534928,2257972
202305180003 ,1711300,1705543013,535912,2247212
202305180003 ,1658540,1705543014,535709,2194249
202305180003 ,7359,1705543015,535194,542553
202305180003 ,7014,1705543016,535631,542645
202305180003 ,7267,1705543017,535127,542394
202305180003 ,7388,1705543018,535486,542874
202305180003 ,7298,1705543019,535261,542559
202305180003 ,588345,1705543020,535235,1123580
202305180003 ,956631,1705543021,534866,1491497
202305180003 ,1614922,1705543022,533895,2148817
202305180003 ,1725132,1705543023,534632,2259764
202305180003 ,1661439,1705543024,535027,2196466
202305180003 ,1661923,1705543025,534649,2196572
202305180003 ,1674389,1705543026,534605,2208994
202305180003 ,1719150,1705543027,534753,2253903
202305180003 ,7095,1705543028,534862,541957
202305180003 ,7543,1705543029,533993,541536
202305180003 ,7717,1705543030,1577086,1584803
202305180003 ,7795,1705543031,1579843,1587638
202305180003 ,7972,1705543032,1578686,1586658
202305180003 ,591888,1705543033,534163,1126051
202305180003 ,795095,1705543034,872492,1667587
202305180003 ,1415527,1705543035,873156,2288683
202305180003 ,1661689,1705543036,872631,2534320
202305180003 ,1721797,1705543037,872453,2594250
202305180003 ,1699823,1705543038,873218,2573041
202305180003 ,1695307,1705543039,873560,2568867
202305180003 ,1686104,1705543040,872931,2559035
202305180003 ,7459,1705543041,872926,880385
202305180003 ,7080,1705543042,873185,880265
202305180003 ,7495,1705543043,873744,881239
202305180003 ,7397,1705543044,873661,881058
202305180003 ,6947,1705543045,873463,880410
202305180003 ,7389,1705543046,873289,880678
202305180003 ,650502,1705543047,872996,1523498
202305180003 ,1205441,1705543048,872813,2078254
202305180003 ,1713882,1705543049,873277,2587159
202305180003 ,1673030,1705543050,873700,2546730
202305180003 ,1681725,1705543051,873656,2555381
202305180003 ,1691851,1705543052,873806,2565657
202305180003 ,1703240,1705543053,873573,2576813
202305180003 ,1678474,1705543054,872645,2551119
202305180003 ,7356,1705543055,872429,879785
202305180003 ,7507,1705543056,873224,880731
202305180003 ,7157,1705543057,873010,880167
202305180003 ,7582,1705543058,872209,879791
202305180003 ,7445,1705543059,873041,880486
202305180003 ,584707,1705543060,873321,1458028
202305180003 ,1024859,1705543061,872802,1897661
202305180003 ,1655272,1705543062,873413,2528685
202305180003 ,1712185,1705543063,874054,2586239
202305180003 ,1701859,1705543064,873234,2575093
202305180003 ,1678302,1705543065,872927,2551229
202305180003 ,1669935,1705543066,871955,2541890
202305180003 ,1696232,1705543067,871483,2567715
202305180003 ,7348,1705543068,870337,877685
202305180003 ,7178,1705543069,870439,877617
202305180003 ,7270,1705543070,872129,879399
202305180003 ,7535,1705543071,872339,879874
202305180003 ,7056,1705543072,872958,880014
202305180003 ,587919,1705543073,873480,1461399
202305180003 ,855244,1705543074,874090,1729334
202305180003 ,1502322,1705543075,876431,2378753
202305180003 ,1678904,1705543076,876504,2555408
202305180003 ,1688994,1705543077,875560,2564554
202305180003 ,1664256,1705543078,874791,2539047
202305180003 ,1705723,1705543079,874872,2580595
202305180003 ,1680206,1705543080,875717,2555923
202305180003 ,7445,1705543081,874556,882001
202305180003 ,7271,1705543082,874694,881965
202305180003 ,7138,1705543084,875062,882200
202305180003 ,7096,1705543085,875050,882146
202305180003 ,7459,1705543086,875240,882699
202305180003 ,706405,1705543087,874903,1581308
202305180003 ,1290834,1705543088,875946,2166780
202305180003 ,1708082,1705543089,875447,2583529
202305180003 ,1689207,1705543090,875533,2564740
202305180003 ,1716734,1705543091,874991,2591725
202305180003 ,1732963,1705543092,876099,2609062
202305180003 ,8553,1705543094,876203,884756
202305180003 ,7511,1705543095,876790,884301
202305180003 ,7454,1705543096,876611,884065
202305180003 ,7368,1705543097,876804,884172
202305180003 ,7442,1705543098,876785,884227
202305180003 ,7357,1705543099,875613,882970
202305180003 ,584481,1705543100,872768,1457249
202305180003 ,1098552,1705543101,874289,1972841
202305180003 ,1698310,1705543102,875534,2573844
202305180003 ,1667999,1705543103,874782,2542781
202305180003 ,1714030,1705543104,875049,2589079
202305180003 ,1686827,1705543105,874862,2561689
202305180003 ,1694429,1705543106,873571,2568000
202305180003 ,1694741,1705543107,873786,2568527
202305180003 ,7720,1705543108,873542,881262
202305180003 ,7052,1705543109,874318,881370
202305180003 ,7484,1705543110,875027,882511
202305180003 ,6996,1705543111,874413,881409
202305180003 ,7741,1705543112,874289,882030
202305180003 ,584139,1705543113,875023,1459162
202305180003 ,922801,1705543114,876253,1799054
202305180003 ,1599436,1705543115,876642,2476078
202305180003 ,1687198,1705543116,875938,2563136
202305180003 ,1731438,1705543117,875790,2607228
202305180003 ,1707343,1705543118,876742,2584085
202305180003 ,1678810,1705543119,876160,2554970
202305180003 ,1742700,1705543120,876715,2619415
202305180003 ,6992,1705543121,875915,882907
202305180003 ,7382,1705543122,876623,884005
202305180003 ,7198,1705543123,876473,883671
202305180003 ,7296,1705543124,876172,883468
202305180003 ,7379,1705543125,875458,882837
202305180003 ,7487,1705543126,875907,883394
202305180003 ,766808,1705543127,876305,1643113
202305180003 ,1376850,1705543128,875534,2252384
202305180003 ,1703375,1705543129,876221,2579596
202305180003 ,1718661,1705543130,876435,2595096
202305180003 ,1705942,1705543131,874548,2580490
202305180003 ,1735369,1705543132,875119,2610488
202305180003 ,1683189,1705543133,874791,2557980
202305180003 ,7565,1705543134,875343,882908
202305180003 ,7050,1705543135,875560,882610
202305180003 ,7537,1705543136,875504,883041
202305180003 ,7418,1705543137,876634,884052
202305180003 ,7225,1705543138,875182,882407
202305180003 ,7349,1705543139,875048,882397
202305180003 ,630484,1705543140,875853,1506337
202305180003 ,1175440,1705543141,874740,2050180
202305180003 ,1718807,1705543142,875169,2593976
202305180003 ,1668888,1705543143,875162,2544050
202305180003 ,1686317,1705543144,874769,2561086
202305180003 ,1691896,1705543144,875546,2567442
202305180003 ,1707397,1705543146,875720,2583117
202305180003 ,1644516,1705543147,873943,2518459
202305180003 ,6711,1705543148,873943,880654
202305180003 ,6783,1705543149,874115,880898
202305180003 ,6954,1705543150,873638,880592
202305180003 ,7196,1705543151,873309,880505
202305180003 ,6777,1705543152,873727,880504
202305180003 ,582153,1705543153,873870,1456023
202305180003 ,977790,1705543154,873726,1851516
202305180003 ,1641712,1705543155,873713,2515425
202305180003 ,1693238,1705543156,874340,2567578
202305180003 ,1719077,1705543157,873953,2593030
202305180003 ,1696607,1705543158,873781,2570388
202305180003 ,1704891,1705543159,872638,2577529
202305180003 ,1643902,1705543160,873956,2517858
202305180003 ,7351,1705543161,872824,880175
202305180003 ,7292,1705543162,873590,880882
202305180003 ,7559,1705543163,873437,880996
202305180003 ,7719,1705543164,874292,882011
202305180003 ,7806,1705543165,874269,882075
202305180003 ,585003,1705543166,874959,1459962
202305180003 ,817861,1705543167,874339,1692200
202305180003 ,1452710,1705543168,874355,2327065
202305180003 ,1710927,1705543169,875446,2586373
202305180003 ,1711562,1705543170,876152,2587714
202305180003 ,1684302,1705543171,875970,2560272
202305180003 ,1701012,1705543172,875990,2577002
202305180003 ,1690996,1705543173,875875,2566871
202305180003 ,7435,1705543174,875586,883021
202305180003 ,7281,1705543175,874298,881579
202305180003 ,7243,1705543176,874012,881255
202305180003 ,7718,1705543177,874100,881818
202305180003 ,7359,1705543178,875327,882686
202305180003 ,6825,1705543179,875434,882259
202305180003 ,671370,1705543180,875186,1546556
202305180003 ,1237766,1705543181,874453,2112219
202305180003 ,1722707,1705543182,875186,2597893
202305180003 ,1706861,1705543183,874605,2581466
202305180003 ,1688297,1705543184,874123,2562420
202305180003 ,1685518,1705543185,874713,2560231
202305180003 ,1734196,1705543186,874734,2608930
202305180003 ,6922,1705543187,876237,883159
202305180003 ,7523,1705543188,876502,884025
202305180003 ,7792,1705543189,875205,882997
202305180003 ,7464,1705543190,872036,879500
202305180003 ,7629,1705543191,873792,881421
202305180003 ,7164,1705543192,873627,880791
202305180003 ,582209,1705543193,874123,1456332
202305180003 ,1045745,1705543194,873794,1919539
202305180003 ,1653694,1705543195,871345,2525039
202305180003 ,1717351,1705543196,872374,2589725
202305180003 ,1671130,1705543197,874017,2545147
202305180003 ,1680137,1705543198,874586,2554723
202305180003 ,1634198,1705543199,875268,2509466
202305180003 ,1695430,1705543200,875120,2570550
202305180003 ,6936,1705543201,875301,882237
202305180003 ,6985,1705543202,874298,881283
202305180003 ,7749,1705543203,873884,881633
202305180003 ,7989,1705543204,875412,883401
202305180003 ,7653,1705543205,874821,882474
202305180003 ,584229,1705543206,874714,1458943
202305180003 ,872276,1705543207,874632,1746908
202305180003 ,1530737,1705543208,874452,2405189
202305180003 ,1697677,1705543209,875268,2572945
202305180003 ,1707989,1705543210,873887,2581876
202305180003 ,1718532,1705543211,874753,2593285
202305180003 ,1658113,1705543212,875222,2533335
202305180003 ,1703838,1705543213,875598,2579436
202305180003 ,7333,1705543214,874042,881375
202305180003 ,7645,1705543215,874517,882162
202305180003 ,7295,1705543216,874723,882018
202305180003 ,7506,1705543217,874407,881913
202305180003 ,6562,1705543218,875161,881723
202305180003 ,7733,1705543219,874641,882374
202305180003 ,717258,1705543220,874346,1591604
202305180003 ,1308532,1705543221,870757,2179289
202305180003 ,1692712,1705543222,875400,2568112
202305180003 ,1715447,1705543223,875376,2590823
202305180003 ,1676578,1705543224,874980,2551558
202305180003 ,1686478,1705543225,874505,2560983
202305180003 ,1696543,1705543226,872978,2569521
202305180003 ,7280,1705543227,874639,881919
202305180003 ,6927,1705543228,874454,881381
202305180003 ,6913,1705543229,875508,882421
202305180003 ,7051,1705543230,874915,881966
202305180003 ,7183,1705543231,874218,881401
202305180003 ,7023,1705543232,875313,882336
202305180003 ,584266,1705543233,874544,1458810
202305180003 ,1105959,1705543234,874382,1980341
202305180003 ,1704178,1705543235,875959,2580137
202305180003 ,1681165,1705543236,874133,2555298
202305180003 ,1708381,1705543237,874872,2583253
202305180003 ,1685714,1705543238,874247,2559961
202305180003 ,1674066,1705543239,874218,2548284
202305180003 ,1700563,1705543240,874467,2575030
202305180003 ,7860,1705543241,874077,881937
202305180003 ,7631,1705543242,873815,881446
202305180003 ,8054,1705543243,874518,882572
202305180003 ,7383,1705543244,873420,880803
202305180003 ,7138,1705543245,873926,881064
202305180003 ,584225,1705543246,874890,1459115
202305180003 ,921318,1705543247,873835,1795153
202305180003 ,1599052,1705543248,875363,2474415
202305180003 ,1665263,1705543249,873967,2539230
202305180003 ,1711535,1705543250,874630,2586165
202305180003 ,1686428,1705543251,874796,2561224
202305180003 ,1714288,1705543252,874380,2588668
202305180003 ,1739334,1705543253,874745,2614079
202305180003 ,7272,1705543254,875419,882691
202305180003 ,6852,1705543255,874109,880961
202305180003 ,7493,1705543256,875402,882895
202305180003 ,7393,1705543257,872305,879698
202305180003 ,7429,1705543258,875086,882515
202305180003 ,7043,1705543259,875382,882425
202305180003 ,752588,1705543260,874864,1627452
202305180003 ,1361191,1705543261,875017,2236208
202305180003 ,1706709,1705543262,874576,2581285
202305180003 ,1705249,1705543263,875139,2580388
202305180003 ,1687923,1705543264,874188,2562111
202305180003 ,1672951,1705543265,875173,2548124
202305180003 ,1698837,1705543266,874964,2573801
202305180003 ,7332,1705543267,876395,883727
202305180003 ,7740,1705543268,875853,883593
202305180003 ,7500,1705543269,874583,882083
202305180003 ,7722,1705543270,876797,884519
202305180003 ,7559,1705543271,875405,882964
202305180003 ,7595,1705543272,875723,883318
202305180003 ,611124,1705543273,875793,1486917
202305180003 ,1144916,1705543274,876675,2021591
202305180003 ,1708264,1705543275,877121,2585385
202305180003 ,1665720,1705543276,876779,2542499
202305180003 ,1733760,1705543277,875618,2609378
202305180003 ,1673200,1705543278,875931,2549131
202305180003 ,1736421,1705543279,876157,2612578
202305180003 ,1727689,1705543280,874944,2602633
202305180003 ,7532,1705543281,874484,882016
202305180003 ,7160,1705543282,875464,882624
202305180003 ,7321,1705543283,874707,882028
202305180003 ,7709,1705543284,874911,882620
202305180003 ,7054,1705543285,874081,881135
202305180003 ,582597,1705543286,874020,1456617
202305180003 ,953718,1705543287,874502,1828220
202305180003 ,1641586,1705543288,875063,2516649
202305180003 ,1699871,1705543289,875905,2575776
202305180003 ,1661423,1705543290,876019,2537442
202305180003 ,1707643,1705543291,875072,2582715
202305180003 ,1687206,1705543292,875305,2562511
202305180003 ,1639786,1705543293,875192,2514978
202305180003 ,7392,1705543294,876262,883654
202305180003 ,7396,1705543295,875234,882630
202305180003 ,6879,1705543296,875992,882871
202305180003 ,7136,1705543297,875654,882790
202305180003 ,7221,1705543298,875388,882609
202305180003 ,585926,1705543299,875625,1461551
202305180003 ,782557,1705543300,875247,1657804
202305180003 ,1405375,1705543301,874866,2280241
202305180003 ,1655682,1705543302,874877,2530559
202305180003 ,1705115,1705543303,874929,2580044
202305180003 ,1697884,1705543304,874556,2572440
202305180003 ,1723014,1705543305,874788,2597802
202305180003 ,1701269,1705543306,875109,2576378
202305180003 ,8025,1705543307,874685,882710
202305180003 ,7396,1705543308,874027,881423
202305180003 ,7974,1705543309,875288,883262
202305180003 ,7030,1705543310,875592,882622
202305180003 ,7196,1705543311,875349,882545
202305180003 ,7023,1705543312,876112,883135
202305180003 ,632990,1705543313,875750,1508740
202305180003 ,1179477,1705543314,874701,2054178
202305180003 ,1687299,1705543315,875602,2562901
202305180003 ,1679173,1705543316,875021,2554194
202305180003 ,1725795,1705543317,875713,2601508
202305180003 ,1666227,1705543318,875926,2542153
202305180003 ,1694908,1705543319,875527,2570435
202305180003 ,1681669,1705543320,875435,2557104
202305180003 ,7372,1705543321,875568,882940
202305180003 ,7090,1705543322,875282,882372
202305180003 ,7593,1705543323,874149,881742
202305180003 ,7218,1705543324,874809,882027
202305180003 ,7836,1705543325,874810,882646
202305180003 ,583580,1705543326,875489,1459069
202305180003 ,983632,1705543327,875774,1859406
202305180003 ,1611238,1705543328,875709,2486947
202305180003 ,1697261,1705543329,874641,2571902
202305180003 ,1719313,1705543330,875132,2594445
202305180003 ,1715869,1705543331,874709,2590578
202305180003 ,1686838,1705543332,874760,2561598
202305180003 ,1711840,1705543333,875019,2586859
202305180003 ,7279,1705543334,875416,882695
202305180003 ,7685,1705543335,874252,881937
202305180003 ,7173,1705543336,874211,881384
202305180003 ,7263,1705543337,874835,882098
202305180003 ,7569,1705543338,875296,882865
202305180003 ,584941,1705543339,875102,1460043
202305180003 ,803508,1705543340,875340,1678848
202305180003 ,1428838,1705543341,874419,2303257
202305180003 ,1650925,1705543342,875242,2526167
202305180003 ,1714865,1705543343,874935,2589800
202305180003 ,1689643,1705543344,875154,2564797
202305180003 ,1698176,1705543345,875395,2573571
202305180003 ,1675660,1705543346,874873,2550533
202305180003 ,7574,1705543347,876013,883587
202305180003 ,7497,1705543348,875757,883254
202305180003 ,7400,1705543349,875002,882402
202305180003 ,7390,1705543350,875950,883340
202305180003 ,7096,1705543351,874459,881555
202305180003 ,7386,1705543352,874779,882165
202305180003 ,645128,1705543353,874865,1519993
202305180003 ,1201826,1705543354,875755,2077581
202305180003 ,1675542,1705543355,875117,2550659
202305180003 ,1697165,1705543356,874826,2571991
202305180003 ,1705115,1705543357,874770,2579885
202305180003 ,1665231,1705543358,874285,2539516
202305180003 ,1724983,1705543359,874865,2599848
202305180003 ,1697803,1705543360,875259,2573062
202305180003 ,7270,1705543361,875094,882364
202305180003 ,7536,1705543362,876406,883942
202305180003 ,7406,1705543363,874792,882198
202305180003 ,7199,1705543364,875165,882364
202305180003 ,8013,1705543365,874147,882160
202305180003 ,582509,1705543366,874619,1457128
202305180003 ,989875,1705543367,874104,1863979
202305180003 ,1660539,1705543368,874616,2535155
202305180003 ,1683416,1705543369,874746,2558162
202305180003 ,1683362,1705543370,874190,2557552
202305180003 ,1725507,1705543371,874202,2599709
202305180003 ,1666424,1705543372,873280,2539704
202305180003 ,1658944,1705543373,873627,2532571
202305180003 ,7431,1705543374,873683,881114
202305180003 ,7288,1705543375,874072,881360
202305180003 ,8083,1705543376,873986,882069
202305180003 ,7803,1705543377,873755,881558
202305180003 ,8145,1705543378,874248,882393
202305180003 ,584426,1705543379,875042,1459468
202305180003 ,812090,1705543380,875235,1687325
202305180003 ,1447817,1705543381,873978,2321795
202305180003 ,1684679,1705543382,874890,2559569
202305180003 ,1691461,1705543383,874396,2565857
202305180003 ,1669262,1705543384,874516,2543778
202305180003 ,1693544,1705543385,875213,2568757
202305180003 ,1692364,1705543386,874392,2566756
202305180003 ,7632,1705543387,874161,881793
202305180003 ,7483,1705543388,874106,881589
202305180003 ,7898,1705543389,874141,882039
202305180003 ,7805,1705543390,873960,881765
202305180003 ,7084,1705543391,874185,881269
202305180003 ,7720,1705543392,872420,880140
202305180003 ,653186,1705543393,874037,1527223
202305180003 ,1213600,1705543394,874215,2087815
202305180003 ,1671598,1705543395,874567,2546165
202305180003 ,1716575,1705543396,874477,2591052
202305180003 ,1691899,1705543397,875148,2567047
202305180003 ,1707395,1705543398,875529,2582924
202305180003 ,1699525,1705543399,876431,2575956
202305180003 ,1690470,1705543400,876143,2566613
202305180003 ,7655,1705543401,874575,882230
202305180003 ,7199,1705543402,874886,882085
202305180003 ,7086,1705543403,875159,882245
202305180003 ,7053,1705543404,875102,882155
202305180003 ,7210,1705543405,875428,882638
202305180003 ,581232,1705543406,874196,1455428
202305180003 ,1001588,1705543407,874349,1875937
202305180003 ,1650167,1705543408,874955,2525122
202305180003 ,1694021,1705543409,874299,2568320
202305180003 ,1668799,1705543410,874685,2543484
202305180003 ,1687772,1705543411,875231,2563003
202305180003 ,1674020,1705543412,874846,2548866
202305180003 ,1671245,1705543413,875633,2546878
202305180003 ,6951,1705543414,874580,881531
202305180003 ,6668,1705543415,874796,881464
202305180003 ,7440,1705543416,874652,882092
202305180003 ,6785,1705543417,874999,881784
202305180003 ,7542,1705543418,874580,882122
202305180003 ,585234,1705543419,874788,1460022
202305180003 ,813962,1705543420,875019,1688981
202305180003 ,1446441,1705543421,874555,2320996
202305180003 ,1705953,1705543422,875395,2581348
202305180003 ,1656383,1705543423,874222,2530605
202305180003 ,1707590,1705543424,873301,2580891
202305180003 ,1693389,1705543425,873182,2566571
202305180003 ,1717696,1705543426,871361,2589057
202305180003 ,7556,1705543427,873009,880565
202305180003 ,7239,1705543428,872384,879623
202305180003 ,7091,1705543429,873052,880143
202305180003 ,6890,1705543430,873996,880886
202305180003 ,7419,1705543431,875397,882816
202305180003 ,7447,1705543432,875607,883054
202305180003 ,652613,1705543433,876101,1528714
202305180003 ,1208705,1705543434,875232,2083937
202305180003 ,1707599,1705543435,874309,2581908
202305180003 ,1702804,1705543436,875433,2578237
202305180003 ,1694000,1705543437,875789,2569789
202305180003 ,1705012,1705543438,875947,2580959
202305180003 ,1679426,1705543439,874797,2554223
202305180003 ,1676244,1705543440,874950,2551194
202305180003 ,6875,1705543441,875109,881984
202305180003 ,7385,1705543442,875136,882521
202305180003 ,7323,1705543443,875662,882985
202305180003 ,6847,1705543444,875920,882767
202305180003 ,7488,1705543445,875913,883401
202305180003 ,581928,1705543445,876316,1458244
202305180003 ,992346,1705543447,876884,1869230
202305180003 ,1661026,1705543448,875396,2536422
202305180003 ,1717965,1705543449,875668,2593633
202305180003 ,1645353,1705543450,876542,2521895
202305180003 ,1687371,1705543451,876046,2563417
202305180003 ,1666532,1705543452,877149,2543681
202305180003 ,1696046,1705543453,876556,2572602
202305180003 ,7169,1705543454,876360,883529
202305180003 ,7043,1705543455,876257,883300
202305180003 ,6736,1705543456,877207,883943
202305180003 ,7385,1705543457,876835,884220
202305180003 ,6660,1705543458,873928,880588
202305180003 ,584897,1705543459,876683,1461580
202305180003 ,809439,1705543460,876491,1685930
202305180003 ,1440851,1705543461,876946,2317797
202305180003 ,1661852,1705543462,877206,2539058
202305180003 ,1674186,1705543463,876525,2550711
202305180003 ,1689328,1705543464,877745,2567073
202305180003 ,1687708,1705543465,876405,2564113
202305180003 ,1662103,1705543466,876481,2538584
202305180003 ,7350,1705543467,876107,883457
202305180003 ,7529,1705543468,876189,883718
202305180003 ,7555,1705543469,876360,883915
202305180003 ,7235,1705543470,875940,883175
202305180003 ,7469,1705543471,876198,883667
202305180003 ,7443,1705543472,875768,883211
202305180003 ,643030,1705543473,876183,1519213
202305180003 ,1196608,1705543474,876242,2072850
202305180003 ,1670038,1705543475,875383,2545421
202305180003 ,1685957,1705543476,875909,2561866
202305180003 ,1704684,1705543477,875720,2580404
202305180003 ,1682361,1705543478,874722,2557083
202305180003 ,1716617,1705543479,875243,2591860
202305180003 ,1665778,1705543480,876416,2542194
202305180003 ,7214,1705543481,875365,882579
202305180003 ,6767,1705543482,875995,882762
202305180003 ,7477,1705543483,875191,882668
202305180003 ,7056,1705543484,875465,882521
202305180003 ,6651,1705543485,875430,882081
202305180003 ,582212,1705543486,875548,1457760
202305180003 ,988608,1705543487,876126,1864734
202305180003 ,1653904,1705543488,875969,2529873
202305180003 ,1646845,1705543489,875327,2522172
202305180003 ,1694690,1705543490,876339,2571029
202305180003 ,1707028,1705543491,875060,2582088
202305180003 ,1718659,1705543492,874682,2593341
202305180003 ,1661363,1705543493,875097,2536460
202305180003 ,7795,1705543494,875095,882890
202305180003 ,7327,1705543495,875694,883021
202305180003 ,7009,1705543496,876210,883219
202305180003 ,6999,1705543497,876912,883911
202305180003 ,6922,1705543498,877244,884166
202305180003 ,584029,1705543499,876007,1460036
202305180003 ,796005,1705543500,875841,1671846
202305180003 ,1418473,1705543501,876039,2294512
202305180003 ,1706069,1705543502,872596,2578665
202305180003 ,1691803,1705543503,875473,2567276
202305180003 ,1655192,1705543504,874549,2529741
202305180003 ,1695945,1705543505,875260,2571205
202305180003 ,1677597,1705543506,873669,2551266
202305180003 ,7420,1705543507,875925,883345
202305180003 ,7254,1705543508,874449,881703
202305180003 ,7221,1705543509,875776,882997
202305180003 ,7052,1705543510,876658,883710
202305180003 ,7042,1705543511,875874,882916
202305180003 ,6779,1705543512,876225,883004
202305180003 ,633140,1705543513,876817,1509957
202305180003 ,1176678,1705543514,877079,2053757
202305180003 ,1696435,1705543515,875455,2571890
202305180003 ,1673269,1705543516,876408,2549677
202305180003 ,1685282,1705543517,876191,2561473
202305180003 ,1664607,1705543518,875313,2539920
202305180003 ,1689986,1705543519,874582,2564568
202305180003 ,1686686,1705543520,875074,2561760
202305180003 ,7368,1705543521,875306,882674
202305180003 ,7012,1705543522,875242,882254
202305180003 ,7484,1705543523,874815,882299
202305180003 ,7050,1705543524,874591,881641
202305180003 ,7619,1705543525,874548,882167
202305180003 ,581774,1705543526,875129,1456903
202305180003 ,967625,1705543527,876035,1843660
202305180003 ,1625924,1705543528,875761,2501685
202305180003 ,1674917,1705543529,875842,2550759
202305180003 ,1683352,1705543530,875819,2559171
202305180003 ,1691489,1705543531,875857,2567346
202305180003 ,1693563,1705543532,875353,2568916
202305180003 ,7494,1705543534,875484,882978
202305180003 ,6809,1705543535,875103,881912
202305180003 ,7667,1705543536,874941,882608
202305180003 ,7955,1705543537,874455,882410
202305180003 ,7203,1705543538,873334,880537
202305180003 ,555588,1705543539,874277,1429865
202305180003 ,780813,1705543540,874357,1655170
202305180003 ,1394830,1705543541,875418,2270248
202305180003 ,1695536,1705543542,876756,2572292
202305180003 ,1668224,1705543543,874817,2543041
202305180003 ,1649663,1705543544,876170,2525833
202305180003 ,1739468,1705543545,874875,2614343
202305180003 ,1691111,1705543546,876260,2567371
202305180003 ,7217,1705543547,876334,883551
202305180003 ,7590,1705543548,875734,883324
202305180003 ,7502,1705543549,875587,883089
202305180003 ,7066,1705543550,874573,881639
202305180003 ,7031,1705543551,875474,882505
202305180003 ,7265,1705543552,875337,882602
202305180003 ,616459,1705543553,876215,1492674
202305180003 ,1158068,1705543554,875891,2033959
202305180003 ,1657695,1705543555,875931,2533626
202305180003 ,1712253,1705543556,875192,2587445
202305180003 ,1692504,1705543557,874216,2566720
202305180003 ,1681103,1705543558,874710,2555813
202305180003 ,1678528,1705543559,873470,2551998
202305180003 ,1683951,1705543560,873817,2557768
202305180003 ,7418,1705543561,873468,880886
202305180003 ,7603,1705543562,874004,881607
202305180003 ,6974,1705543563,874185,881159
202305180003 ,7393,1705543564,874962,882355
202305180003 ,7037,1705543565,875391,882428
202305180003 ,582506,1705543566,875101,1457607
202305180003 ,943064,1705543567,875688,1818752
202305180003 ,1631341,1705543568,875666,2507007
202305180003 ,1674304,1705543569,876860,2551164
202305180003 ,1721774,1705543570,1584363,3306137
202305180003 ,1683362,1705543571,1583012,3266374
202305180003 ,1672613,1705543572,1583713,3256326
202305180003 ,1650258,1705543573,1583406,3233664
202305180003 ,7523,1705543574,1583177,1590700
202305180003 ,7736,1705543575,1582262,1589998
202305180003 ,7920,1705543576,1581867,1589787
202305180003 ,7487,1705543577,1580231,1587718
202305180003 ,7398,1705543578,1579783,1587181
202305180003 ,7792,1705543579,1581880,1589672
202305180003 ,758648,1705543580,1581330,2339978
202305180003 ,1367300,1705543581,1581880,2949180
202305180003 ,1670994,1705543582,1582443,3253437
202305180003 ,1683009,1705543583,1581656,3264665
202305180003 ,1726707,1705543584,1584098,3310805
202305180003 ,1672169,1705543585,1582575,3254744
202305180003 ,1719186,1705543586,1583580,3302766
202305180003 ,7776,1705543587,1582645,1590421
202305180003 ,7748,1705543588,1583561,1591309
202305180003 ,7456,1705543589,1583559,1591015
202305180003 ,7612,1705543590,1582363,1589975
202305180003 ,7705,1705543591,1582383,1590088
202305180003 ,7515,1705543592,1580680,1588195
202305180003 ,599133,1705543593,1581935,2181068
202305180003 ,1128377,1705543594,1580977,2709354
202305180003 ,1669832,1705543595,1581404,3251236
202305180003 ,1714861,1705543596,1580607,3295468
202305180003 ,1693258,1705543597,1582934,3276192
202305180003 ,1710749,1705543598,1582397,3293146
202305180003 ,1685434,1705543599,1581123,3266557
202305180003 ,1678319,1705543600,1582772,3261091
202305180003 ,7360,1705543601,1584042,1591402
202305180003 ,7599,1705543602,1583915,1591514
202305180003 ,6794,1705543603,1584641,1591435
202305180003 ,6852,1705543604,1584544,1591396
202305180003 ,7622,1705543605,1583928,1591550
202305180003 ,583238,1705543606,1583679,2166917
202305180003 ,916002,1705543607,1582873,2498875
202305180003 ,1588355,1705543608,1582086,3170441
202305180003 ,1682005,1705543609,1582109,3264114
202305180003 ,1690525,1705543610,1580344,3270869
202305180003 ,1676465,1705543611,1582302,3258767
202305180003 ,1682266,1705543612,1582315,3264581
202305180003 ,1715755,1705543613,1581355,3297110
202305180003 ,7806,1705543614,1582690,1590496
202305180003 ,8146,1705543615,1581958,1590104
202305180003 ,6918,1705543616,1583409,1590327
202305180003 ,7446,1705543617,1583459,1590905
202305180003 ,7578,1705543618,1583500,1591078
202305180003 ,7622,1705543619,1584332,1591954
202305180003 ,728214,1705543620,1583253,2311467
202305180003 ,1325882,1705543621,1584508,2910390
202305180003 ,1677629,1705543622,1583108,3260737
202305180003 ,1692849,1705543623,1583238,3276087
202305180003 ,1674218,1705543624,1584148,3258366
202305180003 ,1698088,1705543625,1582328,3280416
202305180003 ,1695418,1705543626,1583913,3279331
202305180003 ,8678,1705543627,1582632,1591310
202305180003 ,8100,1705543628,1581812,1589912
202305180003 ,7833,1705543629,1582629,1590462
202305180003 ,7849,1705543630,1580768,1588617
202305180003 ,7430,1705543631,1580999,1588429
202305180003 ,7792,1705543632,1579669,1587461
202305180003 ,581418,1705543633,1580684,2162102
202305180003 ,1089919,1705543634,1582188,2672107
202305180003 ,1678723,1705543635,1580927,3259650
202305180003 ,1692325,1705543636,1580373,3272698
202305180003 ,1673878,1705543637,1580141,3254019
202305180003 ,1697507,1705543638,1580796,3278303
202305180003 ,1697232,1705543639,1579935,3277167
202305180003 ,1703533,1705543640,1580262,3283795
202305180003 ,6670,1705543641,873848,880518
202305180003 ,7254,1705543642,874684,881938
202305180003 ,7088,1705543643,874592,881680
202305180003 ,7298,1705543644,876171,883469
202305180003 ,6803,1705543645,876554,883357
202305180003 ,582710,1705543646,876602,1459312
202305180003 ,879933,1705543647,875972,1755905
202305180003 ,1542043,1705543648,875976,2418019
202305180003 ,1662706,1705543649,875242,2537948
202305180003 ,1676306,1705543650,875847,2552153
202305180003 ,1717046,1705543651,875325,2592371
202305180003 ,1680779,1705543652,876233,2557012
202305180003 ,1669239,1705543653,876208,2545447
202305180003 ,7307,1705543654,875687,882994
202305180003 ,6968,1705543655,876624,883592
202305180003 ,7409,1705543656,876224,883633
202305180003 ,7783,1705543657,876911,884694
202305180003 ,7581,1705543658,876760,884341
202305180003 ,7350,1705543659,876336,883686
202305180003 ,701429,1705543660,875680,1577109
202305180003 ,1280561,1705543661,876287,2156848
202305180003 ,1686062,1705543662,876713,2562775
202305180003 ,1714091,1705543663,877816,2591907
202305180003 ,1685849,1705543664,876417,2562266
202305180003 ,1716452,1705543665,876317,2592769
202305180003 ,1640612,1705543666,876757,2517369
202305180003 ,6805,1705543667,877067,883872
202305180003 ,6816,1705543668,874567,881383
202305180003 ,7460,1705543669,874864,882324
202305180003 ,7493,1705543670,874061,881554
202305180003 ,7395,1705543671,874745,882140
202305180003 ,7318,1705543672,874976,882294
202305180003 ,582093,1705543673,875620,1457713
202305180003 ,1047853,1705543674,875400,1923253
202305180003 ,1662465,1705543675,876344,2538809
202305180003 ,1675938,1705543676,876756,2552694
202305180003 ,1719748,1705543677,877575,2597323
202305180003 ,1711606,1705543678,876700,2588306
202305180003 ,1674659,1705543679,877263,2551922
202305180003 ,1681081,1705543680,876226,2557307
202305180003 ,7251,1705543681,876189,883440
202305180003 ,7249,1705543682,875434,882683
202305180003 ,7904,1705543683,875079,882983
202305180003 ,7326,1705543684,875437,882763
202305180003 ,7985,1705543685,875271,883256
202305180003 ,585454,1705543686,875270,1460724
202305180003 ,843470,1705543687,875054,1718524
202305180003 ,1490111,1705543688,874584,2364695
202305180003 ,1676315,1705543689,874659,2550974
202305180003 ,1690242,1705543690,875564,2565806
202305180003 ,1671895,1705543691,876051,2547946
202305180003 ,1715400,1705543692,876355,2591755
202305180003 ,1673662,1705543693,876322,2549984
202305180003 ,7811,1705543694,876150,883961
202305180003 ,7250,1705543695,876698,883948
202305180003 ,7456,1705543696,875687,883143
202305180003 ,7511,1705543697,874958,882469
202305180003 ,7641,1705543698,873901,881542
202305180003 ,6707,1705543699,873320,880027
202305180003 ,661833,1705543700,873843,1535676
202305180003 ,1225238,1705543701,875113,2100351
202305180003 ,1668002,1705543702,874358,2542360
202305180003 ,1679669,1705543703,875019,2554688
202305180003 ,1679478,1705543704,875566,2555044
202305180003 ,1685822,1705543705,876547,2562369
202305180003 ,1668232,1705543706,875369,2543601
202305180003 ,1679372,1705543707,874863,2554235
202305180003 ,7247,1705543708,875906,883153
202305180003 ,7325,1705543709,876230,883555
202305180003 ,7614,1705543710,876622,884236
202305180003 ,6837,1705543711,875728,882565
202305180003 ,7435,1705543712,875194,882629
202305180003 ,582003,1705543713,876046,1458049
202305180003 ,994723,1705543714,875643,1870366
202305180003 ,1662703,1705543715,876639,2539342
202305180003 ,1674489,1705543716,876428,2550917
202305180003 ,1657317,1705543717,877076,2534393
202305180003 ,1703580,1705543718,875692,2579272
202305180003 ,1660720,1705543719,875407,2536127
202305180003 ,1693646,1705543720,874724,2568370
202305180003 ,7664,1705543721,875814,883478
202305180003 ,7308,1705543722,875854,883162
202305180003 ,7650,1705543723,877242,884892
202305180003 ,7068,1705543724,877109,884177
202305180003 ,7336,1705543725,876851,884187
202305180003 ,584431,1705543726,872276,1456707
202305180003 ,791192,1705543727,875572,1666764
202305180003 ,1416586,1705543728,875032,2291618
202305180003 ,1670553,1705543729,874079,2544632
202305180003 ,1680288,1705543730,874005,2554293
202305180003 ,1678426,1705543731,872752,2551178
202305180003 ,1692187,1705543732,873434,2565621
202305180003 ,1671811,1705543733,873472,2545283
202305180003 ,7419,1705543734,874744,882163
202305180003 ,7381,1705543735,875070,882451
202305180003 ,7032,1705543736,876228,883260
202305180003 ,7577,1705543737,876295,883872
202305180003 ,7567,1705543738,876593,884160
202305180003 ,7177,1705543739,875480,882657
202305180003 ,620020,1705543740,875985,1496005
202305180003 ,1159984,1705543741,876223,2036207
202305180003 ,1693591,1705543742,875667,2569258
202305180003 ,1706928,1705543743,876188,2583116
202305180003 ,1655779,1705543744,875741,2531520
202305180003 ,1702197,1705543745,876174,2578371
202305180003 ,1695091,1705543745,876009,2571100
202305180003 ,1691893,1705543747,876143,2568036
202305180003 ,7455,1705543748,876029,883484
202305180003 ,7500,1705543749,876264,883764
202305180003 ,7411,1705543750,876251,883662
202305180003 ,7169,1705543751,876336,883505
202305180003 ,7464,1705543752,876720,884184
202305180003 ,582806,1705543753,878093,1460899
202305180003 ,939891,1705543754,878578,1818469
202305180003 ,1596227,1705543755,877873,2474100
202305180003 ,1677701,1705543756,877641,2555342
202305180003 ,1722349,1705543757,876538,2598887
202305180003 ,1663598,1705543758,876918,2540516
202305180003 ,1682546,1705543759,875306,2557852
202305180003 ,1704989,1705543760,875573,2580562
202305180003 ,7833,1705543761,876605,884438
202305180003 ,7020,1705543762,876577,883597
202305180003 ,7201,1705543763,877710,884911
202305180003 ,7488,1705543764,877026,884514
202305180003 ,7068,1705543765,878645,885713
202305180003 ,7466,1705543766,878884,886350
202305180003 ,743734,1705543767,878954,1622688
202305180003 ,1344004,1705543768,879160,2223164
202305180003 ,1697035,1705543769,877909,2574944
202305180003 ,1675532,1705543770,878819,2554351
202305180003 ,1700698,1705543771,878776,2579474
202305180003 ,1684095,1705543772,877856,2561951
202305180003 ,1678545,1705543773,876254,2554799
202305180003 ,7423,1705543774,877363,884786
202305180003 ,6877,1705543775,877925,884802
202305180003 ,7382,1705543776,877743,885125
202305180003 ,7077,1705543777,877792,884869
202305180003 ,6964,1705543778,878422,885386
202305180003 ,7149,1705543779,877956,885105
202305180003 ,581444,1705543780,878079,1459523
202305180003 ,1099840,1705543781,877624,1977464
202305180003 ,1661767,1705543782,878110,2539877
202305180003 ,1674601,1705543783,879140,2553741
202305180003 ,1688150,1705543784,879193,2567343
202305180003 ,1673006,1705543785,879157,2552163
202305180003 ,1720696,1705543786,877652,2598348
202305180003 ,1676244,1705543787,878009,2554253
202305180003 ,6994,1705543788,877805,884799
202305180003 ,7424,1705543789,877813,885237
202305180003 ,6919,1705543790,875625,882544
202305180003 ,7159,1705543791,877270,884429
202305180003 ,7198,1705543792,877701,884899
202305180003 ,583312,1705543793,876746,1460058
202305180003 ,884706,1705543794,877484,1762190
202305180003 ,1548433,1705543795,878281,2426714
202305180003 ,1666922,1705543796,879395,2546317
202305180003 ,1682817,1705543797,878876,2561693
202305180003 ,1683030,1705543798,877660,2560690
202305180003 ,1688612,1705543799,879176,2567788
202305180003 ,1677708,1705543800,878445,2556153
202305180003 ,7132,1705543801,878041,885173
202305180003 ,7238,1705543802,877838,885076
202305180003 ,7221,1705543803,877624,884845
202305180003 ,7057,1705543804,878242,885299
202305180003 ,7603,1705543805,877524,885127
202305180003 ,7512,1705543806,878205,885717
202305180003 ,697145,1705543807,878858,1576003
202305180003 ,1278777,1705543808,878373,2157150
202305180003 ,1664591,1705543809,878580,2543171
202305180003 ,1680163,1705543810,877096,2557259
202305180003 ,1690645,1705543811,878961,2569606
202305180003 ,1709446,1705543812,879673,2589119
202305180003 ,1697464,1705543813,879728,2577192
202305180003 ,7467,1705543814,880248,887715
202305180003 ,7111,1705543815,878457,885568
202305180003 ,7141,1705543816,878514,885655
202305180003 ,6956,1705543817,878298,885254
202305180003 ,7191,1705543818,877824,885015
202305180003 ,7293,1705543819,875986,883279
202305180003 ,581976,1705543820,878293,1460269
202305180003 ,1039209,1705543821,877349,1916558
202305180003 ,1648609,1705543822,879523,2528132
202305180003 ,1701033,1705543823,879266,2580299
202305180003 ,1713971,1705543825,879509,2593480
202305180003 ,1723302,1705543826,879892,2603194
202305180003 ,1667272,1705543827,880219,2547491
202305180003 ,6986,1705543828,880261,887247
202305180003 ,7612,1705543829,878913,886525
202305180003 ,7356,1705543830,879523,886879
202305180003 ,7447,1705543831,880274,887721
202305180003 ,6937,1705543832,878810,885747
202305180003 ,584539,1705543833,878613,1463152
202305180003 ,1473482,1705543835,878428,2351910
202305180003 ,1694125,1705543836,877773,2571898
202305180003 ,1675260,1705543837,878613,2553873
202305180003 ,1654728,1705543838,878325,2533053
202305180003 ,1703939,1705543839,878532,2582471
202305180003 ,1693652,1705543840,878394,2572046
202305180003 ,7229,1705543841,878780,886009
202305180003 ,7126,1705543842,878897,886023
202305180003 ,7054,1705543843,878792,885846
202305180003 ,7046,1705543845,878916,885962
202305180003 ,7609,1705543846,878879,886488
202305180003 ,650401,1705543847,878569,1528970
202305180003 ,1208535,1705543848,879576,2088111
202305180003 ,1683330,1705543849,878911,2562241
202305180003 ,1698978,1705543850,878906,2577884
202305180003 ,1670981,1705543851,879141,2550122
202305180003 ,1753440,1705543852,878155,2631595
202305180003 ,1696094,1705543853,877932,2574026
202305180003 ,1683273,1705543854,879014,2562287
202305180003 ,6481,1705543855,879274,885755
202305180003 ,6952,1705543856,878996,885948
202305180003 ,8073,1705543857,879303,887376
202305180003 ,7551,1705543858,877417,884968
202305180003 ,7438,1705543859,878172,885610
202305180003 ,597739,1705543860,878892,1476631
202305180003 ,1005563,1705543861,879709,1885272
202305180003 ,1651856,1705543862,879773,2531629
202305180003 ,1701816,1705543863,879255,2581071
202305180003 ,1694721,1705543864,878438,2573159
202305180003 ,1706086,1705543865,878151,2584237
202305180003 ,1720005,1705543866,878203,2598208
202305180003 ,1666876,1705543867,879358,2546234
202305180003 ,7598,1705543868,879521,887119
202305180003 ,7190,1705543869,878417,885607
202305180003 ,7209,1705543870,878897,886106
202305180003 ,7689,1705543871,878410,886099
202305180003 ,7433,1705543872,878214,885647
202305180003 ,451110,1705543873,878853,1329963
202305180003 ,796325,1705543874,878474,1674799
202305180003 ,1435073,1705543875,878249,2313322
202305180003 ,1731510,1705543876,878716,2610226
202305180003 ,1711278,1705543877,880046,2591324
202305180003 ,1694588,1705543878,879869,2574457
202305180003 ,1736393,1705543879,878978,2615371
202305180003 ,1744779,1705543880,880012,2624791
202305180003 ,7264,1705543881,879595,886859
202305180003 ,7427,1705543882,879698,887125
202305180003 ,7685,1705543883,879523,887208
202305180003 ,6864,1705543884,880351,887215
202305180003 ,6982,1705543885,880074,887056
202305180003 ,6791,1705543886,880274,887065
202305180003 ,624646,1705543887,879735,1504381
202305180003 ,1172221,1705543888,880421,2052642
202305180003 ,1682982,1705543889,878521,2561503
202305180003 ,1697508,1705543890,876246,2573754
202305180003 ,1697722,1705543891,876559,2574281
202305180003 ,1710822,1705543892,876643,2587465
202305180003 ,1722217,1705543893,877711,2599928
202305180003 ,1704113,1705543894,877981,2582094
202305180003 ,7383,1705543895,877681,885064
202305180003 ,7001,1705543896,878098,885099
202305180003 ,7454,1705543897,878750,886204
202305180003 ,7625,1705543898,879375,887000
202305180003 ,7156,1705543899,879084,886240
202305180003 ,599159,1705543900,878239,1477398
202305180003 ,942836,1705543901,877215,1820051
202305180003 ,1640637,1705543902,876520,2517157
202305180003 ,1689895,1705543903,879057,2568952
202305180003 ,1704437,1705543904,879940,2584377
202305180003 ,1685890,1705543905,879100,2564990
202305180003 ,1736238,1705543906,880472,2616710
202305180003 ,1731275,1705543907,880826,2612101
202305180003 ,7808,1705543908,879911,887719
202305180003 ,7795,1705543909,880052,887847
202305180003 ,7531,1705543910,880129,887660
202305180003 ,7845,1705543911,880480,888325
202305180003 ,7023,1705543912,881143,888166
202305180003 ,7602,1705543913,880955,888557
202305180003 ,747023,1705543914,880599,1627622
202305180003 ,1355805,1705543915,879899,2235704
202305180003 ,1679523,1705543916,880564,2560087
202305180003 ,1695201,1705543917,879634,2574835
202305180003 ,1694937,1705543918,879287,2574224
202305180003 ,1706749,1705543919,877918,2584667
202305180003 ,1718716,1705543920,878363,2597079
202305180003 ,8400,1705543921,879257,887657
202305180003 ,6877,1705543922,879448,886325
202305180003 ,7761,1705543923,879672,887433
202305180003 ,7636,1705543924,879606,887242
202305180003 ,7527,1705543925,879968,887495
202305180003 ,7711,1705543926,880249,887960
202305180003 ,597790,1705543927,881016,1478806
202305180003 ,1102138,1705543928,881678,1983816
202305180003 ,1672987,1705543929,880874,2553861
202305180003 ,1685405,1705543930,880461,2565866
202305180003 ,1704493,1705543931,880430,2584923
202305180003 ,1687484,1705543932,879839,2567323
202305180003 ,1734203,1705543933,880008,2614211
202305180003 ,1726535,1705543934,880222,2606757
202305180003 ,7853,1705543935,880121,887974
202305180003 ,7704,1705543936,879054,886758
202305180003 ,7496,1705543937,879252,886748
202305180003 ,7448,1705543938,878930,886378
202305180003 ,7306,1705543939,879157,886463
202305180003 ,600538,1705543940,879315,1479853
202305180003 ,884806,1705543941,879938,1764744
202305180003 ,1556976,1705543942,879599,2436575
202305180003 ,1716491,1705543943,880002,2596493
202305180003 ,1658667,1705543944,879999,2538666
202305180003 ,1674991,1705543945,879837,2554828
202305180003 ,1715683,1705543946,880133,2595816
202305180003 ,1719972,1705543947,880880,2600852
202305180003 ,7428,1705543948,880677,888105
202305180003 ,7077,1705543949,879710,886787
202305180003 ,7144,1705543950,880860,888004
202305180003 ,7355,1705543951,880421,887776
202305180003 ,6906,1705543952,881037,887943
202305180003 ,7144,1705543953,880329,887473
202305180003 ,693485,1705543954,881106,1574591
202305180003 ,1277185,1705543955,880419,2157604
202305180003 ,1702611,1705543956,880257,2582868
202305180003 ,1720996,1705543957,880119,2601115
202305180003 ,1697913,1705543958,879676,2577589
202305180003 ,1697478,1705543959,879447,2576925
202305180003 ,1709378,1705543960,879903,2589281
202305180003 ,946001,1705543961,880630,1826631
202305180003 ,7211,1705543962,879520,886731
202305180003 ,7349,1705543963,880430,887779
202305180003 ,7330,1705543964,880621,887951
202305180003 ,7692,1705543965,879902,887594
202305180003 ,7506,1705543966,879949,887455
202305180003 ,599437,1705543967,879343,1478780
202305180003 ,1037044,1705543968,880325,1917369
202305180003 ,1660024,1705543969,879622,2539646
202305180003 ,1750336,1705543970,880865,2631201
202305180003 ,1724958,1705543971,881039,2605997
202305180003 ,1707147,1705543972,880773,2587920
202305180003 ,1688110,1705543973,880011,2568121
202305180003 ,1738902,1705543974,879434,2618336
202305180003 ,7438,1705543975,880269,887707
202305180003 ,7399,1705543976,879961,887360
202305180003 ,7632,1705543977,879589,887221
202305180003 ,7633,1705543978,879479,887112
202305180003 ,7193,1705543979,879868,887061
202305180003 ,601926,1705543980,878843,1480769
202305180003 ,824425,1705543981,879595,1704020
202305180003 ,1472994,1705543982,880446,2353440
202305180003 ,1699536,1705543983,879431,2578967
202305180003 ,1716165,1705543984,878148,2594313
202305180003 ,1735249,1705543985,878865,2614114
202305180003 ,1676596,1705543986,879086,2555682
202305180003 ,1710467,1705543987,879368,2589835
202305180003 ,7150,1705543988,880229,887379
202305180003 ,7435,1705543989,880615,888050
202305180003 ,7414,1705543990,879114,886528
202305180003 ,6940,1705543991,879784,886724
202305180003 ,7417,1705543992,879638,887055
202305180003 ,7498,1705543993,879974,887472
202305180003 ,644434,1705543994,880348,1524782
202305180003 ,1207691,1705543995,878545,2086236
202305180003 ,1732487,1705543996,877914,2610401
202305180003 ,1717658,1705543997,879123,2596781
202305180003 ,1720454,1705543998,879784,2600238
202305180003 ,1704432,1705543999,879743,2584175
202305180003 ,1684206,1705544000,880190,2564396
202305180003 ,1702549,1705544001,880457,2583006
202305180003 ,7774,1705544002,879982,887756
202305180003 ,7917,1705544003,880867,888784
202305180003 ,7625,1705544004,881299,888924
202305180003 ,7611,1705544005,879691,887302
202305180003 ,7744,1705544006,879958,887702
202305180003 ,600024,1705544007,880459,1480483
202305180003 ,970589,1705544008,880307,1850896
202305180003 ,1677812,1705544009,879335,2557147
202305180003 ,1696187,1705544010,879756,2575943
202305180003 ,1747410,1705544011,880009,2627419
202305180003 ,1725225,1705544012,879130,2604355
202305180003 ,1711815,1705544013,880175,2591990
202305180003 ,1678065,1705544014,879788,2557853
202305180003 ,7119,1705544015,878398,885517
202305180003 ,7384,1705544016,880085,887469
202305180003 ,7157,1705544017,880019,887176
202305180003 ,7245,1705544018,880147,887392
202305180003 ,7750,1705544019,880556,888306
202305180003 ,7187,1705544020,879891,887078
202305180003 ,767512,1705544021,879640,1647152
202305180003 ,1385972,1705544022,882183,2268155
202305180003 ,1714004,1705544023,880934,2594938
202305180003 ,1725725,1705544024,881139,2606864
202305180003 ,1701159,1705544025,880539,2581698
202305180003 ,1695440,1705544026,878389,2573829
202305180003 ,1712894,1705544027,879566,2592460
202305180003 ,7981,1705544028,879741,887722
202305180003 ,7225,1705544029,880919,888144
202305180003 ,7303,1705544030,880271,887574
202305180003 ,6984,1705544031,881534,888518
202305180003 ,7428,1705544032,881376,888804
202305180003 ,7406,1705544033,541073,548479
202305180003 ,596771,1705544034,541173,1137944
202305180003 ,1127871,1705544035,540839,1668710
202305180003 ,1741129,1705544036,541163,2282292
202305180003 ,1720211,1705544037,540586,2260797
202305180003 ,1698762,1705544038,540262,2239024
202305180003 ,1717834,1705544039,539365,2257199
202305180003 ,1709555,1705544040,540075,2249630
202305180003 ,1722250,1705544041,540110,2262360
202305180003 ,7364,1705544042,539924,547288
202305180003 ,7544,1705544043,539562,547106
202305180003 ,7137,1705544044,541050,548187
202305180003 ,7374,1705544045,540754,548128
202305180003 ,7285,1705544046,540967,548252
202305180003 ,600511,1705544046,540859,1141370
202305180003 ,891637,1705544048,541049,1432686
202305180003 ,1572111,1705544049,541591,2113702
202305180003 ,1766046,1705544050,540873,2306919
202305180003 ,1707343,1705544051,540951,2248294
202305180003 ,1690032,1705544052,540914,2230946
202305180003 ,1702409,1705544053,541184,2243593
202305180003 ,1732125,1705544054,540902,2273027
202305180003 ,7437,1705544055,540937,548374
202305180003 ,7776,1705544056,541180,548956
202305180003 ,7275,1705544057,541045,548320
202305180003 ,7306,1705544058,540942,548248
202305180003 ,7655,1705544059,540516,548171
202305180003 ,7251,1705544060,540986,548237
202305180003 ,699663,1705544061,540588,1240251
202305180003 ,1290140,1705544062,540531,1830671
202305180003 ,1677299,1705544063,540128,2217427
202305180003 ,1692563,1705544064,540067,2232630
202305180003 ,1707955,1705544065,540245,2248200
202305180003 ,1733966,1705544066,540303,2274269
202305180003 ,1716607,1705544067,539733,2256340
202305180003 ,5989,1705544068,540728,546717
202305180003 ,7539,1705544069,540587,548126
202305180003 ,7592,1705544070,541185,548777
202305180003 ,7367,1705544071,540885,548252
202305180003 ,7338,1705544072,540212,547550
202305180003 ,7809,1705544073,539936,547745
202305180003 ,596945,1705544074,540214,1137159
202305180003 ,1042115,1705544075,539445,1581560
202305180003 ,1689340,1705544076,540673,2230013
202305180003 ,1704027,1705544077,540667,2244694
202305180003 ,1717013,1705544078,540645,2257658
202305180003 ,1716203,1705544079,540091,2256294
202305180003 ,1712206,1705544080,540362,2252568
202305180003 ,1722425,1705544081,540704,2263129
202305180003 ,7333,1705544082,540034,547367
202305180003 ,7252,1705544083,541230,548482
202305180003 ,7304,1705544084,540480,547784
202305180003 ,7173,1705544085,540650,547823
202305180003 ,7369,1705544086,540825,548194
202305180003 ,602762,1705544087,540892,1143654
202305180003 ,832014,1705544088,539552,1371566
202305180003 ,1482904,1705544089,540455,2023359
202305180003 ,1709029,1705544090,538725,2247754
202305180003 ,1725663,1705544091,540108,2265771
202305180003 ,1705584,1705544092,539734,2245318
202305180003 ,1686857,1705544093,539768,2226625
202305180003 ,1701251,1705544094,540022,2241273
202305180003 ,7302,1705544095,539954,547256
202305180003 ,7316,1705544096,540563,547879
202305180003 ,7480,1705544097,540414,547894
202305180003 ,6868,1705544098,540033,546901
202305180003 ,7059,1705544099,540235,547294
202305180003 ,7384,1705544100,540292,547676
202305180003 ,648835,1705544101,539744,1188579
202305180003 ,1209191,1705544102,539499,1748690
202305180003 ,1696458,1705544103,538184,2234642
202305180003 ,1710296,1705544104,538154,2248450
202305180003 ,1689957,1705544105,539806,2229763
202305180003 ,1739628,1705544106,539101,2278729
202305180003 ,1729175,1705544107,539787,2268962
202305180003 ,1692516,1705544108,540304,2232820
202305180003 ,7428,1705544109,539662,547090
202305180003 ,6972,1705544110,539733,546705
202305180003 ,7128,1705544111,540454,547582
202305180003 ,6980,1705544112,540070,547050
202305180003 ,7282,1705544113,540652,547934
202305180003 ,598463,1705544114,540245,1138708
202305180003 ,973520,1705544115,539986,1513506
202305180003 ,1645052,1705544116,539813,2184865
202305180003 ,1695028,1705544117,539327,2234355
202305180003 ,1675146,1705544118,539713,2214859
202305180003 ,1721254,1705544119,539621,2260875
202305180003 ,1731064,1705544120,539285,2270349
202305180003 ,1735486,1705544121,539640,2275126
202305180003 ,7581,1705544122,539370,546951
202305180003 ,7571,1705544123,540337,547908
202305180003 ,7205,1705544124,539813,547018
202305180003 ,7302,1705544125,540205,547507
202305180003 ,7480,1705544126,539957,547437
202305180003 ,7478,1705544127,539849,547327
202305180003 ,768558,1705544128,539516,1308074
202305180003 ,1389828,1705544129,539340,1929168
202305180003 ,1719404,1705544130,538915,2258319
202305180003 ,1696333,1705544131,539114,2235447
202305180003 ,1713668,1705544132,538095,2251763
202305180003 ,1713121,1705544133,538583,2251704
202305180003 ,1724560,1705544134,539754,2264314
202305180003 ,8127,1705544135,539038,547165
202305180003 ,7279,1705544136,539635,546914
202305180003 ,7695,1705544137,540149,547844
202305180003 ,7204,1705544138,540796,548000
202305180003 ,7832,1705544139,539925,547757
202305180003 ,7140,1705544140,539967,547107
202305180003 ,596940,1705544141,540080,1137020
202305180003 ,1129476,1705544142,539839,1669315
202305180003 ,1707059,1705544143,540121,2247180
202305180003 ,1719651,1705544144,539230,2258881
202305180003 ,1711979,1705544145,539275,2251254
202305180003 ,1727320,1705544146,539606,2266926
202305180003 ,1739289,1705544147,538975,2278264
202305180003 ,1720923,1705544148,538590,2259513
202305180003 ,7510,1705544149,538852,546362
202305180003 ,7338,1705544150,539487,546825
202305180003 ,7873,1705544151,538670,546543
202305180003 ,7031,1705544152,540144,547175
202305180003 ,8004,1705544153,539683,547687
202305180003 ,600482,1705544154,539537,1140019
202305180003 ,905351,1705544155,539699,1445050
202305180003 ,1586393,1705544156,540812,2127205
202305180003 ,1709911,1705544157,539785,2249696
202305180003 ,1690366,1705544158,539286,2229652
202305180003 ,1704570,1705544159,539401,2243971
202305180003 ,1760241,1705544160,538943,2299184
202305180003 ,1708744,1705544161,539648,2248392
202305180003 ,7461,1705544162,539413,546874
202305180003 ,7263,1705544163,539893,547156
202305180003 ,7033,1705544164,538750,545783
202305180003 ,7283,1705544165,539174,546457
202305180003 ,7022,1705544166,539267,546289
202305180003 ,7467,1705544167,539830,547297
202305180003 ,710289,1705544168,540758,1251047
202305180003 ,1305416,1705544169,540383,1845799
202305180003 ,1656850,1705544170,540238,2197088
202305180003 ,1708027,1705544171,540371,2248398
202305180003 ,1721007,1705544172,540114,2261121
202305180003 ,1709359,1705544173,539639,2248998
202305180003 ,1688512,1705544174,539693,2228205
202305180003 ,6976,1705544175,538987,545963
202305180003 ,7023,1705544176,538512,545535
202305180003 ,8203,1705544177,538132,546335
202305180003 ,7172,1705544178,538184,545356
202305180003 ,7484,1705544179,539106,546590
202305180003 ,7499,1705544180,539789,547288
202305180003 ,598161,1705544181,539264,1137425
202305180003 ,1053856,1705544182,539216,1593072
202305180003 ,1676409,1705544183,539345,2215754
202305180003 ,1690388,1705544184,540373,2230761
202305180003 ,1705144,1705544185,540039,2245183
202305180003 ,1754786,1705544186,540175,2294961
202305180003 ,1676491,1705544187,540062,2216553
202305180003 ,1708569,1705544188,539037,2247606
202305180003 ,7390,1705544189,539034,546424
202305180003 ,7441,1705544190,538938,546379
202305180003 ,7620,1705544191,538772,546392
202305180003 ,7549,1705544192,538627,546176
202305180003 ,7623,1705544193,538269,545892
202305180003 ,600331,1705544194,538516,1138847
202305180003 ,836440,1705544195,539262,1375702
202305180003 ,1490616,1705544196,538909,2029525
202305180003 ,1720390,1705544197,539600,2259990
202305180003 ,1694574,1705544198,539895,2234469
202305180003 ,1697946,1705544199,540000,2237946
202305180003 ,1712225,1705544200,539642,2251867
202305180003 ,1720689,1705544201,540498,2261187
202305180003 ,7852,1705544202,540099,547951
202305180003 ,7849,1705544203,539367,547216
202305180003 ,7631,1705544204,539350,546981
202305180003 ,7569,1705544205,539404,546973
202305180003 ,7415,1705544206,539062,546477
202305180003 ,7251,1705544207,538759,546010
202305180003 ,654007,1705544208,539956,1193963
202305180003 ,1216538,1705544209,539612,1756150
202305180003 ,1701418,1705544210,540063,2241481
202305180003 ,1714720,1705544211,539351,2254071
202305180003 ,1678794,1705544212,539354,2218148
202305180003 ,1726552,1705544213,540153,2266705
202305180003 ,1739945,1705544214,539943,2279888
202305180003 ,1682237,1705544215,540947,2223184
202305180003 ,8176,1705544216,539162,547338
202305180003 ,7433,1705544217,539279,546712
202305180003 ,7686,1705544218,539540,547226
202305180003 ,7346,1705544219,538872,546218
202305180003 ,7726,1705544220,539215,546941
202305180003 ,599778,1705544221,538761,1138539
202305180003 ,980467,1705544222,538533,1519000
202305180003 ,1669009,1705544223,539376,2208385
202305180003 ,1682666,1705544224,539332,2221998
202305180003 ,1697131,1705544225,540111,2237242
202305180003 ,1706394,1705544226,539722,2246116
202305180003 ,1717426,1705544227,540332,2257758
202305180003 ,1703532,1705544228,538908,2242440
202305180003 ,7946,1705544229,539901,547847
202305180003 ,7771,1705544230,540550,548321
202305180003 ,7541,1705544231,540680,548221
202305180003 ,7628,1705544232,540613,548241
202305180003 ,7605,1705544233,539629,547234
202305180003 ,7745,1705544234,540390,548135
202305180003 ,773419,1705544235,539674,1313093
202305180003 ,1397848,1705544236,539742,1937590
202305180003 ,1696475,1705544237,539603,2236078
202305180003 ,1744647,1705544238,539377,2284024
202305180003 ,1726750,1705544239,539422,2266172
202305180003 ,1667783,1705544240,538788,2206571
202305180003 ,1686467,1705544241,538792,2225259
202305180003 ,6706,1705544242,539310,546016
202305180003 ,7679,1705544243,539170,546849
202305180003 ,7343,1705544244,539179,546522
202305180003 ,7892,1705544245,539752,547644
202305180003 ,7540,1705544246,538795,546335
202305180003 ,7740,1705544247,538595,546335
202305180003 ,601821,1705544248,539444,1141265
202305180003 ,1136570,1705544249,539261,1675831
202305180003 ,1674340,1705544250,539634,2213974
202305180003 ,1728096,1705544251,539002,2267098
202305180003 ,1671798,1705544252,539541,2211339
202305180003 ,1687471,1705544253,538983,2226454
202305180003 ,1734133,1705544254,538459,2272592
202305180003 ,1692582,1705544255,539144,2231726
202305180003 ,7874,1705544256,539191,547065
202305180003 ,7252,1705544257,538322,545574
202305180003 ,7497,1705544258,538664,546161
202305180003 ,7549,1705544259,538496,546045
202305180003 ,7586,1705544260,538466,546052
202305180003 ,599590,1705544261,538843,1138433
202305180003 ,907990,1705544262,539357,1447347
202305180003 ,1584206,1705544263,539867,2124073
202305180003 ,1709000,1705544264,539793,2248793
202305180003 ,1721895,1705544265,539905,2261800
202305180003 ,1706204,1705544266,539168,2245372
202305180003 ,1688826,1705544267,539581,2228407
202305180003 ,1727135,1705544268,539757,2266892
202305180003 ,7473,1705544269,539281,546754
202305180003 ,7895,1705544270,539081,546976
202305180003 ,7161,1705544271,539177,546338
202305180003 ,7169,1705544272,539355,546524
202305180003 ,7075,1705544273,539453,546528
202305180003 ,7497,1705544274,539146,546643
202305180003 ,711375,1705544275,538510,1249885
202305180003 ,1303902,1705544276,539095,1842997
202305180003 ,1695430,1705544277,538429,2233859
202305180003 ,1708056,1705544278,539926,2247982
202305180003 ,1719568,1705544279,539391,2258959
202305180003 ,1712845,1705544280,538947,2251792
202305180003 ,1674131,1705544281,538597,2212728
202305180003 ,5598,1705544282,538729,544327
202305180003 ,7548,1705544283,539364,546912
202305180003 ,7306,1705544284,539475,546781
202305180003 ,7159,1705544285,540047,547206
202305180003 ,6893,1705544286,539109,546002
202305180003 ,6915,1705544287,539408,546323
202305180003 ,599042,1705544288,539558,1138600
202305180003 ,1053839,1705544289,539495,1593334
202305180003 ,1680223,1705544290,540144,2220367
202305180003 ,1660170,1705544291,538893,2199063
202305180003 ,1707588,1705544292,539069,2246657
202305180003 ,1721406,1705544293,539340,2260746
202305180003 ,1713517,1705544294,538664,2252181
202305180003 ,1699866,1705544295,538429,2238295
202305180003 ,7068,1705544296,539066,546134
202305180003 ,7727,1705544297,539773,547500
202305180003 ,7759,1705544298,540161,547920
202305180003 ,7873,1705544299,539292,547165
202305180003 ,7624,1705544300,540095,547719
202305180003 ,601441,1705544301,539151,1140592
202305180003 ,838946,1705544302,539368,1378314
202305180003 ,1491351,1705544303,539549,2030900
202305180003 ,1717736,1705544304,539779,2257515
202305180003 ,1735321,1705544305,0,1735321
202305180003 ,1709453,1705544306,0,1709453
202305180003 ,1710426,1705544307,0,1710426
202305180003 ,1686843,1705544308,0,1686843
202305180003 ,6895,1705544309,0,6895
202305180003 ,7138,1705544310,0,7138
202305180003 ,6999,1705544311,0,6999
202305180003 ,7159,1705544312,542094,549253
202305180003 ,7291,1705544313,538211,545502
202305180003 ,7108,1705544314,538596,545704
202305180003 ,649175,1705544315,538409,1187584
202305180003 ,1214871,1705544316,537895,1752766
202305180003 ,1687135,1705544317,537586,2224721
202305180003 ,1740267,1705544318,537894,2278161
202305180003 ,1714836,1705544319,537961,2252797
202305180003 ,1727070,1705544320,537527,2264597
202305180003 ,1697967,1705544321,537263,2235230
202305180003 ,1684473,1705544322,537408,2221881
202305180003 ,7252,1705544323,538320,545572
202305180003 ,7439,1705544324,537050,544489
202305180003 ,7254,1705544325,536210,543464
202305180003 ,7554,1705544326,536640,544194
202305180003 ,7434,1705544327,537368,544802
202305180003 ,598361,1705544328,537965,1136326
202305180003 ,977476,1705544329,537037,1514513
202305180003 ,1668223,1705544330,536828,2205051
202305180003 ,1755845,1705544331,537829,2293674
202305180003 ,1733371,1705544332,537965,2271336
202305180003 ,1697531,1705544333,538403,2235934
202305180003 ,1694728,1705544334,538574,2233302
202305180003 ,1737937,1705544335,538310,2276247
202305180003 ,7172,1705544336,538034,545206
202305180003 ,7376,1705544337,539176,546552
202305180003 ,7024,1705544338,537664,544688
202305180003 ,7124,1705544339,538338,545462
202305180003 ,7033,1705544340,537001,544034
202305180003 ,7577,1705544341,537485,545062
202305180003 ,772775,1705544342,537503,1310278
202305180003 ,1396471,1705544343,536731,1933202
202305180003 ,1696304,1705544344,536865,2233169
202305180003 ,1751100,1705544345,536785,2287885
202305180003 ,1719103,1705544346,537274,2256377
202305180003 ,1668767,1705544346,536416,2205183
202305180003 ,1722065,1705544348,535883,2257948
202305180003 ,6894,1705544349,536030,542924
202305180003 ,7242,1705544350,536490,543732
202305180003 ,7357,1705544351,536883,544240
202305180003 ,7574,1705544352,536891,544465
202305180003 ,6975,1705544353,536340,543315
202305180003 ,7739,1705544354,536200,543939
202305180003 ,595700,1705544355,536259,1131959
202305180003 ,1130697,1705544356,536591,1667288
202305180003 ,1678773,1705544357,536705,2215478
202305180003 ,1729373,1705544358,537295,2266668
202305180003 ,1704997,1705544359,536997,2241994
202305180003 ,1720333,1705544360,537194,2257527
202305180003 ,1662276,1705544361,537029,2199305
202305180003 ,1716598,1705544362,536948,2253546
202305180003 ,7893,1705544363,536114,544007
202305180003 ,7601,1705544364,537021,544622
202305180003 ,7452,1705544365,536106,543558
202305180003 ,7621,1705544366,535766,543387
202305180003 ,7483,1705544367,535696,543179
202305180003 ,598002,1705544368,535450,1133452
202305180003 ,900191,1705544369,536110,1436301
202305180003 ,1580368,1705544370,536403,2116771
202305180003 ,1703176,1705544371,536287,2239463
202305180003 ,1725543,1705544372,536907,2262450
202305180003 ,1739910,1705544373,536801,2276711
202305180003 ,1751052,1705544374,537507,2288559
202305180003 ,1703357,1705544375,537210,2240567
202305180003 ,6957,1705544376,536427,543384
202305180003 ,7304,1705544377,536674,543978
202305180003 ,6967,1705544378,536516,543483
202305180003 ,6944,1705544379,536316,543260
202305180003 ,7226,1705544380,535953,543179
202305180003 ,6932,1705544381,536462,543394
202305180003 ,705106,1705544382,535936,1241042
202305180003 ,1300426,1705544383,535714,1836140
202305180003 ,1728210,1705544384,536005,2264215
202305180003 ,1704851,1705544385,535807,2240658
202305180003 ,1684411,1705544386,536331,2220742
202305180003 ,1662433,1705544387,535842,2198275
202305180003 ,1752524,1705544388,536527,2289051
202305180003 ,9697,1705544389,537395,547092
202305180003 ,7060,1705544390,536813,543873
202305180003 ,7342,1705544391,536638,543980
202305180003 ,7270,1705544392,536293,543563
202305180003 ,6757,1705544393,535399,542156
202305180003 ,6912,1705544394,536434,543346
202305180003 ,596807,1705544395,536432,1133239
202305180003 ,1048038,1705544396,535673,1583711
202305180003 ,1675388,1705544397,536158,2211546
202305180003 ,1727231,1705544398,535051,2262282
202305180003 ,1671357,1705544399,535938,2207295
202305180003 ,1687326,1705544400,536040,2223366
202305180003 ,1694928,1705544401,536011,2230939
202305180003 ,1744291,1705544402,535561,2279852
202305180003 ,7111,1705544403,537081,544192
202305180003 ,7561,1705544404,536782,544343
202305180003 ,7472,1705544405,536207,543679
202305180003 ,7536,1705544406,536558,544094
202305180003 ,7667,1705544407,535306,542973
202305180003 ,599240,1705544408,536020,1135260
202305180003 ,833808,1705544409,535672,1369480
202305180003 ,1481492,1705544410,536707,2018199
202305180003 ,1669412,1705544411,536867,2206279
202305180003 ,1686149,1705544412,536350,2222499
202305180003 ,1701849,1705544413,536645,2238494
202305180003 ,1714152,1705544414,535664,2249816
202305180003 ,1725813,1705544415,535818,2261631
202305180003 ,7491,1705544416,535086,542577
202305180003 ,7192,1705544417,535009,542201
202305180003 ,7883,1705544418,535728,543611
202305180003 ,6556,1705544420,535243,541799
202305180003 ,7316,1705544421,534585,541901
202305180003 ,647326,1705544422,534258,1181584
202305180003 ,1208512,1705544423,534888,1743400
202305180003 ,1686520,1705544424,534881,2221401
202305180003 ,1700947,1705544425,534939,2235886
202305180003 ,1680078,1705544426,534498,2214576
202305180003 ,1733676,1705544427,536590,2270266
202305180003 ,1722104,1705544428,536329,2258433
202305180003 ,1707626,1705544429,536785,2244411
202305180003 ,7105,1705544430,536967,544072
202305180003 ,7089,1705544431,536418,543507
202305180003 ,7643,1705544432,536472,544115
202305180003 ,7161,1705544433,536258,543419
202305180003 ,7451,1705544434,535827,543278
202305180003 ,597746,1705544435,535941,1133687
202305180003 ,970975,1705544436,534659,1505634
202305180003 ,1643412,1705544437,534935,2178347
202305180003 ,1720103,1705544438,535841,2255944
202305180003 ,1696242,1705544439,535307,2231549
202305180003 ,1723118,1705544440,535906,2259024
202305180003 ,1708016,1705544441,535709,2243725
202305180003 ,1689642,1705544442,535720,2225362
202305180003 ,7385,1705544443,535853,543238
202305180003 ,7265,1705544444,536363,543628
202305180003 ,7731,1705544445,536222,543953
202305180003 ,7057,1705544446,536961,544018
202305180003 ,7888,1705544447,536935,544823
202305180003 ,7450,1705544448,536674,544124
202305180003 ,763249,1705544449,536313,1299562
202305180003 ,1382032,1705544450,537069,1919101
202305180003 ,1709099,1705544451,536295,2245394
202305180003 ,1725901,1705544452,537590,2263491
202305180003 ,1705465,1705544453,536974,2242439
202305180003 ,1689407,1705544454,536576,2225983
202305180003 ,7415,1705544456,537149,544564
202305180003 ,7380,1705544457,537609,544989
202305180003 ,7383,1705544458,537696,545079
202305180003 ,7184,1705544459,536658,543842
202305180003 ,7002,1705544460,536796,543798
202305180003 ,7439,1705544461,535139,542578
202305180003 ,595806,1705544462,535242,1131048
202305180003 ,1125248,1705544463,534069,1659317
202305180003 ,1726871,1705544464,533779,2260650
202305180003 ,1717186,1705544466,533748,2250934
202305180003 ,1750740,1705544467,534396,2285136
202305180003 ,1689436,1705544468,534387,2223823
202305180003 ,1723488,1705544469,535144,2258632
202305180003 ,7228,1705544470,534758,541986
202305180003 ,7143,1705544471,534529,541672
202305180003 ,7385,1705544472,534584,541969
202305180003 ,7350,1705544473,535061,542411
202305180003 ,7102,1705544474,536133,543235
202305180003 ,598547,1705544475,535885,1134432
202305180003 ,893843,1705544476,536166,1430009
202305180003 ,1569990,1705544477,536182,2106172
202305180003 ,1724183,1705544478,535818,2260001
202305180003 ,1699161,1705544479,534762,2233923
202305180003 ,1713840,1705544480,535143,2248983
202305180003 ,1708041,1705544481,535819,2243860
202305180003 ,1690583,1705544482,535947,2226530
202305180003 ,7085,1705544483,534962,542047
202305180003 ,7350,1705544484,535286,542636
202305180003 ,7205,1705544485,535684,542889
202305180003 ,7209,1705544486,536029,543238
202305180003 ,7173,1705544487,536188,543361
202305180003 ,7488,1705544488,535398,542886
202305180003 ,699834,1705544489,536172,1236006
202305180003 ,1285974,1705544490,535297,1821271
202305180003 ,1712214,1705544491,535946,2248160
202305180003 ,1726371,1705544492,535953,2262324
202305180003 ,1669750,1705544493,535778,2205528
202305180003 ,1721254,1705544494,535944,2257198
202305180003 ,1693642,1705544495,535849,2229491
202305180003 ,13969,1705544496,535502,549471
202305180003 ,7035,1705544497,536015,543050
202305180003 ,7986,1705544498,536506,544492
202305180003 ,6998,1705544499,536175,543173
202305180003 ,7062,1705544500,534928,541990
202305180003 ,7509,1705544501,535912,543421
202305180003 ,596880,1705544502,535709,1132589
202305180003 ,1040916,1705544503,535194,1576110
202305180003 ,1654304,1705544504,535631,2189935
202305180003 ,1706537,1705544505,535127,2241664
202305180003 ,1718611,1705544506,535486,2254097
202305180003 ,1697889,1705544507,535261,2233150
202305180003 ,1748937,1705544508,535235,2284172
202305180003 ,1709394,1705544509,534866,2244260
202305180003 ,7376,1705544510,533895,541271
202305180003 ,7548,1705544511,534632,542180
202305180003 ,7331,1705544512,535027,542358
202305180003 ,7161,1705544513,534649,541810
202305180003 ,7635,1705544514,534605,542240
202305180003 ,601962,1705544515,534753,1136715
202305180003 ,818634,1705544516,534862,1353496
202305180003 ,1466433,1705544517,533993,2000426
202305180003 ,1690234,1705544518,1577086,3267320
202305180003 ,1746026,1705544519,1579843,3325869
202305180003 ,1717860,1705544520,1578686,3296546
202305180003 ,1741167,1705544521,534163,2275330
202305180003 ,1690493,1705544522,872492,2562985
202305180003 ,7435,1705544523,873156,880591
202305180003 ,7137,1705544524,872631,879768
202305180003 ,7058,1705544525,872453,879511
202305180003 ,6755,1705544526,873218,879973
202305180003 ,7601,1705544527,873560,881161
202305180003 ,7432,1705544528,872931,880363
202305180003 ,637838,1705544529,872926,1510764
202305180003 ,1191768,1705544530,873185,2064953
202305180003 ,1669556,1705544531,873744,2543300
202305180003 ,1682851,1705544532,873661,2556512
202305180003 ,1698468,1705544533,873463,2571931
202305180003 ,1712102,1705544534,873289,2585391
202305180003 ,1704452,1705544535,872996,2577448
202305180003 ,1708755,1705544536,872813,2581568
202305180003 ,6964,1705544537,873277,880241
202305180003 ,7462,1705544538,873700,881162
202305180003 ,7137,1705544539,873656,880793
202305180003 ,7768,1705544540,873806,881574
202305180003 ,7609,1705544541,873573,881182
202305180003 ,597811,1705544542,872645,1470456
202305180003 ,955470,1705544543,872429,1827899
202305180003 ,1656806,1705544544,873224,2530030
202305180003 ,1742285,1705544545,873010,2615295
202305180003 ,1725687,1705544546,872209,2597896
202305180003 ,1703477,1705544547,873041,2576518
202305180003 ,1719933,1705544548,873321,2593254
202305180003 ,1708112,1705544549,872802,2580914
202305180003 ,7748,1705544550,873413,881161
202305180003 ,7537,1705544551,874054,881591
202305180003 ,7622,1705544552,873234,880856
202305180003 ,7130,1705544553,872927,880057
202305180003 ,7397,1705544554,871955,879352
202305180003 ,7006,1705544555,871483,878489
202305180003 ,750125,1705544556,870337,1620462
202305180003 ,1363831,1705544557,870439,2234270
202305180003 ,1726681,1705544558,872129,2598810
202305180003 ,1702332,1705544559,872339,2574671
202305180003 ,1723131,1705544560,872958,2596089
202305180003 ,1699677,1705544561,873480,2573157
202305180003 ,1716121,1705544562,874090,2590211
202305180003 ,6681,1705544563,876431,883112
202305180003 ,7376,1705544564,876504,883880
202305180003 ,7106,1705544565,875560,882666
202305180003 ,7087,1705544566,874791,881878
202305180003 ,7139,1705544567,874872,882011
202305180003 ,7500,1705544568,875717,883217
202305180003 ,595660,1705544569,874556,1470216
202305180003 ,1103723,1705544570,874694,1978417
202305180003 ,1673779,1705544571,875062,2548841
202305180003 ,1689186,1705544572,875050,2564236
202305180003 ,1702214,1705544573,875240,2577454
202305180003 ,1686174,1705544574,874903,2561077
202305180003 ,1704222,1705544575,875946,2580168
202305180003 ,1714913,1705544576,875447,2590360
202305180003 ,7535,1705544577,875533,883068
202305180003 ,7721,1705544578,874991,882712
202305180003 ,7523,1705544579,876099,883622
202305180003 ,7724,1705544580,876203,883927
202305180003 ,7388,1705544581,876790,884178
202305180003 ,599962,1705544582,876611,1476573
202305180003 ,879314,1705544583,876804,1756118
202305180003 ,1553629,1705544584,876785,2430414
202305180003 ,1748055,1705544585,875613,2623668
202305180003 ,1686312,1705544586,872768,2559080
202305180003 ,1701381,1705544587,874289,2575670
202305180003 ,1715505,1705544588,875534,2591039
202305180003 ,1706972,1705544589,874782,2581754
202305180003 ,7434,1705544590,875049,882483
202305180003 ,7563,1705544591,874862,882425
202305180003 ,7355,1705544592,873571,880926
202305180003 ,7390,1705544593,873786,881176
202305180003 ,7123,1705544594,873542,880665
202305180003 ,7700,1705544595,874318,882018
202305180003 ,687118,1705544596,875027,1562145
202305180003 ,1266622,1705544597,874413,2141035
202305180003 ,1690362,1705544598,874289,2564651
202305180003 ,1705282,1705544599,875023,2580305
202305180003 ,1684654,1705544600,876253,2560907
202305180003 ,1701141,1705544601,876642,2577783
202305180003 ,1714881,1705544602,875938,2590819
202305180003 ,1706994,1705544603,875790,2582784
202305180003 ,7053,1705544604,876742,883795
202305180003 ,7679,1705544605,876160,883839
202305180003 ,7722,1705544606,876715,884437
202305180003 ,7373,1705544607,875915,883288
202305180003 ,7789,1705544608,876623,884412
202305180003 ,596930,1705544609,876473,1473403
202305180003 ,1019256,1705544610,876172,1895428
202305180003 ,1672029,1705544611,875458,2547487
202305180003 ,1686595,1705544612,875907,2562502
202305180003 ,1668306,1705544613,876305,2544611
202305180003 ,1718655,1705544614,875534,2594189
202305180003 ,1728798,1705544615,876221,2605019
202305180003 ,1724054,1705544616,876435,2600489
202305180003 ,7082,1705544617,874548,881630
202305180003 ,7085,1705544618,875119,882204
202305180003 ,7295,1705544619,874791,882086
202305180003 ,7355,1705544620,875343,882698
202305180003 ,7724,1705544621,875560,883284
202305180003 ,601543,1705544622,875504,1477047
202305180003 ,808336,1705544623,876634,1684970
202305180003 ,1445906,1705544624,875182,2321088
202305180003 ,1707039,1705544625,875048,2582087
202305180003 ,1683793,1705544626,875853,2559646
202305180003 ,1697902,1705544627,874740,2572642
202305180003 ,1719399,1705544628,875169,2594568
202305180003 ,1702484,1705544629,875162,2577646
202305180003 ,7480,1705544630,874769,882249
202305180003 ,7234,1705544631,875546,882780
202305180003 ,7749,1705544632,875720,883469
202305180003 ,7426,1705544633,873943,881369
202305180003 ,7608,1705544634,873943,881551
202305180003 ,7806,1705544635,874115,881921
202305180003 ,628605,1705544636,873638,1502243
202305180003 ,1179296,1705544637,873309,2052605
202305180003 ,1688379,1705544638,873727,2562106
202305180003 ,1702325,1705544639,873870,2576195
202305180003 ,1681076,1705544640,873726,2554802
202305180003 ,1729537,1705544641,873713,2603250
202305180003 ,1720460,1705544642,874340,2594800
202305180003 ,1690944,1705544643,873953,2564897
202305180003 ,6906,1705544644,873781,880687
202305180003 ,6629,1705544645,872638,879267
202305180003 ,7787,1705544646,873956,881743
202305180003 ,7016,1705544647,872824,879840
202305180003 ,7452,1705544647,873590,881042
202305180003 ,598379,1705544649,873437,1471816
202305180003 ,931917,1705544650,874292,1806209
202305180003 ,1587667,1705544651,874269,2461936
202305180003 ,1671341,1705544652,874959,2546300
202305180003 ,1724158,1705544653,874339,2598497
202305180003 ,1734350,1705544654,874355,2608705
202305180003 ,1691684,1705544655,875446,2567130
202305180003 ,1688865,1705544656,876152,2565017
202305180003 ,7296,1705544657,875970,883266
202305180003 ,7564,1705544658,875990,883554
202305180003 ,7660,1705544659,875875,883535
202305180003 ,7286,1705544660,875586,882872
202305180003 ,7164,1705544661,874298,881462
202305180003 ,7643,1705544662,874012,881655
202305180003 ,731925,1705544663,874100,1606025
202305180003 ,1334871,1705544664,875327,2210198
202305180003 ,1690931,1705544665,875434,2566365
202305180003 ,1745311,1705544666,875186,2620497
202305180003 ,1714704,1705544667,874453,2589157
202305180003 ,1708496,1705544668,875186,2583682
202305180003 ,1708733,1705544669,874605,2583338
202305180003 ,6678,1705544670,874123,880801
202305180003 ,7349,1705544671,874713,882062
202305180003 ,7368,1705544672,874734,882102
202305180003 ,7690,1705544673,876237,883927
202305180003 ,7583,1705544674,876502,884085
202305180003 ,6980,1705544675,875205,882185
202305180003 ,595691,1705544676,872036,1467727
202305180003 ,1077449,1705544677,873792,1951241
202305180003 ,1670951,1705544678,873627,2544578
202305180003 ,1683959,1705544679,874123,2558082
202305180003 ,1742415,1705544680,873794,2616209
202305180003 ,1726324,1705544681,871345,2597669
202305180003 ,1710216,1705544682,872374,2582590
202305180003 ,1741800,1705544683,874017,2615817
202305180003 ,7470,1705544684,874586,882056
202305180003 ,7291,1705544685,875268,882559
202305180003 ,7253,1705544686,875120,882373
202305180003 ,7715,1705544687,875301,883016
202305180003 ,6981,1705544688,874298,881279
202305180003 ,597442,1705544689,873884,1471326
202305180003 ,857270,1705544690,875412,1732682
202305180003 ,1515552,1705544691,874821,2390373
202305180003 ,1671350,1705544692,874714,2546064
202305180003 ,1719154,1705544693,874632,2593786
202305180003 ,1731521,1705544694,874452,2605973
202305180003 ,1726899,1705544695,875268,2602167
202305180003 ,1690195,1705544696,873887,2564082
202305180003 ,7602,1705544697,874753,882355
202305180003 ,7545,1705544698,875222,882767
202305180003 ,7321,1705544699,875598,882919
202305180003 ,7518,1705544700,874042,881560
202305180003 ,7745,1705544701,874517,882262
202305180003 ,7410,1705544702,874723,882133
202305180003 ,671945,1705544703,874407,1546352
202305180003 ,1245853,1705544704,875161,2121014
202305180003 ,1697134,1705544705,874641,2571775
202305180003 ,1672663,1705544706,874346,2547009
202305180003 ,1685107,1705544707,870757,2555864
202305180003 ,1689558,1705544708,875400,2564958
202305180003 ,1727453,1705544709,875376,2602829
202305180003 ,1681971,1705544710,874980,2556951
202305180003 ,7848,1705544711,874505,882353
202305180003 ,7339,1705544712,872978,880317
202305180003 ,7190,1705544713,874639,881829
202305180003 ,7470,1705544714,874454,881924
202305180003 ,7594,1705544715,875508,883102
202305180003 ,596692,1705544716,874915,1471607
202305180003 ,1000782,1705544717,874218,1875000
202305180003 ,1681664,1705544718,875313,2556977
202305180003 ,1731916,1705544719,874544,2606460
202305180003 ,1712274,1705544720,874382,2586656
202305180003 ,1691040,1705544721,875959,2566999
202305180003 ,1720697,1705544722,874133,2594830
202305180003 ,1729717,1705544723,874872,2604589
202305180003 ,7263,1705544724,874247,881510
202305180003 ,6927,1705544725,874218,881145
202305180003 ,7314,1705544726,874467,881781
202305180003 ,7024,1705544727,874077,881101
202305180003 ,6604,1705544728,873815,880419
202305180003 ,7136,1705544729,874518,881654
202305180003 ,788473,1705544730,873420,1661893
202305180003 ,1418624,1705544731,873926,2292550
202305180003 ,1700993,1705544732,874890,2575883
202305180003 ,1715730,1705544733,873835,2589565
202305180003 ,1710798,1705544734,875363,2586161
202305180003 ,1673726,1705544735,873967,2547693
202305180003 ,1684752,1705544736,874630,2559382
202305180003 ,7429,1705544737,874796,882225
202305180003 ,7553,1705544738,874380,881933
202305180003 ,7278,1705544739,874745,882023
202305180003 ,7419,1705544740,875419,882838
202305180003 ,7506,1705544741,874109,881615
202305180003 ,7702,1705544742,875402,883104
202305180003 ,612214,1705544743,872305,1484519
202305180003 ,1152062,1705544744,875086,2027148
202305180003 ,1687142,1705544745,875382,2562524
202305180003 ,1699062,1705544746,874864,2573926
202305180003 ,1714609,1705544747,875017,2589626
202305180003 ,1750207,1705544748,874576,2624783
202305180003 ,1671584,1705544749,875139,2546723
202305180003 ,1681076,1705544750,874188,2555264
202305180003 ,7671,1705544751,875173,882844
202305180003 ,7114,1705544752,874964,882078
202305180003 ,7416,1705544753,876395,883811
202305180003 ,6981,1705544754,875853,882834
202305180003 ,7032,1705544755,874583,881615
202305180003 ,597043,1705544756,876797,1473840
202305180003 ,920569,1705544757,875405,1795974
202305180003 ,1608947,1705544758,875723,2484670
202305180003 ,1693342,1705544759,875793,2569135
202305180003 ,1707397,1705544760,876675,2584072
202305180003 ,1688102,1705544761,877121,2565223
202305180003 ,1683252,1705544762,876779,2560031
202305180003 ,1727856,1705544763,875618,2603474
202305180003 ,7226,1705544764,875931,883157
202305180003 ,7456,1705544765,876157,883613
202305180003 ,7660,1705544766,874944,882604
202305180003 ,7664,1705544767,874484,882148
202305180003 ,7050,1705544768,875464,882514
202305180003 ,7291,1705544769,874707,881998
202305180003 ,723139,1705544770,874911,1598050
202305180003 ,1321511,1705544771,874081,2195592
202305180003 ,1674545,1705544772,874020,2548565
202305180003 ,1689579,1705544773,874502,2564081
202305180003 ,1690978,1705544774,875063,2566041
202305180003 ,1702589,1705544775,875905,2578494
202305180003 ,1709492,1705544776,876019,2585511
202305180003 ,6978,1705544777,875072,882050
202305180003 ,7379,1705544778,875305,882684
202305180003 ,6959,1705544779,875192,882151
202305180003 ,7167,1705544780,876262,883429
202305180003 ,7208,1705544781,875234,882442
202305180003 ,7481,1705544782,875992,883473
202305180003 ,595931,1705544783,875654,1471585
202305180003 ,1068106,1705544784,875388,1943494
202305180003 ,1658351,1705544785,875625,2533976
202305180003 ,1708886,1705544786,875247,2584133
202305180003 ,1709375,1705544787,874866,2584241
202305180003 ,1724159,1705544788,874877,2599036
202305180003 ,1729751,1705544789,874929,2604680
202305180003 ,1680894,1705544790,874556,2555450
202305180003 ,7042,1705544791,874788,881830
202305180003 ,7074,1705544792,875109,882183
202305180003 ,7203,1705544793,874685,881888
202305180003 ,7236,1705544794,874027,881263
202305180003 ,7647,1705544795,875288,882935
202305180003 ,599305,1705544796,875592,1474897
202305180003 ,848632,1705544797,875349,1723981
202305180003 ,1505137,1705544798,876112,2381249
202305180003 ,1720530,1705544799,875750,2596280
202305180003 ,1696602,1705544800,874701,2571303
202305180003 ,1689973,1705544801,875602,2565575
202305180003 ,1709172,1705544802,875021,2584193
202305180003 ,1741873,1705544803,875713,2617586
202305180003 ,7861,1705544804,875926,883787
202305180003 ,7961,1705544805,875527,883488
202305180003 ,7782,1705544806,875435,883217
202305180003 ,7877,1705544807,875568,883445
202305180003 ,7856,1705544808,875282,883138
202305180003 ,7656,1705544809,874149,881805
202305180003 ,661645,1705544810,874809,1536454
202305180003 ,1227309,1705544811,874810,2102119
202305180003 ,1693853,1705544812,875489,2569342
202305180003 ,1676786,1705544813,875774,2552560
202305180003 ,1728079,1705544814,875709,2603788
202305180003 ,1726965,1705544815,874641,2601606
202305180003 ,1687026,1705544816,875132,2562158
202305180003 ,1734721,1705544817,874709,2609430
202305180003 ,7273,1705544818,874760,882033
202305180003 ,7039,1705544819,875019,882058
202305180003 ,6959,1705544820,875416,882375
202305180003 ,7274,1705544821,874252,881526
202305180003 ,7015,1705544822,874211,881226
202305180003 ,596613,1705544823,874835,1471448
202305180003 ,989430,1705544824,875296,1864726
202305180003 ,1627617,1705544825,875102,2502719
202305180003 ,1658496,1705544826,875340,2533836
202305180003 ,1705871,1705544827,874419,2580290
202305180003 ,1719688,1705544828,875242,2594930
202305180003 ,1692038,1705544829,874935,2566973
202305180003 ,1714454,1705544830,875154,2589608
202305180003 ,7772,1705544831,875395,883167
202305180003 ,7531,1705544832,874873,882404
202305180003 ,8143,1705544833,876013,884156
202305180003 ,7833,1705544834,875757,883590
202305180003 ,7595,1705544835,875002,882597
202305180003 ,7311,1705544836,875950,883261
202305180003 ,780161,1705544837,874459,1654620
202305180003 ,1401896,1705544838,874779,2276675
202305180003 ,1675900,1705544839,874865,2550765
202305180003 ,1691210,1705544840,875755,2566965
202305180003 ,1743155,1705544841,875117,2618272
202305180003 ,1747524,1705544842,874826,2622350
202305180003 ,1697241,1705544843,874770,2572011
202305180003 ,7352,1705544844,874285,881637
202305180003 ,7440,1705544845,874865,882305
202305180003 ,7033,1705544846,875259,882292
202305180003 ,7752,1705544847,875094,882846
202305180003 ,6645,1705544848,876406,883051
202305180003 ,7296,1705544849,874792,882088
202305180003 ,604656,1705544850,875165,1479821
202305180003 ,1139530,1705544851,874147,2013677
202305180003 ,1677561,1705544852,874619,2552180
202305180003 ,1692932,1705544853,874104,2567036
202305180003 ,1688891,1705544854,874616,2563507
202305180003 ,1702389,1705544855,874746,2577135
202305180003 ,1679894,1705544856,874190,2554084
202305180003 ,1696994,1705544857,874202,2571196
202305180003 ,6837,1705544858,873280,880117
202305180003 ,7136,1705544859,873627,880763
202305180003 ,7467,1705544860,873683,881150
202305180003 ,7338,1705544861,874072,881410
202305180003 ,7577,1705544862,873986,881563
202305180003 ,599669,1705544863,873755,1473424
202305180003 ,909438,1705544864,874248,1783686
202305180003 ,1592832,1705544865,875042,2467874
202305180003 ,1592832,1705544865,875235,2468067
202305180003 ,1678301,1705544866,873978,2552279
202305180003 ,1693657,1705544867,874890,2568547
202305180003 ,1692266,1705544868,874396,2566662
202305180003 ,1734723,1705544869,874516,2609239
202305180003 ,1715990,1705544870,875213,2591203
202305180003 ,7499,1705544871,874392,881891
202305180003 ,7508,1705544872,874161,881669
202305180003 ,7670,1705544873,874106,881776
202305180003 ,7364,1705544874,874141,881505
202305180003 ,7536,1705544875,873960,881496
202305180003 ,7276,1705544876,874185,881461
202305180003 ,712572,1705544877,872420,1584992
202305180003 ,1309848,1705544878,874037,2183885
202305180003 ,1737740,1705544879,874215,2611955
202305180003 ,1678103,1705544880,874567,2552670
202305180003 ,1694402,1705544881,874477,2568879
202305180003 ,1691619,1705544882,875148,2566767
202305180003 ,1738152,1705544883,875529,2613681
202305180003 ,6481,1705544884,876431,882912
202305180003 ,7200,1705544885,876143,883343
202305180003 ,7271,1705544886,874575,881846
202305180003 ,7157,1705544887,874886,882043
202305180003 ,6788,1705544888,875159,881947
202305180003 ,7293,1705544889,875102,882395
202305180003 ,595026,1705544890,875428,1470454
202305180003 ,1055611,1705544891,874196,1929807
202305180003 ,1679768,1705544892,874349,2554117
202305180003 ,1730723,1705544893,874955,2605678
202305180003 ,1706455,1705544894,874299,2580754
202305180003 ,1689098,1705544895,874685,2563783
202305180003 ,1719108,1705544896,875231,2594339
202305180003 ,1733190,1705544897,874846,2608036
202305180003 ,7486,1705544898,875633,883119
202305180003 ,7179,1705544899,874580,881759
202305180003 ,7338,1705544900,874796,882134
202305180003 ,7272,1705544901,874652,881924
202305180003 ,7042,1705544902,874999,882041
202305180003 ,598402,1705544903,874580,1472982
202305180003 ,837607,1705544904,874788,1712395
202305180003 ,1488142,1705544905,875019,2363161
202305180003 ,1696545,1705544906,874555,2571100
202305180003 ,1749063,1705544907,875395,2624458
202305180003 ,1707565,1705544908,874222,2581787
202305180003 ,1689745,1705544909,873301,2563046
202305180003 ,1685093,1705544910,873182,2558275
202305180003 ,7106,1705544911,871361,878467
202305180003 ,7321,1705544912,873009,880330
202305180003 ,7198,1705544913,872384,879582
202305180003 ,7198,1705544914,873052,880250
202305180003 ,7050,1705544915,873996,881046
202305180003 ,7239,1705544916,875397,882636
202305180003 ,651327,1705544917,875607,1526934
202305180003 ,1211178,1705544918,876101,2087279
202305180003 ,1690335,1705544919,875232,2565567
202305180003 ,1689863,1705544920,874309,2564172
202305180003 ,1672735,1705544921,875433,2548168
202305180003 ,1722448,1705544922,875789,2598237
202305180003 ,1690995,1705544923,875947,2566942
202305180003 ,1681451,1705544924,874797,2556248
202305180003 ,7433,1705544925,874950,882383
202305180003 ,7460,1705544926,875109,882569
202305180003 ,8262,1705544927,875136,883398
202305180003 ,6933,1705544928,875662,882595
202305180003 ,7705,1705544929,875920,883625
202305180003 ,597700,1705544930,875913,1473613
202305180003 ,973904,1705544931,876316,1850220
202305180003 ,1646320,1705544932,876884,2523204
202305180003 ,1694245,1705544933,875396,2569641
202305180003 ,1708477,1705544934,875668,2584145
202305180003 ,1687675,1705544935,876542,2564217
202305180003 ,1719342,1705544936,876046,2595388
202305180003 ,1730725,1705544937,877149,2607874
202305180003 ,6918,1705544938,876556,883474
202305180003 ,7074,1705544939,876360,883434
202305180003 ,7866,1705544940,876257,884123
202305180003 ,7447,1705544941,877207,884654
202305180003 ,7394,1705544942,876835,884229
202305180003 ,7319,1705544943,873928,881247
202305180003 ,763654,1705544944,876683,1640337
202305180003 ,1382405,1705544945,876491,2258896
202305180003 ,1706791,1705544946,876946,2583737
202305180003 ,1718325,1705544947,877206,2595531
202305180003 ,1729386,1705544947,876525,2605911
202305180003 ,1688178,1705544949,877745,2565923
202305180003 ,1686355,1705544950,876405,2562760
202305180003 ,7539,1705544951,876481,884020
202305180003 ,7189,1705544952,876107,883296
202305180003 ,7138,1705544953,876189,883327
202305180003 ,7239,1705544954,876360,883599
202305180003 ,7127,1705544955,875940,883067
202305180003 ,7165,1705544956,876198,883363
202305180003 ,596560,1705544957,875768,1472328
202305180003 ,1123856,1705544958,876183,2000039
202305180003 ,1692379,1705544959,876242,2568621
202305180003 ,1694517,1705544960,875383,2569900
202305180003 ,1721453,1705544961,875909,2597362
202305180003 ,1701122,1705544962,875720,2576842
202305180003 ,1706141,1705544963,874722,2580863
202305180003 ,1716687,1705544964,875243,2591930
202305180003 ,7647,1705544965,876416,884063
202305180003 ,7074,1705544966,875365,882439
202305180003 ,7657,1705544967,875995,883652
202305180003 ,7293,1705544968,875191,882484
202305180003 ,7053,1705544969,875465,882518
202305180003 ,597590,1705544970,875430,1473020
202305180003 ,891535,1705544971,875548,1767083
202305180003 ,1565513,1705544972,876126,2441639
202305180003 ,1760103,1705544973,875969,2636072
202305180003 ,1774287,1705544974,875327,2649614
202305180003 ,1748339,1705544975,876339,2624678
202305180003 ,1738039,1705544976,875060,2613099
202305180003 ,1686086,1705544977,874682,2560768
202305180003 ,7127,1705544978,875097,882224
202305180003 ,7130,1705544979,875095,882225
202305180003 ,6882,1705544980,875694,882576
202305180003 ,7057,1705544981,876210,883267
202305180003 ,7328,1705544982,876912,884240
202305180003 ,6768,1705544983,877244,884012
202305180003 ,696086,1705544984,876007,1572093
202305180003 ,1280414,1705544985,875841,2156255
202305180003 ,1705950,1705544986,876039,2581989
202305180003 ,1721514,1705544987,872596,2594110
202305180003 ,1699839,1705544988,875473,2575312
202305180003 ,1718968,1705544989,874549,2593517
202305180003 ,1699190,1705544990,875260,2574450
202305180003 ,504769,1705544991,873669,1378438
202305180003 ,7578,1705544992,875925,883503
202305180003 ,7099,1705544993,874449,881548
202305180003 ,7628,1705544994,875776,883404
202305180003 ,7506,1705544995,876658,884164
