ID,AcPower(电磁炉）,TimeT,AcPower(电吹风）,总
2.02305E+11,632990,1705543313,875750,1508740
2.02305E+11,1179477,1705543314,874701,2054178
2.02305E+11,1687299,1705543315,875602,2562901
2.02305E+11,1679173,1705543316,875021,2554194
2.02305E+11,1725795,1705543317,875713,2601508
2.02305E+11,1666227,1705543318,875926,2542153
2.02305E+11,1694908,1705543319,875527,2570435
2.02305E+11,1681669,1705543320,875435,2557104
2.02305E+11,7372,1705543321,875568,882940
2.02305E+11,7090,1705543322,875282,882372
2.02305E+11,7593,1705543323,874149,881742
2.02305E+11,7218,1705543324,874809,882027
2.02305E+11,7836,1705543325,874810,882646
2.02305E+11,583580,1705543326,875489,1459069
2.02305E+11,983632,1705543327,875774,1859406
2.02305E+11,1611238,1705543328,875709,2486947
2.02305E+11,1697261,1705543329,874641,2571902
2.02305E+11,1719313,1705543330,875132,2594445
2.02305E+11,1715869,1705543331,874709,2590578
2.02305E+11,1686838,1705543332,874760,2561598
2.02305E+11,1711840,1705543333,875019,2586859
2.02305E+11,7279,1705543334,875416,882695
2.02305E+11,7685,1705543335,874252,881937
2.02305E+11,7173,1705543336,874211,881384
2.02305E+11,7263,1705543337,874835,882098
2.02305E+11,7569,1705543338,875296,882865
2.02305E+11,584941,1705543339,875102,1460043
2.02305E+11,803508,1705543340,875340,1678848
2.02305E+11,1428838,1705543341,874419,2303257
2.02305E+11,1650925,1705543342,875242,2526167
2.02305E+11,1714865,1705543343,874935,2589800
2.02305E+11,1689643,1705543344,875154,2564797
2.02305E+11,1698176,1705543345,875395,2573571
2.02305E+11,1675660,1705543346,874873,2550533
2.02305E+11,7574,1705543347,876013,883587
2.02305E+11,7497,1705543348,875757,883254
2.02305E+11,7400,1705543349,875002,882402
2.02305E+11,7390,1705543350,875950,883340
2.02305E+11,7096,1705543351,874459,881555
2.02305E+11,7386,1705543352,874779,882165
2.02305E+11,645128,1705543353,874865,1519993
2.02305E+11,1201826,1705543354,875755,2077581
2.02305E+11,1675542,1705543355,875117,2550659
2.02305E+11,1697165,1705543356,874826,2571991
2.02305E+11,1705115,1705543357,874770,2579885
2.02305E+11,1665231,1705543358,874285,2539516
2.02305E+11,1724983,1705543359,874865,2599848
2.02305E+11,1697803,1705543360,875259,2573062
2.02305E+11,7270,1705543361,875094,882364
2.02305E+11,7536,1705543362,876406,883942
2.02305E+11,7406,1705543363,874792,882198
2.02305E+11,7199,1705543364,875165,882364
2.02305E+11,8013,1705543365,874147,882160
2.02305E+11,582509,1705543366,874619,1457128
2.02305E+11,989875,1705543367,874104,1863979
2.02305E+11,1660539,1705543368,874616,2535155
2.02305E+11,1683416,1705543369,874746,2558162
2.02305E+11,1683362,1705543370,874190,2557552
2.02305E+11,1725507,1705543371,874202,2599709
2.02305E+11,1666424,1705543372,873280,2539704
2.02305E+11,1658944,1705543373,873627,2532571
2.02305E+11,7431,1705543374,873683,881114
2.02305E+11,7288,1705543375,874072,881360
2.02305E+11,8083,1705543376,873986,882069
2.02305E+11,7803,1705543377,873755,881558
2.02305E+11,8145,1705543378,874248,882393
2.02305E+11,584426,1705543379,875042,1459468
2.02305E+11,812090,1705543380,875235,1687325
2.02305E+11,1447817,1705543381,873978,2321795
2.02305E+11,1684679,1705543382,874890,2559569
2.02305E+11,1691461,1705543383,874396,2565857
2.02305E+11,1669262,1705543384,874516,2543778
2.02305E+11,1693544,1705543385,875213,2568757
2.02305E+11,1692364,1705543386,874392,2566756
2.02305E+11,7632,1705543387,874161,881793
2.02305E+11,7483,1705543388,874106,881589
2.02305E+11,7898,1705543389,874141,882039
2.02305E+11,7805,1705543390,873960,881765
2.02305E+11,7084,1705543391,874185,881269
2.02305E+11,7720,1705543392,872420,880140
2.02305E+11,653186,1705543393,874037,1527223
2.02305E+11,1213600,1705543394,874215,2087815
2.02305E+11,1671598,1705543395,874567,2546165
2.02305E+11,1716575,1705543396,874477,2591052
2.02305E+11,1691899,1705543397,875148,2567047
2.02305E+11,1707395,1705543398,875529,2582924
2.02305E+11,1699525,1705543399,876431,2575956
2.02305E+11,1690470,1705543400,876143,2566613
2.02305E+11,7655,1705543401,874575,882230
2.02305E+11,7199,1705543402,874886,882085
2.02305E+11,7086,1705543403,875159,882245
2.02305E+11,7053,1705543404,875102,882155
2.02305E+11,7210,1705543405,875428,882638
2.02305E+11,581232,1705543406,874196,1455428
2.02305E+11,1001588,1705543407,874349,1875937
2.02305E+11,1650167,1705543408,874955,2525122
2.02305E+11,1694021,1705543409,874299,2568320
2.02305E+11,1668799,1705543410,874685,2543484
2.02305E+11,1687772,1705543411,875231,2563003
2.02305E+11,1674020,1705543412,874846,2548866
2.02305E+11,1671245,1705543413,875633,2546878
2.02305E+11,6951,1705543414,874580,881531
2.02305E+11,6668,1705543415,874796,881464
2.02305E+11,7440,1705543416,874652,882092
2.02305E+11,6785,1705543417,874999,881784
2.02305E+11,7542,1705543418,874580,882122
2.02305E+11,585234,1705543419,874788,1460022
2.02305E+11,813962,1705543420,875019,1688981
2.02305E+11,1446441,1705543421,874555,2320996
2.02305E+11,1705953,1705543422,875395,2581348
2.02305E+11,1656383,1705543423,874222,2530605
2.02305E+11,1707590,1705543424,873301,2580891
2.02305E+11,1693389,1705543425,873182,2566571
2.02305E+11,1717696,1705543426,871361,2589057
2.02305E+11,7556,1705543427,873009,880565
2.02305E+11,7239,1705543428,872384,879623
2.02305E+11,7091,1705543429,873052,880143
2.02305E+11,6890,1705543430,873996,880886
2.02305E+11,7419,1705543431,875397,882816
2.02305E+11,7447,1705543432,875607,883054
2.02305E+11,652613,1705543433,876101,1528714
2.02305E+11,1208705,1705543434,875232,2083937
2.02305E+11,1707599,1705543435,874309,2581908
2.02305E+11,1702804,1705543436,875433,2578237
2.02305E+11,1694000,1705543437,875789,2569789
2.02305E+11,1705012,1705543438,875947,2580959
2.02305E+11,1679426,1705543439,874797,2554223
2.02305E+11,1676244,1705543440,874950,2551194
2.02305E+11,6875,1705543441,875109,881984
2.02305E+11,7385,1705543442,875136,882521
2.02305E+11,7323,1705543443,875662,882985
2.02305E+11,6847,1705543444,875920,882767
2.02305E+11,7488,1705543445,875913,883401
2.02305E+11,581928,1705543445,876316,1458244
2.02305E+11,992346,1705543447,876884,1869230
2.02305E+11,1661026,1705543448,875396,2536422
2.02305E+11,1717965,1705543449,875668,2593633
2.02305E+11,1645353,1705543450,876542,2521895
2.02305E+11,1687371,1705543451,876046,2563417
2.02305E+11,1666532,1705543452,877149,2543681
2.02305E+11,1696046,1705543453,876556,2572602
2.02305E+11,7169,1705543454,876360,883529
2.02305E+11,7043,1705543455,876257,883300
2.02305E+11,6736,1705543456,877207,883943
2.02305E+11,7385,1705543457,876835,884220
2.02305E+11,6660,1705543458,873928,880588
2.02305E+11,584897,1705543459,876683,1461580
2.02305E+11,809439,1705543460,876491,1685930
2.02305E+11,1440851,1705543461,876946,2317797
2.02305E+11,1661852,1705543462,877206,2539058
2.02305E+11,1674186,1705543463,876525,2550711
2.02305E+11,1689328,1705543464,877745,2567073
2.02305E+11,1687708,1705543465,876405,2564113
2.02305E+11,1662103,1705543466,876481,2538584
2.02305E+11,7350,1705543467,876107,883457
2.02305E+11,7529,1705543468,876189,883718
2.02305E+11,7555,1705543469,876360,883915
2.02305E+11,7235,1705543470,875940,883175
2.02305E+11,7469,1705543471,876198,883667
2.02305E+11,7443,1705543472,875768,883211
2.02305E+11,643030,1705543473,876183,1519213
2.02305E+11,1196608,1705543474,876242,2072850
2.02305E+11,1670038,1705543475,875383,2545421
2.02305E+11,1685957,1705543476,875909,2561866
2.02305E+11,1704684,1705543477,875720,2580404
2.02305E+11,1682361,1705543478,874722,2557083
2.02305E+11,1716617,1705543479,875243,2591860
2.02305E+11,1665778,1705543480,876416,2542194
2.02305E+11,7214,1705543481,875365,882579
2.02305E+11,6767,1705543482,875995,882762
2.02305E+11,7477,1705543483,875191,882668
2.02305E+11,7056,1705543484,875465,882521
2.02305E+11,6651,1705543485,875430,882081
2.02305E+11,582212,1705543486,875548,1457760
2.02305E+11,988608,1705543487,876126,1864734
2.02305E+11,1653904,1705543488,875969,2529873
2.02305E+11,1646845,1705543489,875327,2522172
2.02305E+11,1694690,1705543490,876339,2571029
2.02305E+11,1707028,1705543491,875060,2582088
2.02305E+11,1718659,1705543492,874682,2593341
2.02305E+11,1661363,1705543493,875097,2536460
2.02305E+11,7795,1705543494,875095,882890
2.02305E+11,7327,1705543495,875694,883021
2.02305E+11,7009,1705543496,876210,883219
2.02305E+11,6999,1705543497,876912,883911
2.02305E+11,6922,1705543498,877244,884166
2.02305E+11,584029,1705543499,876007,1460036
2.02305E+11,796005,1705543500,875841,1671846
2.02305E+11,1418473,1705543501,876039,2294512
2.02305E+11,1706069,1705543502,872596,2578665
2.02305E+11,1691803,1705543503,875473,2567276
2.02305E+11,1655192,1705543504,874549,2529741
2.02305E+11,1695945,1705543505,875260,2571205
2.02305E+11,1677597,1705543506,873669,2551266
2.02305E+11,7420,1705543507,875925,883345
2.02305E+11,7254,1705543508,874449,881703
2.02305E+11,7221,1705543509,875776,882997
2.02305E+11,7052,1705543510,876658,883710
2.02305E+11,7042,1705543511,875874,882916
2.02305E+11,6779,1705543512,876225,883004
2.02305E+11,633140,1705543513,876817,1509957
2.02305E+11,1176678,1705543514,877079,2053757
2.02305E+11,1696435,1705543515,875455,2571890
2.02305E+11,1673269,1705543516,876408,2549677
2.02305E+11,1685282,1705543517,876191,2561473
2.02305E+11,1664607,1705543518,875313,2539920
2.02305E+11,1689986,1705543519,874582,2564568
2.02305E+11,1686686,1705543520,875074,2561760
2.02305E+11,7368,1705543521,875306,882674
2.02305E+11,7012,1705543522,875242,882254
2.02305E+11,7484,1705543523,874815,882299
2.02305E+11,7050,1705543524,874591,881641
2.02305E+11,7619,1705543525,874548,882167
2.02305E+11,581774,1705543526,875129,1456903
2.02305E+11,967625,1705543527,876035,1843660
2.02305E+11,1625924,1705543528,875761,2501685
2.02305E+11,1674917,1705543529,875842,2550759
2.02305E+11,1683352,1705543530,875819,2559171
2.02305E+11,1691489,1705543531,875857,2567346
2.02305E+11,1693563,1705543532,875353,2568916
2.02305E+11,7494,1705543534,875484,882978
2.02305E+11,6809,1705543535,875103,881912
2.02305E+11,7667,1705543536,874941,882608
2.02305E+11,7955,1705543537,874455,882410
2.02305E+11,7203,1705543538,873334,880537
2.02305E+11,555588,1705543539,874277,1429865
2.02305E+11,780813,1705543540,874357,1655170
2.02305E+11,1394830,1705543541,875418,2270248
2.02305E+11,1695536,1705543542,876756,2572292
2.02305E+11,1668224,1705543543,874817,2543041
2.02305E+11,1649663,1705543544,876170,2525833
2.02305E+11,1739468,1705543545,874875,2614343
2.02305E+11,1691111,1705543546,876260,2567371
2.02305E+11,7217,1705543547,876334,883551
2.02305E+11,7590,1705543548,875734,883324
2.02305E+11,7502,1705543549,875587,883089
2.02305E+11,7066,1705543550,874573,881639
2.02305E+11,7031,1705543551,875474,882505
2.02305E+11,7265,1705543552,875337,882602
2.02305E+11,616459,1705543553,876215,1492674
2.02305E+11,1158068,1705543554,875891,2033959
2.02305E+11,1657695,1705543555,875931,2533626
2.02305E+11,1712253,1705543556,875192,2587445
2.02305E+11,1692504,1705543557,874216,2566720
2.02305E+11,1681103,1705543558,874710,2555813
2.02305E+11,1678528,1705543559,873470,2551998
2.02305E+11,1683951,1705543560,873817,2557768
2.02305E+11,7418,1705543561,873468,880886
2.02305E+11,7603,1705543562,874004,881607
2.02305E+11,6974,1705543563,874185,881159
2.02305E+11,7393,1705543564,874962,882355
2.02305E+11,7037,1705543565,875391,882428
2.02305E+11,582506,1705543566,875101,1457607
2.02305E+11,943064,1705543567,875688,1818752
2.02305E+11,1631341,1705543568,875666,2507007
2.02305E+11,1674304,1705543569,876860,2551164
2.02305E+11,1721774,1705543570,1584363,3306137
2.02305E+11,1683362,1705543571,1583012,3266374
2.02305E+11,1672613,1705543572,1583713,3256326
2.02305E+11,1650258,1705543573,1583406,3233664
2.02305E+11,7523,1705543574,1583177,1590700
2.02305E+11,7736,1705543575,1582262,1589998
2.02305E+11,7920,1705543576,1581867,1589787
2.02305E+11,7487,1705543577,1580231,1587718
2.02305E+11,7398,1705543578,1579783,1587181
2.02305E+11,7792,1705543579,1581880,1589672
2.02305E+11,758648,1705543580,1581330,2339978
2.02305E+11,1367300,1705543581,1581880,2949180
2.02305E+11,1670994,1705543582,1582443,3253437
2.02305E+11,1683009,1705543583,1581656,3264665
2.02305E+11,1726707,1705543584,1584098,3310805
2.02305E+11,1672169,1705543585,1582575,3254744
2.02305E+11,1719186,1705543586,1583580,3302766
2.02305E+11,7776,1705543587,1582645,1590421
2.02305E+11,7748,1705543588,1583561,1591309
2.02305E+11,7456,1705543589,1583559,1591015
2.02305E+11,7612,1705543590,1582363,1589975
2.02305E+11,7705,1705543591,1582383,1590088
2.02305E+11,7515,1705543592,1580680,1588195
2.02305E+11,599133,1705543593,1581935,2181068
2.02305E+11,1128377,1705543594,1580977,2709354
2.02305E+11,1669832,1705543595,1581404,3251236
2.02305E+11,1714861,1705543596,1580607,3295468
2.02305E+11,1693258,1705543597,1582934,3276192
2.02305E+11,1710749,1705543598,1582397,3293146
2.02305E+11,1685434,1705543599,1581123,3266557
2.02305E+11,1678319,1705543600,1582772,3261091
2.02305E+11,7360,1705543601,1584042,1591402
2.02305E+11,7599,1705543602,1583915,1591514
2.02305E+11,6794,1705543603,1584641,1591435
2.02305E+11,6852,1705543604,1584544,1591396
2.02305E+11,7622,1705543605,1583928,1591550
2.02305E+11,583238,1705543606,1583679,2166917
2.02305E+11,916002,1705543607,1582873,2498875
2.02305E+11,1588355,1705543608,1582086,3170441
2.02305E+11,1682005,1705543609,1582109,3264114
2.02305E+11,1690525,1705543610,1580344,3270869
2.02305E+11,1676465,1705543611,1582302,3258767
2.02305E+11,1682266,1705543612,1582315,3264581
2.02305E+11,1715755,1705543613,1581355,3297110
2.02305E+11,7806,1705543614,1582690,1590496
2.02305E+11,8146,1705543615,1581958,1590104
2.02305E+11,6918,1705543616,1583409,1590327
2.02305E+11,7446,1705543617,1583459,1590905
2.02305E+11,7578,1705543618,1583500,1591078
2.02305E+11,7622,1705543619,1584332,1591954
2.02305E+11,728214,1705543620,1583253,2311467
2.02305E+11,1325882,1705543621,1584508,2910390
2.02305E+11,1677629,1705543622,1583108,3260737
2.02305E+11,1692849,1705543623,1583238,3276087
2.02305E+11,1674218,1705543624,1584148,3258366
2.02305E+11,1698088,1705543625,1582328,3280416
2.02305E+11,1695418,1705543626,1583913,3279331
2.02305E+11,8678,1705543627,1582632,1591310
2.02305E+11,8100,1705543628,1581812,1589912
2.02305E+11,7833,1705543629,1582629,1590462
2.02305E+11,7849,1705543630,1580768,1588617
2.02305E+11,7430,1705543631,1580999,1588429
2.02305E+11,7792,1705543632,1579669,1587461
2.02305E+11,581418,1705543633,1580684,2162102
2.02305E+11,1089919,1705543634,1582188,2672107
2.02305E+11,1678723,1705543635,1580927,3259650
2.02305E+11,1692325,1705543636,1580373,3272698
2.02305E+11,1673878,1705543637,1580141,3254019
2.02305E+11,1697507,1705543638,1580796,3278303
2.02305E+11,1697232,1705543639,1579935,3277167
2.02305E+11,1703533,1705543640,1580262,3283795
2.02305E+11,6670,1705543641,873848,880518
2.02305E+11,7254,1705543642,874684,881938
2.02305E+11,7088,1705543643,874592,881680
2.02305E+11,7298,1705543644,876171,883469
2.02305E+11,6803,1705543645,876554,883357
2.02305E+11,582710,1705543646,876602,1459312
2.02305E+11,879933,1705543647,875972,1755905
2.02305E+11,1542043,1705543648,875976,2418019
2.02305E+11,1662706,1705543649,875242,2537948
2.02305E+11,1676306,1705543650,875847,2552153
2.02305E+11,1717046,1705543651,875325,2592371
2.02305E+11,1680779,1705543652,876233,2557012
2.02305E+11,1669239,1705543653,876208,2545447
2.02305E+11,7307,1705543654,875687,882994
2.02305E+11,6968,1705543655,876624,883592
2.02305E+11,7409,1705543656,876224,883633
2.02305E+11,7783,1705543657,876911,884694
2.02305E+11,7581,1705543658,876760,884341
2.02305E+11,7350,1705543659,876336,883686
2.02305E+11,701429,1705543660,875680,1577109
2.02305E+11,1280561,1705543661,876287,2156848
2.02305E+11,1686062,1705543662,876713,2562775
2.02305E+11,1714091,1705543663,877816,2591907
2.02305E+11,1685849,1705543664,876417,2562266
2.02305E+11,1716452,1705543665,876317,2592769
2.02305E+11,1640612,1705543666,876757,2517369
2.02305E+11,6805,1705543667,877067,883872
2.02305E+11,6816,1705543668,874567,881383
2.02305E+11,7460,1705543669,874864,882324
2.02305E+11,7493,1705543670,874061,881554
2.02305E+11,7395,1705543671,874745,882140
2.02305E+11,7318,1705543672,874976,882294
2.02305E+11,582093,1705543673,875620,1457713
2.02305E+11,1047853,1705543674,875400,1923253
2.02305E+11,1662465,1705543675,876344,2538809
2.02305E+11,1675938,1705543676,876756,2552694
2.02305E+11,1719748,1705543677,877575,2597323
2.02305E+11,1711606,1705543678,876700,2588306
2.02305E+11,1674659,1705543679,877263,2551922
2.02305E+11,1681081,1705543680,876226,2557307
2.02305E+11,7251,1705543681,876189,883440
2.02305E+11,7249,1705543682,875434,882683
2.02305E+11,7904,1705543683,875079,882983
2.02305E+11,7326,1705543684,875437,882763
2.02305E+11,7985,1705543685,875271,883256
2.02305E+11,585454,1705543686,875270,1460724
2.02305E+11,843470,1705543687,875054,1718524
2.02305E+11,1490111,1705543688,874584,2364695
2.02305E+11,1676315,1705543689,874659,2550974
2.02305E+11,1690242,1705543690,875564,2565806
2.02305E+11,1671895,1705543691,876051,2547946
2.02305E+11,1715400,1705543692,876355,2591755
2.02305E+11,1673662,1705543693,876322,2549984
2.02305E+11,7811,1705543694,876150,883961
2.02305E+11,7250,1705543695,876698,883948
2.02305E+11,7456,1705543696,875687,883143
2.02305E+11,7511,1705543697,874958,882469
2.02305E+11,7641,1705543698,873901,881542
2.02305E+11,6707,1705543699,873320,880027
2.02305E+11,661833,1705543700,873843,1535676
2.02305E+11,1225238,1705543701,875113,2100351
2.02305E+11,1668002,1705543702,874358,2542360
2.02305E+11,1679669,1705543703,875019,2554688
2.02305E+11,1679478,1705543704,875566,2555044
2.02305E+11,1685822,1705543705,876547,2562369
2.02305E+11,1668232,1705543706,875369,2543601
2.02305E+11,1679372,1705543707,874863,2554235
2.02305E+11,7247,1705543708,875906,883153
2.02305E+11,7325,1705543709,876230,883555
2.02305E+11,7614,1705543710,876622,884236
2.02305E+11,6837,1705543711,875728,882565
2.02305E+11,7435,1705543712,875194,882629
2.02305E+11,582003,1705543713,876046,1458049
2.02305E+11,994723,1705543714,875643,1870366
2.02305E+11,1662703,1705543715,876639,2539342
2.02305E+11,1674489,1705543716,876428,2550917
2.02305E+11,1657317,1705543717,877076,2534393
2.02305E+11,1703580,1705543718,875692,2579272
2.02305E+11,1660720,1705543719,875407,2536127
2.02305E+11,1693646,1705543720,874724,2568370
2.02305E+11,7664,1705543721,875814,883478
2.02305E+11,7308,1705543722,875854,883162
2.02305E+11,7650,1705543723,877242,884892
2.02305E+11,7068,1705543724,877109,884177
2.02305E+11,7336,1705543725,876851,884187
2.02305E+11,584431,1705543726,872276,1456707
2.02305E+11,791192,1705543727,875572,1666764
2.02305E+11,1416586,1705543728,875032,2291618
2.02305E+11,1670553,1705543729,874079,2544632
2.02305E+11,1680288,1705543730,874005,2554293
2.02305E+11,1678426,1705543731,872752,2551178
2.02305E+11,1692187,1705543732,873434,2565621
2.02305E+11,1671811,1705543733,873472,2545283
2.02305E+11,7419,1705543734,874744,882163
2.02305E+11,7381,1705543735,875070,882451
2.02305E+11,7032,1705543736,876228,883260
2.02305E+11,7577,1705543737,876295,883872
2.02305E+11,7567,1705543738,876593,884160
2.02305E+11,7177,1705543739,875480,882657
2.02305E+11,620020,1705543740,875985,1496005
2.02305E+11,1159984,1705543741,876223,2036207
2.02305E+11,1693591,1705543742,875667,2569258
2.02305E+11,1706928,1705543743,876188,2583116
2.02305E+11,1655779,1705543744,875741,2531520
2.02305E+11,1702197,1705543745,876174,2578371
2.02305E+11,1695091,1705543745,876009,2571100
2.02305E+11,1691893,1705543747,876143,2568036
2.02305E+11,7455,1705543748,876029,883484
2.02305E+11,7500,1705543749,876264,883764
2.02305E+11,7411,1705543750,876251,883662
2.02305E+11,7169,1705543751,876336,883505
2.02305E+11,7464,1705543752,876720,884184
2.02305E+11,582806,1705543753,878093,1460899
2.02305E+11,939891,1705543754,878578,1818469
2.02305E+11,1596227,1705543755,877873,2474100
2.02305E+11,1677701,1705543756,877641,2555342
2.02305E+11,1722349,1705543757,876538,2598887
2.02305E+11,1663598,1705543758,876918,2540516
2.02305E+11,1682546,1705543759,875306,2557852
2.02305E+11,1704989,1705543760,875573,2580562
2.02305E+11,7833,1705543761,876605,884438
2.02305E+11,7020,1705543762,876577,883597
2.02305E+11,7201,1705543763,877710,884911
2.02305E+11,7488,1705543764,877026,884514
2.02305E+11,7068,1705543765,878645,885713
2.02305E+11,7466,1705543766,878884,886350
2.02305E+11,743734,1705543767,878954,1622688
2.02305E+11,1344004,1705543768,879160,2223164
2.02305E+11,1697035,1705543769,877909,2574944
2.02305E+11,1675532,1705543770,878819,2554351
2.02305E+11,1700698,1705543771,878776,2579474
2.02305E+11,1684095,1705543772,877856,2561951
2.02305E+11,1678545,1705543773,876254,2554799
2.02305E+11,7423,1705543774,877363,884786
2.02305E+11,6877,1705543775,877925,884802
2.02305E+11,7382,1705543776,877743,885125
2.02305E+11,7077,1705543777,877792,884869
2.02305E+11,6964,1705543778,878422,885386
2.02305E+11,7149,1705543779,877956,885105
2.02305E+11,581444,1705543780,878079,1459523
2.02305E+11,1099840,1705543781,877624,1977464
2.02305E+11,1661767,1705543782,878110,2539877
2.02305E+11,1674601,1705543783,879140,2553741
2.02305E+11,1688150,1705543784,879193,2567343
2.02305E+11,1673006,1705543785,879157,2552163
2.02305E+11,1720696,1705543786,877652,2598348
2.02305E+11,1676244,1705543787,878009,2554253
2.02305E+11,6994,1705543788,877805,884799
2.02305E+11,7424,1705543789,877813,885237
2.02305E+11,6919,1705543790,875625,882544
2.02305E+11,7159,1705543791,877270,884429
2.02305E+11,7198,1705543792,877701,884899
2.02305E+11,583312,1705543793,876746,1460058
2.02305E+11,884706,1705543794,877484,1762190
2.02305E+11,1548433,1705543795,878281,2426714
2.02305E+11,1666922,1705543796,879395,2546317
2.02305E+11,1682817,1705543797,878876,2561693
2.02305E+11,1683030,1705543798,877660,2560690
2.02305E+11,1688612,1705543799,879176,2567788
2.02305E+11,1677708,1705543800,878445,2556153
2.02305E+11,7132,1705543801,878041,885173
2.02305E+11,7238,1705543802,877838,885076
2.02305E+11,7221,1705543803,877624,884845
2.02305E+11,7057,1705543804,878242,885299
2.02305E+11,7603,1705543805,877524,885127
2.02305E+11,7512,1705543806,878205,885717
2.02305E+11,697145,1705543807,878858,1576003
2.02305E+11,1278777,1705543808,878373,2157150
2.02305E+11,1664591,1705543809,878580,2543171
2.02305E+11,1680163,1705543810,877096,2557259
2.02305E+11,1690645,1705543811,878961,2569606
2.02305E+11,1709446,1705543812,879673,2589119
2.02305E+11,1697464,1705543813,879728,2577192
2.02305E+11,7467,1705543814,880248,887715
2.02305E+11,7111,1705543815,878457,885568
2.02305E+11,7141,1705543816,878514,885655
2.02305E+11,6956,1705543817,878298,885254
2.02305E+11,7191,1705543818,877824,885015
2.02305E+11,7293,1705543819,875986,883279
2.02305E+11,581976,1705543820,878293,1460269
2.02305E+11,1039209,1705543821,877349,1916558
2.02305E+11,1648609,1705543822,879523,2528132
2.02305E+11,1701033,1705543823,879266,2580299
2.02305E+11,1713971,1705543825,879509,2593480
2.02305E+11,1723302,1705543826,879892,2603194
2.02305E+11,1667272,1705543827,880219,2547491
2.02305E+11,6986,1705543828,880261,887247
2.02305E+11,7612,1705543829,878913,886525
2.02305E+11,7356,1705543830,879523,886879
2.02305E+11,7447,1705543831,880274,887721
2.02305E+11,6937,1705543832,878810,885747
2.02305E+11,584539,1705543833,878613,1463152
2.02305E+11,1473482,1705543835,878428,2351910
2.02305E+11,1694125,1705543836,877773,2571898
2.02305E+11,1675260,1705543837,878613,2553873
2.02305E+11,1654728,1705543838,878325,2533053
2.02305E+11,1703939,1705543839,878532,2582471
2.02305E+11,1693652,1705543840,878394,2572046
2.02305E+11,7229,1705543841,878780,886009
2.02305E+11,7126,1705543842,878897,886023
2.02305E+11,7054,1705543843,878792,885846
2.02305E+11,7046,1705543845,878916,885962
2.02305E+11,7609,1705543846,878879,886488
2.02305E+11,650401,1705543847,878569,1528970
2.02305E+11,1208535,1705543848,879576,2088111
2.02305E+11,1683330,1705543849,878911,2562241
2.02305E+11,1698978,1705543850,878906,2577884
2.02305E+11,1670981,1705543851,879141,2550122
2.02305E+11,1753440,1705543852,878155,2631595
2.02305E+11,1696094,1705543853,877932,2574026
2.02305E+11,1683273,1705543854,879014,2562287
2.02305E+11,6481,1705543855,879274,885755
2.02305E+11,6952,1705543856,878996,885948
2.02305E+11,8073,1705543857,879303,887376
2.02305E+11,7551,1705543858,877417,884968
2.02305E+11,7438,1705543859,878172,885610
2.02305E+11,597739,1705543860,878892,1476631
2.02305E+11,1005563,1705543861,879709,1885272
2.02305E+11,1651856,1705543862,879773,2531629
2.02305E+11,1701816,1705543863,879255,2581071
2.02305E+11,1694721,1705543864,878438,2573159
2.02305E+11,1706086,1705543865,878151,2584237
2.02305E+11,1720005,1705543866,878203,2598208
2.02305E+11,1666876,1705543867,879358,2546234
2.02305E+11,7598,1705543868,879521,887119
2.02305E+11,7190,1705543869,878417,885607
2.02305E+11,7209,1705543870,878897,886106
2.02305E+11,7689,1705543871,878410,886099
2.02305E+11,7433,1705543872,878214,885647
2.02305E+11,451110,1705543873,878853,1329963
2.02305E+11,796325,1705543874,878474,1674799
2.02305E+11,1435073,1705543875,878249,2313322
2.02305E+11,1731510,1705543876,878716,2610226
2.02305E+11,1711278,1705543877,880046,2591324
2.02305E+11,1694588,1705543878,879869,2574457
2.02305E+11,1736393,1705543879,878978,2615371
2.02305E+11,1744779,1705543880,880012,2624791
2.02305E+11,7264,1705543881,879595,886859
2.02305E+11,7427,1705543882,879698,887125
2.02305E+11,7685,1705543883,879523,887208
2.02305E+11,6864,1705543884,880351,887215
2.02305E+11,6982,1705543885,880074,887056
2.02305E+11,6791,1705543886,880274,887065
2.02305E+11,624646,1705543887,879735,1504381
2.02305E+11,1172221,1705543888,880421,2052642
2.02305E+11,1682982,1705543889,878521,2561503
2.02305E+11,1697508,1705543890,876246,2573754
2.02305E+11,1697722,1705543891,876559,2574281
2.02305E+11,1710822,1705543892,876643,2587465
2.02305E+11,1722217,1705543893,877711,2599928
2.02305E+11,1704113,1705543894,877981,2582094
2.02305E+11,7383,1705543895,877681,885064
2.02305E+11,7001,1705543896,878098,885099
2.02305E+11,7454,1705543897,878750,886204
2.02305E+11,7625,1705543898,879375,887000
2.02305E+11,7156,1705543899,879084,886240
2.02305E+11,599159,1705543900,878239,1477398
2.02305E+11,942836,1705543901,877215,1820051
2.02305E+11,1640637,1705543902,876520,2517157
2.02305E+11,1689895,1705543903,879057,2568952
2.02305E+11,1704437,1705543904,879940,2584377
2.02305E+11,1685890,1705543905,879100,2564990
2.02305E+11,1736238,1705543906,880472,2616710
2.02305E+11,1731275,1705543907,880826,2612101
2.02305E+11,7808,1705543908,879911,887719
2.02305E+11,7795,1705543909,880052,887847
2.02305E+11,7531,1705543910,880129,887660
2.02305E+11,7845,1705543911,880480,888325
2.02305E+11,7023,1705543912,881143,888166
2.02305E+11,7602,1705543913,880955,888557
2.02305E+11,747023,1705543914,880599,1627622
2.02305E+11,1355805,1705543915,879899,2235704
2.02305E+11,1679523,1705543916,880564,2560087
2.02305E+11,1695201,1705543917,879634,2574835
2.02305E+11,1694937,1705543918,879287,2574224
2.02305E+11,1706749,1705543919,877918,2584667
2.02305E+11,1718716,1705543920,878363,2597079
2.02305E+11,8400,1705543921,879257,887657
2.02305E+11,6877,1705543922,879448,886325
2.02305E+11,7761,1705543923,879672,887433
2.02305E+11,7636,1705543924,879606,887242
2.02305E+11,7527,1705543925,879968,887495
2.02305E+11,7711,1705543926,880249,887960
2.02305E+11,597790,1705543927,881016,1478806
2.02305E+11,1102138,1705543928,881678,1983816
2.02305E+11,1672987,1705543929,880874,2553861
2.02305E+11,1685405,1705543930,880461,2565866
2.02305E+11,1704493,1705543931,880430,2584923
2.02305E+11,1687484,1705543932,879839,2567323
2.02305E+11,1734203,1705543933,880008,2614211
2.02305E+11,1726535,1705543934,880222,2606757
2.02305E+11,7853,1705543935,880121,887974
2.02305E+11,7704,1705543936,879054,886758
2.02305E+11,7496,1705543937,879252,886748
2.02305E+11,7448,1705543938,878930,886378
2.02305E+11,7306,1705543939,879157,886463
2.02305E+11,600538,1705543940,879315,1479853
2.02305E+11,884806,1705543941,879938,1764744
2.02305E+11,1556976,1705543942,879599,2436575
2.02305E+11,1716491,1705543943,880002,2596493
2.02305E+11,1658667,1705543944,879999,2538666
2.02305E+11,1674991,1705543945,879837,2554828
2.02305E+11,1715683,1705543946,880133,2595816
2.02305E+11,1719972,1705543947,880880,2600852
2.02305E+11,7428,1705543948,880677,888105
2.02305E+11,7077,1705543949,879710,886787
2.02305E+11,7144,1705543950,880860,888004
2.02305E+11,7355,1705543951,880421,887776
2.02305E+11,6906,1705543952,881037,887943
2.02305E+11,7144,1705543953,880329,887473
2.02305E+11,693485,1705543954,881106,1574591
2.02305E+11,1277185,1705543955,880419,2157604
2.02305E+11,1702611,1705543956,880257,2582868
2.02305E+11,1720996,1705543957,880119,2601115
2.02305E+11,1697913,1705543958,879676,2577589
2.02305E+11,1697478,1705543959,879447,2576925
2.02305E+11,1709378,1705543960,879903,2589281
2.02305E+11,946001,1705543961,880630,1826631
2.02305E+11,7211,1705543962,879520,886731
2.02305E+11,7349,1705543963,880430,887779
2.02305E+11,7330,1705543964,880621,887951
2.02305E+11,7692,1705543965,879902,887594
2.02305E+11,7506,1705543966,879949,887455
2.02305E+11,599437,1705543967,879343,1478780
2.02305E+11,1037044,1705543968,880325,1917369
2.02305E+11,1660024,1705543969,879622,2539646
2.02305E+11,1750336,1705543970,880865,2631201
2.02305E+11,1724958,1705543971,881039,2605997
2.02305E+11,1707147,1705543972,880773,2587920
2.02305E+11,1688110,1705543973,880011,2568121
2.02305E+11,1738902,1705543974,879434,2618336
2.02305E+11,7438,1705543975,880269,887707
2.02305E+11,7399,1705543976,879961,887360
2.02305E+11,7632,1705543977,879589,887221
2.02305E+11,7633,1705543978,879479,887112
2.02305E+11,7193,1705543979,879868,887061
2.02305E+11,601926,1705543980,878843,1480769
2.02305E+11,824425,1705543981,879595,1704020
2.02305E+11,1472994,1705543982,880446,2353440
2.02305E+11,1699536,1705543983,879431,2578967
2.02305E+11,1716165,1705543984,878148,2594313
2.02305E+11,1735249,1705543985,878865,2614114
2.02305E+11,1676596,1705543986,879086,2555682
2.02305E+11,1710467,1705543987,879368,2589835
2.02305E+11,7150,1705543988,880229,887379
2.02305E+11,7435,1705543989,880615,888050
2.02305E+11,7414,1705543990,879114,886528
2.02305E+11,6940,1705543991,879784,886724
2.02305E+11,7417,1705543992,879638,887055
2.02305E+11,7498,1705543993,879974,887472
2.02305E+11,644434,1705543994,880348,1524782
2.02305E+11,1207691,1705543995,878545,2086236
2.02305E+11,1732487,1705543996,877914,2610401
2.02305E+11,1717658,1705543997,879123,2596781
2.02305E+11,1720454,1705543998,879784,2600238
2.02305E+11,1704432,1705543999,879743,2584175
2.02305E+11,1684206,1705544000,880190,2564396
2.02305E+11,1702549,1705544001,880457,2583006
2.02305E+11,7774,1705544002,879982,887756
2.02305E+11,7917,1705544003,880867,888784
2.02305E+11,7625,1705544004,881299,888924
2.02305E+11,7611,1705544005,879691,887302
2.02305E+11,7744,1705544006,879958,887702
2.02305E+11,600024,1705544007,880459,1480483
2.02305E+11,970589,1705544008,880307,1850896
2.02305E+11,1677812,1705544009,879335,2557147
2.02305E+11,1696187,1705544010,879756,2575943
2.02305E+11,1747410,1705544011,880009,2627419
2.02305E+11,1725225,1705544012,879130,2604355
2.02305E+11,1711815,1705544013,880175,2591990
2.02305E+11,1678065,1705544014,879788,2557853
2.02305E+11,7119,1705544015,878398,885517
2.02305E+11,7384,1705544016,880085,887469
2.02305E+11,7157,1705544017,880019,887176
2.02305E+11,7245,1705544018,880147,887392
2.02305E+11,7750,1705544019,880556,888306
2.02305E+11,7187,1705544020,879891,887078
2.02305E+11,767512,1705544021,879640,1647152
2.02305E+11,1385972,1705544022,882183,2268155
2.02305E+11,1714004,1705544023,880934,2594938
2.02305E+11,1725725,1705544024,881139,2606864
2.02305E+11,1701159,1705544025,880539,2581698
2.02305E+11,1695440,1705544026,878389,2573829
2.02305E+11,1712894,1705544027,879566,2592460
2.02305E+11,7981,1705544028,879741,887722
2.02305E+11,7225,1705544029,880919,888144
2.02305E+11,7303,1705544030,880271,887574
2.02305E+11,6984,1705544031,881534,888518
2.02305E+11,7428,1705544032,881376,888804
2.02305E+11,7406,1705544033,541073,548479
2.02305E+11,596771,1705544034,541173,1137944
2.02305E+11,1127871,1705544035,540839,1668710
2.02305E+11,1741129,1705544036,541163,2282292
2.02305E+11,1720211,1705544037,540586,2260797
2.02305E+11,1698762,1705544038,540262,2239024
2.02305E+11,1717834,1705544039,539365,2257199
2.02305E+11,1709555,1705544040,540075,2249630
2.02305E+11,1722250,1705544041,540110,2262360
2.02305E+11,7364,1705544042,539924,547288
2.02305E+11,7544,1705544043,539562,547106
2.02305E+11,7137,1705544044,541050,548187
2.02305E+11,7374,1705544045,540754,548128
2.02305E+11,7285,1705544046,540967,548252
2.02305E+11,600511,1705544046,540859,1141370
2.02305E+11,891637,1705544048,541049,1432686
2.02305E+11,1572111,1705544049,541591,2113702
2.02305E+11,1766046,1705544050,540873,2306919
2.02305E+11,1707343,1705544051,540951,2248294
2.02305E+11,1690032,1705544052,540914,2230946
2.02305E+11,1702409,1705544053,541184,2243593
2.02305E+11,1732125,1705544054,540902,2273027
2.02305E+11,7437,1705544055,540937,548374
2.02305E+11,7776,1705544056,541180,548956
2.02305E+11,7275,1705544057,541045,548320
2.02305E+11,7306,1705544058,540942,548248
2.02305E+11,7655,1705544059,540516,548171
2.02305E+11,7251,1705544060,540986,548237
2.02305E+11,699663,1705544061,540588,1240251
2.02305E+11,1290140,1705544062,540531,1830671
2.02305E+11,1677299,1705544063,540128,2217427
2.02305E+11,1692563,1705544064,540067,2232630
2.02305E+11,1707955,1705544065,540245,2248200
2.02305E+11,1733966,1705544066,540303,2274269
2.02305E+11,1716607,1705544067,539733,2256340
2.02305E+11,5989,1705544068,540728,546717
2.02305E+11,7539,1705544069,540587,548126
2.02305E+11,7592,1705544070,541185,548777
2.02305E+11,7367,1705544071,540885,548252
2.02305E+11,7338,1705544072,540212,547550
2.02305E+11,7809,1705544073,539936,547745
2.02305E+11,596945,1705544074,540214,1137159
2.02305E+11,1042115,1705544075,539445,1581560
2.02305E+11,1689340,1705544076,540673,2230013
2.02305E+11,1704027,1705544077,540667,2244694
2.02305E+11,1717013,1705544078,540645,2257658
2.02305E+11,1716203,1705544079,540091,2256294
2.02305E+11,1712206,1705544080,540362,2252568
2.02305E+11,1722425,1705544081,540704,2263129
2.02305E+11,7333,1705544082,540034,547367
2.02305E+11,7252,1705544083,541230,548482
2.02305E+11,7304,1705544084,540480,547784
2.02305E+11,7173,1705544085,540650,547823
2.02305E+11,7369,1705544086,540825,548194
2.02305E+11,602762,1705544087,540892,1143654
2.02305E+11,832014,1705544088,539552,1371566
2.02305E+11,1482904,1705544089,540455,2023359
2.02305E+11,1709029,1705544090,538725,2247754
2.02305E+11,1725663,1705544091,540108,2265771
2.02305E+11,1705584,1705544092,539734,2245318
2.02305E+11,1686857,1705544093,539768,2226625
2.02305E+11,1701251,1705544094,540022,2241273
2.02305E+11,7302,1705544095,539954,547256
2.02305E+11,7316,1705544096,540563,547879
2.02305E+11,7480,1705544097,540414,547894
2.02305E+11,6868,1705544098,540033,546901
2.02305E+11,7059,1705544099,540235,547294
2.02305E+11,7384,1705544100,540292,547676
2.02305E+11,648835,1705544101,539744,1188579
2.02305E+11,1209191,1705544102,539499,1748690
2.02305E+11,1696458,1705544103,538184,2234642
2.02305E+11,1710296,1705544104,538154,2248450
2.02305E+11,1689957,1705544105,539806,2229763
2.02305E+11,1739628,1705544106,539101,2278729
2.02305E+11,1729175,1705544107,539787,2268962
2.02305E+11,1692516,1705544108,540304,2232820
2.02305E+11,7428,1705544109,539662,547090
2.02305E+11,6972,1705544110,539733,546705
2.02305E+11,7128,1705544111,540454,547582
2.02305E+11,6980,1705544112,540070,547050
2.02305E+11,7282,1705544113,540652,547934
2.02305E+11,598463,1705544114,540245,1138708
2.02305E+11,973520,1705544115,539986,1513506
2.02305E+11,1645052,1705544116,539813,2184865
2.02305E+11,1695028,1705544117,539327,2234355
2.02305E+11,1675146,1705544118,539713,2214859
2.02305E+11,1721254,1705544119,539621,2260875
2.02305E+11,1731064,1705544120,539285,2270349
2.02305E+11,1735486,1705544121,539640,2275126
2.02305E+11,7581,1705544122,539370,546951
2.02305E+11,7571,1705544123,540337,547908
2.02305E+11,7205,1705544124,539813,547018
2.02305E+11,7302,1705544125,540205,547507
2.02305E+11,7480,1705544126,539957,547437
2.02305E+11,7478,1705544127,539849,547327
2.02305E+11,768558,1705544128,539516,1308074
2.02305E+11,1389828,1705544129,539340,1929168
2.02305E+11,1719404,1705544130,538915,2258319
2.02305E+11,1696333,1705544131,539114,2235447
2.02305E+11,1713668,1705544132,538095,2251763
2.02305E+11,1713121,1705544133,538583,2251704
2.02305E+11,1724560,1705544134,539754,2264314
2.02305E+11,8127,1705544135,539038,547165
2.02305E+11,7279,1705544136,539635,546914
2.02305E+11,7695,1705544137,540149,547844
2.02305E+11,7204,1705544138,540796,548000
2.02305E+11,7832,1705544139,539925,547757
2.02305E+11,7140,1705544140,539967,547107
2.02305E+11,596940,1705544141,540080,1137020
2.02305E+11,1129476,1705544142,539839,1669315
2.02305E+11,1707059,1705544143,540121,2247180
2.02305E+11,1719651,1705544144,539230,2258881
2.02305E+11,1711979,1705544145,539275,2251254
2.02305E+11,1727320,1705544146,539606,2266926
2.02305E+11,1739289,1705544147,538975,2278264
2.02305E+11,1720923,1705544148,538590,2259513
2.02305E+11,7510,1705544149,538852,546362
2.02305E+11,7338,1705544150,539487,546825
2.02305E+11,7873,1705544151,538670,546543
2.02305E+11,7031,1705544152,540144,547175
2.02305E+11,8004,1705544153,539683,547687
2.02305E+11,600482,1705544154,539537,1140019
2.02305E+11,905351,1705544155,539699,1445050
2.02305E+11,1586393,1705544156,540812,2127205
2.02305E+11,1709911,1705544157,539785,2249696
2.02305E+11,1690366,1705544158,539286,2229652
2.02305E+11,1704570,1705544159,539401,2243971
2.02305E+11,1760241,1705544160,538943,2299184
2.02305E+11,1708744,1705544161,539648,2248392
2.02305E+11,7461,1705544162,539413,546874
2.02305E+11,7263,1705544163,539893,547156
2.02305E+11,7033,1705544164,538750,545783
2.02305E+11,7283,1705544165,539174,546457
2.02305E+11,7022,1705544166,539267,546289
2.02305E+11,7467,1705544167,539830,547297
2.02305E+11,710289,1705544168,540758,1251047
2.02305E+11,1305416,1705544169,540383,1845799
2.02305E+11,1656850,1705544170,540238,2197088
2.02305E+11,1708027,1705544171,540371,2248398
2.02305E+11,1721007,1705544172,540114,2261121
2.02305E+11,1709359,1705544173,539639,2248998
2.02305E+11,1688512,1705544174,539693,2228205
2.02305E+11,6976,1705544175,538987,545963
2.02305E+11,7023,1705544176,538512,545535
2.02305E+11,8203,1705544177,538132,546335
2.02305E+11,7172,1705544178,538184,545356
2.02305E+11,7484,1705544179,539106,546590
2.02305E+11,7499,1705544180,539789,547288
2.02305E+11,598161,1705544181,539264,1137425
2.02305E+11,1053856,1705544182,539216,1593072
2.02305E+11,1676409,1705544183,539345,2215754
2.02305E+11,1690388,1705544184,540373,2230761
2.02305E+11,1705144,1705544185,540039,2245183
2.02305E+11,1754786,1705544186,540175,2294961
2.02305E+11,1676491,1705544187,540062,2216553
2.02305E+11,1708569,1705544188,539037,2247606
2.02305E+11,7390,1705544189,539034,546424
2.02305E+11,7441,1705544190,538938,546379
2.02305E+11,7620,1705544191,538772,546392
2.02305E+11,7549,1705544192,538627,546176
2.02305E+11,7623,1705544193,538269,545892
2.02305E+11,600331,1705544194,538516,1138847
2.02305E+11,836440,1705544195,539262,1375702
2.02305E+11,1490616,1705544196,538909,2029525
2.02305E+11,1720390,1705544197,539600,2259990
2.02305E+11,1694574,1705544198,539895,2234469
2.02305E+11,1697946,1705544199,540000,2237946
2.02305E+11,1712225,1705544200,539642,2251867
2.02305E+11,1720689,1705544201,540498,2261187
2.02305E+11,7852,1705544202,540099,547951
2.02305E+11,7849,1705544203,539367,547216
2.02305E+11,7631,1705544204,539350,546981
2.02305E+11,7569,1705544205,539404,546973
2.02305E+11,7415,1705544206,539062,546477
2.02305E+11,7251,1705544207,538759,546010
2.02305E+11,654007,1705544208,539956,1193963
2.02305E+11,1216538,1705544209,539612,1756150
2.02305E+11,1701418,1705544210,540063,2241481
2.02305E+11,1714720,1705544211,539351,2254071
2.02305E+11,1678794,1705544212,539354,2218148
2.02305E+11,1726552,1705544213,540153,2266705
2.02305E+11,1739945,1705544214,539943,2279888
2.02305E+11,1682237,1705544215,540947,2223184
2.02305E+11,8176,1705544216,539162,547338
2.02305E+11,7433,1705544217,539279,546712
2.02305E+11,7686,1705544218,539540,547226
2.02305E+11,7346,1705544219,538872,546218
2.02305E+11,7726,1705544220,539215,546941
2.02305E+11,599778,1705544221,538761,1138539
2.02305E+11,980467,1705544222,538533,1519000
2.02305E+11,1669009,1705544223,539376,2208385
2.02305E+11,1682666,1705544224,539332,2221998
2.02305E+11,1697131,1705544225,540111,2237242
2.02305E+11,1706394,1705544226,539722,2246116
2.02305E+11,1717426,1705544227,540332,2257758
2.02305E+11,1703532,1705544228,538908,2242440
2.02305E+11,7946,1705544229,539901,547847
2.02305E+11,7771,1705544230,540550,548321
2.02305E+11,7541,1705544231,540680,548221
2.02305E+11,7628,1705544232,540613,548241
2.02305E+11,7605,1705544233,539629,547234
2.02305E+11,7745,1705544234,540390,548135
2.02305E+11,773419,1705544235,539674,1313093
2.02305E+11,1397848,1705544236,539742,1937590
2.02305E+11,1696475,1705544237,539603,2236078
2.02305E+11,1744647,1705544238,539377,2284024
2.02305E+11,1726750,1705544239,539422,2266172
2.02305E+11,1667783,1705544240,538788,2206571
2.02305E+11,1686467,1705544241,538792,2225259
2.02305E+11,6706,1705544242,539310,546016
2.02305E+11,7679,1705544243,539170,546849
2.02305E+11,7343,1705544244,539179,546522
2.02305E+11,7892,1705544245,539752,547644
2.02305E+11,7540,1705544246,538795,546335
2.02305E+11,7740,1705544247,538595,546335
2.02305E+11,601821,1705544248,539444,1141265
2.02305E+11,1136570,1705544249,539261,1675831
2.02305E+11,1674340,1705544250,539634,2213974
2.02305E+11,1728096,1705544251,539002,2267098
2.02305E+11,1671798,1705544252,539541,2211339
2.02305E+11,1687471,1705544253,538983,2226454
2.02305E+11,1734133,1705544254,538459,2272592
2.02305E+11,1692582,1705544255,539144,2231726
2.02305E+11,7874,1705544256,539191,547065
2.02305E+11,7252,1705544257,538322,545574
2.02305E+11,7497,1705544258,538664,546161
2.02305E+11,7549,1705544259,538496,546045
2.02305E+11,7586,1705544260,538466,546052
2.02305E+11,599590,1705544261,538843,1138433
2.02305E+11,907990,1705544262,539357,1447347
2.02305E+11,1584206,1705544263,539867,2124073
2.02305E+11,1709000,1705544264,539793,2248793
2.02305E+11,1721895,1705544265,539905,2261800
2.02305E+11,1706204,1705544266,539168,2245372
2.02305E+11,1688826,1705544267,539581,2228407
2.02305E+11,1727135,1705544268,539757,2266892
2.02305E+11,7473,1705544269,539281,546754
2.02305E+11,7895,1705544270,539081,546976
2.02305E+11,7161,1705544271,539177,546338
2.02305E+11,7169,1705544272,539355,546524
2.02305E+11,7075,1705544273,539453,546528
2.02305E+11,7497,1705544274,539146,546643
2.02305E+11,711375,1705544275,538510,1249885
2.02305E+11,1303902,1705544276,539095,1842997
2.02305E+11,1695430,1705544277,538429,2233859
2.02305E+11,1708056,1705544278,539926,2247982
2.02305E+11,1719568,1705544279,539391,2258959
2.02305E+11,1712845,1705544280,538947,2251792
2.02305E+11,1674131,1705544281,538597,2212728
2.02305E+11,5598,1705544282,538729,544327
2.02305E+11,7548,1705544283,539364,546912
2.02305E+11,7306,1705544284,539475,546781
2.02305E+11,7159,1705544285,540047,547206
2.02305E+11,6893,1705544286,539109,546002
2.02305E+11,6915,1705544287,539408,546323
2.02305E+11,599042,1705544288,539558,1138600
2.02305E+11,1053839,1705544289,539495,1593334
2.02305E+11,1680223,1705544290,540144,2220367
2.02305E+11,1660170,1705544291,538893,2199063
2.02305E+11,1707588,1705544292,539069,2246657
2.02305E+11,1721406,1705544293,539340,2260746
2.02305E+11,1713517,1705544294,538664,2252181
2.02305E+11,1699866,1705544295,538429,2238295
2.02305E+11,7068,1705544296,539066,546134
2.02305E+11,7727,1705544297,539773,547500
2.02305E+11,7759,1705544298,540161,547920
2.02305E+11,7873,1705544299,539292,547165
2.02305E+11,7624,1705544300,540095,547719
2.02305E+11,601441,1705544301,539151,1140592
2.02305E+11,838946,1705544302,539368,1378314
2.02305E+11,1491351,1705544303,539549,2030900
2.02305E+11,1717736,1705544304,539779,2257515
2.02305E+11,1735321,1705544305,0,1735321
2.02305E+11,1709453,1705544306,0,1709453
2.02305E+11,1710426,1705544307,0,1710426
2.02305E+11,1686843,1705544308,0,1686843
2.02305E+11,6895,1705544309,0,6895
2.02305E+11,7138,1705544310,0,7138
2.02305E+11,6999,1705544311,0,6999
2.02305E+11,7159,1705544312,542094,549253
2.02305E+11,7291,1705544313,538211,545502
2.02305E+11,7108,1705544314,538596,545704
2.02305E+11,649175,1705544315,538409,1187584
