ID,AcPower(°×³ãµÆ£©,TimeT,AcPower(µç´µ·ç£©,×Ü
2.02305E+11,80561,1690370352,0,80561
2.02305E+11,80767,1690370353,0,80767
2.02305E+11,80706,1690370354,0,80706
2.02305E+11,81059,1690370355,0,81059
2.02305E+11,81009,1690370356,0,81009
2.02305E+11,81228,1690370357,0,81228
2.02305E+11,80798,1690370358,0,80798
2.02305E+11,81058,1690370359,542094,623152
2.02305E+11,81051,1690370360,538211,619262
2.02305E+11,81093,1690370361,538596,619689
2.02305E+11,81254,1690370362,538409,619663
2.02305E+11,81242,1690370363,537895,619137
2.02305E+11,81033,1690370364,537586,618619
2.02305E+11,81061,1690370365,537894,618955
2.02305E+11,81284,1690370366,537961,619245
2.02305E+11,81001,1690370367,537527,618528
2.02305E+11,81056,1690370368,537263,618319
2.02305E+11,80905,1690370369,537408,618313
2.02305E+11,81101,1690370370,538320,619421
2.02305E+11,81320,1690370371,537050,618370
2.02305E+11,81141,1690370372,536210,617351
2.02305E+11,80625,1690370373,536640,617265
2.02305E+11,81399,1690370374,537368,618767
2.02305E+11,81367,1690370375,537965,619332
2.02305E+11,81462,1690370376,537037,618499
2.02305E+11,80992,1690370377,536828,617820
2.02305E+11,81157,1690370378,537829,618986
2.02305E+11,80966,1690370379,537965,618931
2.02305E+11,80469,1690370380,538403,618872
2.02305E+11,80874,1690370381,538574,619448
2.02305E+11,80572,1690370382,538310,618882
2.02305E+11,80864,1690370383,538034,618898
2.02305E+11,81080,1690370384,539176,620256
2.02305E+11,80846,1690370385,537664,618510
2.02305E+11,80708,1690370386,538338,619046
2.02305E+11,80778,1690370387,537001,617779
2.02305E+11,80752,1690370388,537485,618237
2.02305E+11,80818,1690370389,537503,618321
2.02305E+11,80943,1690370390,536731,617674
2.02305E+11,81117,1690370391,536865,617982
2.02305E+11,80955,1690370392,536785,617740
2.02305E+11,80937,1690370393,537274,618211
2.02305E+11,80530,1690370394,536416,616946
2.02305E+11,80901,1690370395,535883,616784
2.02305E+11,81405,1690370396,536030,617435
2.02305E+11,80801,1690370398,536490,617291
2.02305E+11,81376,1690370399,536883,618259
2.02305E+11,80949,1690370400,536891,617840
2.02305E+11,80784,1690370401,536340,617124
2.02305E+11,80742,1690370402,536200,616942
2.02305E+11,81048,1690370403,536259,617307
2.02305E+11,81142,1690370404,536591,617733
2.02305E+11,81220,1690370405,536705,617925
2.02305E+11,80878,1690370406,537295,618173
2.02305E+11,81229,1690370407,536997,618226
2.02305E+11,81141,1690370408,537194,618335
2.02305E+11,81153,1690370409,537029,618182
2.02305E+11,81204,1690370410,536948,618152
2.02305E+11,80856,1690370411,536114,616970
2.02305E+11,81255,1690370412,537021,618276
2.02305E+11,81050,1690370413,536106,617156
2.02305E+11,81443,1690370414,535766,617209
2.02305E+11,81012,1690370415,535696,616708
2.02305E+11,81171,1690370416,535450,616621
2.02305E+11,81014,1690370417,536110,617124
2.02305E+11,81022,1690370418,536403,617425
2.02305E+11,81128,1690370419,536287,617415
2.02305E+11,81031,1690370420,536907,617938
2.02305E+11,80925,1690370421,536801,617726
2.02305E+11,80916,1690370422,537507,618423
2.02305E+11,80891,1690370423,537210,618101
2.02305E+11,81246,1690370424,536427,617673
2.02305E+11,81149,1690370425,536674,617823
2.02305E+11,81326,1690370426,536516,617842
2.02305E+11,81065,1690370427,536316,617381
2.02305E+11,81113,1690370428,535953,617066
2.02305E+11,80832,1690370429,536462,617294
2.02305E+11,81171,1690370430,535936,617107
2.02305E+11,80969,1690370431,535714,616683
2.02305E+11,81178,1690370432,536005,617183
2.02305E+11,81104,1690370433,535807,616911
2.02305E+11,80816,1690370434,536331,617147
2.02305E+11,81130,1690370435,535842,616972
2.02305E+11,81117,1690370436,536527,617644
2.02305E+11,81061,1690370437,537395,618456
2.02305E+11,80994,1690370438,536813,617807
2.02305E+11,81134,1690370439,536638,617772
2.02305E+11,81266,1690370440,536293,617559
2.02305E+11,80751,1690370441,535399,616150
2.02305E+11,80906,1690370442,536434,617340
2.02305E+11,81016,1690370443,536432,617448
2.02305E+11,81226,1690370444,535673,616899
2.02305E+11,81026,1690370445,536158,617184
2.02305E+11,81109,1690370446,535051,616160
2.02305E+11,80997,1690370447,535938,616935
2.02305E+11,81088,1690370448,536040,617128
2.02305E+11,81023,1690370449,536011,617034
2.02305E+11,81264,1690370450,535561,616825
2.02305E+11,81038,1690370451,537081,618119
2.02305E+11,81318,1690370452,536782,618100
2.02305E+11,81062,1690370453,536207,617269
2.02305E+11,81142,1690370454,536558,617700
2.02305E+11,81155,1690370455,535306,616461
2.02305E+11,80996,1690370456,536020,617016
2.02305E+11,81307,1690370457,535672,616979
2.02305E+11,80976,1690370458,536707,617683
2.02305E+11,80531,1690370459,536867,617398
2.02305E+11,81173,1690370460,536350,617523
2.02305E+11,81250,1690370461,536645,617895
2.02305E+11,81042,1690370462,535664,616706
2.02305E+11,80956,1690370463,535818,616774
2.02305E+11,81332,1690370464,535086,616418
2.02305E+11,80931,1690370465,535009,615940
2.02305E+11,81087,1690370466,535728,616815
2.02305E+11,81086,1690370467,535243,616329
2.02305E+11,80996,1690370468,534585,615581
2.02305E+11,80966,1690370469,534258,615224
2.02305E+11,80831,1690370470,534888,615719
2.02305E+11,81108,1690370471,534881,615989
2.02305E+11,80969,1690370472,534939,615908
2.02305E+11,80440,1690370473,534498,614938
2.02305E+11,81080,1690370474,536590,617670
2.02305E+11,81201,1690370475,536329,617530
2.02305E+11,80870,1690370476,536785,617655
2.02305E+11,80969,1690370477,536967,617936
2.02305E+11,80798,1690370478,536418,617216
2.02305E+11,80803,1690370479,536472,617275
2.02305E+11,81112,1690370480,536258,617370
2.02305E+11,80505,1690370481,535827,616332
2.02305E+11,81094,1690370482,535941,617035
2.02305E+11,81162,1690370483,534659,615821
2.02305E+11,80917,1690370484,534935,615852
2.02305E+11,80949,1690370485,535841,616790
2.02305E+11,81235,1690370486,535307,616542
2.02305E+11,81299,1690370487,535906,617205
2.02305E+11,81094,1690370488,535709,616803
2.02305E+11,81287,1690370489,535720,617007
2.02305E+11,81136,1690370490,535853,616989
2.02305E+11,81048,1690370491,536363,617411
2.02305E+11,81400,1690370492,536222,617622
2.02305E+11,80982,1690370493,536961,617943
2.02305E+11,81234,1690370494,536935,618169
2.02305E+11,81172,1690370495,536674,617846
2.02305E+11,81202,1690370496,536313,617515
2.02305E+11,81132,1690370497,537069,618201
2.02305E+11,81238,1690370498,536295,617533
2.02305E+11,81311,1690370499,537590,618901
2.02305E+11,80845,1690370500,536974,617819
2.02305E+11,81268,1690370501,536576,617844
2.02305E+11,80977,1690370502,537149,618126
2.02305E+11,81243,1690370503,537609,618852
2.02305E+11,81157,1690370504,537696,618853
2.02305E+11,80983,1690370505,536658,617641
2.02305E+11,81029,1690370506,536796,617825
2.02305E+11,80775,1690370507,535139,615914
2.02305E+11,80943,1690370508,535242,616185
2.02305E+11,81059,1690370509,534069,615128
2.02305E+11,81213,1690370510,533779,614992
2.02305E+11,81011,1690370510,533748,614759
2.02305E+11,81049,1690370512,534396,615445
2.02305E+11,81177,1690370513,534387,615564
2.02305E+11,81253,1690370514,535144,616397
2.02305E+11,81272,1690370515,534758,616030
2.02305E+11,81083,1690370516,534529,615612
2.02305E+11,81469,1690370517,534584,616053
2.02305E+11,80743,1690370518,535061,615804
2.02305E+11,81080,1690370519,536133,617213
2.02305E+11,80876,1690370520,535885,616761
2.02305E+11,81172,1690370521,536166,617338
2.02305E+11,81203,1690370522,536182,617385
2.02305E+11,81090,1690370523,535818,616908
2.02305E+11,81114,1690370524,534762,615876
2.02305E+11,81023,1690370525,535143,616166
2.02305E+11,80987,1690370526,535819,616806
2.02305E+11,81191,1690370527,535947,617138
2.02305E+11,81085,1690370528,534962,616047
2.02305E+11,80865,1690370529,535286,616151
2.02305E+11,80937,1690370530,535684,616621
2.02305E+11,81474,1690370531,536029,617503
2.02305E+11,81114,1690370532,536188,617302
2.02305E+11,81069,1690370533,535398,616467
2.02305E+11,81273,1690370534,536172,617445
2.02305E+11,80924,1690370535,535297,616221
2.02305E+11,81094,1690370536,535946,617040
2.02305E+11,81260,1690370537,535953,617213
2.02305E+11,81145,1690370538,535778,616923
2.02305E+11,81375,1690370539,535944,617319
2.02305E+11,81140,1690370540,535849,616989
2.02305E+11,81611,1690370541,535502,617113
2.02305E+11,81104,1690370542,536015,617119
2.02305E+11,81013,1690370543,536506,617519
2.02305E+11,81196,1690370544,536175,617371
2.02305E+11,81565,1690370545,534928,616493
2.02305E+11,81381,1690370546,535912,617293
2.02305E+11,81152,1690370547,535709,616861
2.02305E+11,81322,1690370548,535194,616516
2.02305E+11,80583,1690370549,535631,616214
2.02305E+11,80532,1690370550,535127,615659
2.02305E+11,80998,1690370551,535486,616484
2.02305E+11,81185,1690370552,535261,616446
2.02305E+11,80491,1690370553,535235,615726
2.02305E+11,80766,1690370554,534866,615632
2.02305E+11,80750,1690370555,533895,614645
2.02305E+11,80997,1690370556,534632,615629
2.02305E+11,80921,1690370557,535027,615948
2.02305E+11,80722,1690370558,534649,615371
2.02305E+11,80853,1690370559,534605,615458
2.02305E+11,81276,1690370560,534753,616029
2.02305E+11,80951,1690370561,534862,615813
2.02305E+11,80623,1690370562,533993,614616
2.02305E+11,81086,1690370563,1577086,1658172
2.02305E+11,81094,1690370564,1579843,1660937
2.02305E+11,81090,1690370565,1578686,1659776
2.02305E+11,81092,1690370566,534163,615255
2.02305E+11,80399,1690370567,872492,952891
2.02305E+11,81189,1690370568,873156,954345
2.02305E+11,81197,1690370569,872631,953828
2.02305E+11,81170,1690370570,872453,953623
2.02305E+11,80891,1690370571,873218,954109
2.02305E+11,80846,1690370572,873560,954406
2.02305E+11,81010,1690370573,872931,953941
2.02305E+11,81309,1690370574,872926,954235
2.02305E+11,80950,1690370575,873185,954135
2.02305E+11,80695,1690370576,873744,954439
2.02305E+11,81065,1690370577,873661,954726
2.02305E+11,81037,1690370578,873463,954500
2.02305E+11,81168,1690370579,873289,954457
2.02305E+11,80987,1690370580,872996,953983
2.02305E+11,80951,1690370581,872813,953764
2.02305E+11,80912,1690370582,873277,954189
2.02305E+11,80977,1690370583,873700,954677
2.02305E+11,81051,1690370584,873656,954707
2.02305E+11,81240,1690370585,873806,955046
2.02305E+11,81194,1690370586,873573,954767
2.02305E+11,81214,1690370587,872645,953859
2.02305E+11,80959,1690370588,872429,953388
2.02305E+11,80994,1690370589,873224,954218
2.02305E+11,80911,1690370590,873010,953921
2.02305E+11,80744,1690370591,872209,952953
2.02305E+11,80621,1690370592,873041,953662
2.02305E+11,80743,1690370593,873321,954064
2.02305E+11,81009,1690370594,872802,953811
2.02305E+11,80884,1690370595,873413,954297
2.02305E+11,80309,1690370596,874054,954363
2.02305E+11,80902,1690370597,873234,954136
2.02305E+11,80832,1690370598,872927,953759
2.02305E+11,81088,1690370599,871955,953043
2.02305E+11,81053,1690370600,871483,952536
2.02305E+11,81043,1690370601,870337,951380
2.02305E+11,81064,1690370602,870439,951503
2.02305E+11,81025,1690370603,872129,953154
2.02305E+11,81344,1690370604,872339,953683
2.02305E+11,81192,1690370605,872958,954150
2.02305E+11,81013,1690370606,873480,954493
2.02305E+11,81533,1690370607,874090,955623
2.02305E+11,81080,1690370608,876431,957511
2.02305E+11,81496,1690370609,876504,958000
2.02305E+11,81227,1690370610,875560,956787
2.02305E+11,81382,1690370611,874791,956173
2.02305E+11,80839,1690370612,874872,955711
2.02305E+11,81099,1690370613,875717,956816
2.02305E+11,81179,1690370614,874556,955735
2.02305E+11,81041,1690370615,874694,955735
2.02305E+11,81227,1690370616,875062,956289
2.02305E+11,80898,1690370617,875050,955948
2.02305E+11,80987,1690370618,875240,956227
2.02305E+11,81084,1690370619,874903,955987
2.02305E+11,81123,1690370620,875946,957069
2.02305E+11,80715,1690370621,875447,956162
2.02305E+11,80684,1690370622,875533,956217
2.02305E+11,80809,1690370623,874991,955800
2.02305E+11,80876,1690370624,876099,956975
2.02305E+11,81162,1690370625,876203,957365
2.02305E+11,80939,1690370626,876790,957729
2.02305E+11,80607,1690370627,876611,957218
2.02305E+11,80709,1690370628,876804,957513
2.02305E+11,80743,1690370629,876785,957528
2.02305E+11,81068,1690370630,875613,956681
2.02305E+11,80758,1690370631,872768,953526
2.02305E+11,80723,1690370632,874289,955012
2.02305E+11,80750,1690370633,875534,956284
2.02305E+11,81199,1690370634,874782,955981
2.02305E+11,80726,1690370635,875049,955775
2.02305E+11,81074,1690370636,874862,955936
2.02305E+11,80892,1690370637,873571,954463
2.02305E+11,81148,1690370638,873786,954934
2.02305E+11,80967,1690370639,873542,954509
2.02305E+11,80942,1690370640,874318,955260
2.02305E+11,80964,1690370641,875027,955991
2.02305E+11,80963,1690370642,874413,955376
2.02305E+11,80857,1690370643,874289,955146
2.02305E+11,81143,1690370644,875023,956166
2.02305E+11,81278,1690370645,876253,957531
2.02305E+11,81264,1690370646,876642,957906
2.02305E+11,81443,1690370647,875938,957381
2.02305E+11,81054,1690370648,875790,956844
2.02305E+11,81201,1690370649,876742,957943
2.02305E+11,81454,1690370650,876160,957614
2.02305E+11,81258,1690370651,876715,957973
2.02305E+11,81207,1690370652,875915,957122
2.02305E+11,81142,1690370653,876623,957765
2.02305E+11,81245,1690370654,876473,957718
2.02305E+11,80404,1690370655,876172,956576
2.02305E+11,81091,1690370656,875458,956549
2.02305E+11,80969,1690370657,875907,956876
2.02305E+11,80981,1690370658,876305,957286
2.02305E+11,80988,1690370659,875534,956522
2.02305E+11,80826,1690370660,876221,957047
2.02305E+11,81144,1690370661,876435,957579
2.02305E+11,81005,1690370662,874548,955553
2.02305E+11,81040,1690370663,875119,956159
2.02305E+11,81092,1690370664,874791,955883
2.02305E+11,81236,1690370665,875343,956579
2.02305E+11,80906,1690370666,875560,956466
2.02305E+11,80913,1690370667,875504,956417
2.02305E+11,80903,1690370668,876634,957537
2.02305E+11,80882,1690370669,875182,956064
2.02305E+11,81031,1690370670,875048,956079
2.02305E+11,80730,1690370671,875853,956583
2.02305E+11,81064,1690370672,874740,955804
2.02305E+11,81078,1690370673,875169,956247
2.02305E+11,80933,1690370674,875162,956095
2.02305E+11,81090,1690370675,874769,955859
2.02305E+11,81022,1690370676,875546,956568
2.02305E+11,80557,1690370677,875720,956277
2.02305E+11,81324,1690370678,873943,955267
2.02305E+11,81654,1690370679,873943,955597
2.02305E+11,81384,1690370680,874115,955499
2.02305E+11,81588,1690370681,873638,955226
2.02305E+11,81147,1690370682,873309,954456
2.02305E+11,81131,1690370683,873727,954858
2.02305E+11,81152,1690370684,873870,955022
2.02305E+11,81283,1690370685,873726,955009
2.02305E+11,81361,1690370686,873713,955074
2.02305E+11,80861,1690370687,874340,955201
2.02305E+11,80936,1690370688,873953,954889
2.02305E+11,80933,1690370689,873781,954714
2.02305E+11,81237,1690370690,872638,953875
2.02305E+11,81205,1690370691,873956,955161
2.02305E+11,81024,1690370692,872824,953848
2.02305E+11,80669,1690370693,873590,954259
2.02305E+11,80812,1690370694,873437,954249
2.02305E+11,80681,1690370695,874292,954973
2.02305E+11,81049,1690370696,874269,955318
2.02305E+11,81054,1690370697,874959,956013
2.02305E+11,80811,1690370698,874339,955150
2.02305E+11,80753,1690370699,874355,955108
2.02305E+11,80730,1690370700,875446,956176
2.02305E+11,80691,1690370701,876152,956843
2.02305E+11,80606,1690370702,875970,956576
2.02305E+11,80802,1690370703,875990,956792
2.02305E+11,80943,1690370704,875875,956818
2.02305E+11,80904,1690370705,875586,956490
2.02305E+11,80953,1690370706,874298,955251
2.02305E+11,81008,1690370707,874012,955020
2.02305E+11,80996,1690370708,874100,955096
2.02305E+11,81174,1690370709,875327,956501
2.02305E+11,81098,1690370710,875434,956532
2.02305E+11,80849,1690370711,875186,956035
2.02305E+11,81078,1690370712,874453,955531
2.02305E+11,81095,1690370713,875186,956281
2.02305E+11,80952,1690370714,874605,955557
2.02305E+11,80975,1690370715,874123,955098
2.02305E+11,80886,1690370716,874713,955599
2.02305E+11,81149,1690370717,874734,955883
2.02305E+11,81165,1690370718,876237,957402
2.02305E+11,81301,1690370719,876502,957803
2.02305E+11,81454,1690370720,875205,956659
2.02305E+11,80947,1690370721,872036,952983
2.02305E+11,80930,1690370722,873792,954722
2.02305E+11,81215,1690370723,873627,954842
2.02305E+11,81195,1690370724,874123,955318
2.02305E+11,80922,1690370725,873794,954716
2.02305E+11,81061,1690370726,871345,952406
2.02305E+11,81041,1690370727,872374,953415
2.02305E+11,81184,1690370728,874017,955201
2.02305E+11,81594,1690370729,874586,956180
2.02305E+11,81069,1690370730,875268,956337
2.02305E+11,81065,1690370731,875120,956185
2.02305E+11,81330,1690370732,875301,956631
2.02305E+11,81198,1690370734,874298,955496
2.02305E+11,80843,1690370735,873884,954727
2.02305E+11,81246,1690370736,875412,956658
2.02305E+11,81129,1690370737,874821,955950
2.02305E+11,81326,1690370738,874714,956040
2.02305E+11,81128,1690370739,874632,955760
2.02305E+11,80753,1690370740,874452,955205
2.02305E+11,80722,1690370741,875268,955990
2.02305E+11,80901,1690370742,873887,954788
2.02305E+11,80991,1690370743,874753,955744
2.02305E+11,80923,1690370744,875222,956145
2.02305E+11,81120,1690370745,875598,956718
2.02305E+11,80738,1690370746,874042,954780
2.02305E+11,80884,1690370747,874517,955401
2.02305E+11,81204,1690370748,874723,955927
2.02305E+11,80970,1690370749,874407,955377
2.02305E+11,81189,1690370750,875161,956350
2.02305E+11,80797,1690370751,874641,955438
2.02305E+11,81161,1690370752,874346,955507
2.02305E+11,81089,1690370753,870757,951846
2.02305E+11,80914,1690370754,875400,956314
2.02305E+11,80658,1690370755,875376,956034
2.02305E+11,81356,1690370756,874980,956336
2.02305E+11,81334,1690370757,874505,955839
2.02305E+11,81473,1690370758,872978,954451
2.02305E+11,81190,1690370759,874639,955829
2.02305E+11,81422,1690370760,874454,955876
2.02305E+11,81037,1690370761,875508,956545
2.02305E+11,80965,1690370762,874915,955880
2.02305E+11,81237,1690370763,874218,955455
2.02305E+11,81179,1690370764,875313,956492
2.02305E+11,81047,1690370765,874544,955591
2.02305E+11,80745,1690370766,874382,955127
2.02305E+11,80674,1690370767,875959,956633
2.02305E+11,81005,1690370768,874133,955138
2.02305E+11,80767,1690370769,874872,955639
2.02305E+11,80981,1690370770,874247,955228
2.02305E+11,80537,1690370771,874218,954755
2.02305E+11,80330,1690370772,874467,954797
2.02305E+11,80558,1690370773,874077,954635
2.02305E+11,80486,1690370774,873815,954301
2.02305E+11,80716,1690370775,874518,955234
2.02305E+11,80367,1690370776,873420,953787
2.02305E+11,80647,1690370777,873926,954573
2.02305E+11,80864,1690370778,874890,955754
2.02305E+11,80857,1690370779,873835,954692
2.02305E+11,80776,1690370780,875363,956139
2.02305E+11,80883,1690370781,873967,954850
2.02305E+11,80897,1690370782,874630,955527
2.02305E+11,80564,1690370783,874796,955360
2.02305E+11,81305,1690370784,874380,955685
2.02305E+11,81169,1690370785,874745,955914
2.02305E+11,81154,1690370786,875419,956573
2.02305E+11,81133,1690370787,874109,955242
2.02305E+11,80888,1690370788,875402,956290
2.02305E+11,81116,1690370789,872305,953421
2.02305E+11,81566,1690370790,875086,956652
2.02305E+11,81352,1690370791,875382,956734
2.02305E+11,81214,1690370792,874864,956078
2.02305E+11,81118,1690370793,875017,956135
2.02305E+11,81022,1690370794,874576,955598
2.02305E+11,81255,1690370795,875139,956394
2.02305E+11,81289,1690370796,874188,955477
2.02305E+11,81353,1690370797,875173,956526
2.02305E+11,81152,1690370798,874964,956116
2.02305E+11,81129,1690370799,876395,957524
2.02305E+11,81117,1690370800,875853,956970
2.02305E+11,80957,1690370801,874583,955540
2.02305E+11,81202,1690370802,876797,957999
2.02305E+11,80859,1690370803,875405,956264
2.02305E+11,80941,1690370804,875723,956664
2.02305E+11,80568,1690370805,875793,956361
2.02305E+11,80653,1690370806,876675,957328
2.02305E+11,80907,1690370807,877121,958028
2.02305E+11,80750,1690370808,876779,957529
2.02305E+11,80768,1690370809,875618,956386
2.02305E+11,80867,1690370810,875931,956798
2.02305E+11,80613,1690370811,876157,956770
2.02305E+11,80836,1690370811,874944,955780
2.02305E+11,80708,1690370813,874484,955192
2.02305E+11,80761,1690370814,875464,956225
2.02305E+11,81067,1690370815,874707,955774
2.02305E+11,81206,1690370816,874911,956117
2.02305E+11,80965,1690370817,874081,955046
2.02305E+11,80488,1690370818,874020,954508
2.02305E+11,80691,1690370819,874502,955193
2.02305E+11,81071,1690370820,875063,956134
2.02305E+11,81270,1690370821,875905,957175
2.02305E+11,80816,1690370822,876019,956835
2.02305E+11,81261,1690370823,875072,956333
2.02305E+11,80725,1690370824,875305,956030
2.02305E+11,81136,1690370825,875192,956328
2.02305E+11,81184,1690370826,876262,957446
2.02305E+11,80990,1690370827,875234,956224
2.02305E+11,81343,1690370828,875992,957335
2.02305E+11,80691,1690370829,875654,956345
2.02305E+11,80901,1690370830,875388,956289
2.02305E+11,81069,1690370831,875625,956694
2.02305E+11,81170,1690370832,875247,956417
2.02305E+11,81130,1690370833,874866,955996
2.02305E+11,81138,1690370834,874877,956015
2.02305E+11,81073,1690370835,874929,956002
2.02305E+11,81214,1690370836,874556,955770
2.02305E+11,81235,1690370837,874788,956023
2.02305E+11,81345,1690370838,875109,956454
2.02305E+11,81040,1690370839,874685,955725
2.02305E+11,81440,1690370840,874027,955467
2.02305E+11,81090,1690370841,875288,956378
2.02305E+11,81280,1690370842,875592,956872
2.02305E+11,81348,1690370843,875349,956697
2.02305E+11,81446,1690370844,876112,957558
2.02305E+11,80895,1690370845,875750,956645
2.02305E+11,81113,1690370846,874701,955814
2.02305E+11,80824,1690370847,875602,956426
2.02305E+11,81028,1690370848,875021,956049
2.02305E+11,80591,1690370849,875713,956304
2.02305E+11,80793,1690370850,875926,956719
2.02305E+11,81089,1690370851,875527,956616
2.02305E+11,80556,1690370852,875435,955991
2.02305E+11,80852,1690370853,875568,956420
2.02305E+11,80586,1690370854,875282,955868
2.02305E+11,81134,1690370855,874149,955283
2.02305E+11,80660,1690370856,874809,955469
2.02305E+11,81002,1690370857,874810,955812
2.02305E+11,80690,1690370858,875489,956179
2.02305E+11,81232,1690370859,875774,957006
2.02305E+11,81002,1690370860,875709,956711
2.02305E+11,81331,1690370861,874641,955972
2.02305E+11,81183,1690370862,875132,956315
2.02305E+11,80765,1690370863,874709,955474
2.02305E+11,81458,1690370864,874760,956218
2.02305E+11,80974,1690370865,875019,955993
2.02305E+11,81067,1690370866,875416,956483
2.02305E+11,81018,1690370867,874252,955270
2.02305E+11,81131,1690370868,874211,955342
2.02305E+11,81221,1690370869,874835,956056
2.02305E+11,81129,1690370870,875296,956425
2.02305E+11,81121,1690370871,875102,956223
2.02305E+11,81141,1690370872,875340,956481
2.02305E+11,81018,1690370873,874419,955437
2.02305E+11,81386,1690370874,875242,956628
2.02305E+11,81045,1690370875,874935,955980
2.02305E+11,80905,1690370876,875154,956059
2.02305E+11,81067,1690370877,875395,956462
2.02305E+11,81014,1690370878,874873,955887
2.02305E+11,80888,1690370879,876013,956901
2.02305E+11,80555,1690370880,875757,956312
2.02305E+11,80899,1690370881,875002,955901
2.02305E+11,80822,1690370882,875950,956772
2.02305E+11,80622,1690370883,874459,955081
2.02305E+11,80641,1690370884,874779,955420
2.02305E+11,81091,1690370885,874865,955956
2.02305E+11,80573,1690370886,875755,956328
2.02305E+11,80971,1690370887,875117,956088
2.02305E+11,80994,1690370888,874826,955820
2.02305E+11,81033,1690370889,874770,955803
2.02305E+11,80956,1690370890,874285,955241
2.02305E+11,80891,1690370891,874865,955756
2.02305E+11,81267,1690370892,875259,956526
2.02305E+11,81228,1690370893,875094,956322
2.02305E+11,81169,1690370894,876406,957575
2.02305E+11,80954,1690370895,874792,955746
2.02305E+11,81170,1690370896,875165,956335
2.02305E+11,80962,1690370897,874147,955109
2.02305E+11,81167,1690370898,874619,955786
2.02305E+11,81141,1690370899,874104,955245
2.02305E+11,81371,1690370900,874616,955987
2.02305E+11,80982,1690370901,874746,955728
2.02305E+11,81386,1690370902,874190,955576
2.02305E+11,81345,1690370903,874202,955547
2.02305E+11,81407,1690370904,873280,954687
2.02305E+11,81251,1690370905,873627,954878
2.02305E+11,81101,1690370906,873683,954784
2.02305E+11,81233,1690370907,874072,955305
2.02305E+11,80953,1690370908,873986,954939
2.02305E+11,80654,1690370909,873755,954409
2.02305E+11,80622,1690370910,874248,954870
2.02305E+11,80267,1690370911,875042,955309
2.02305E+11,80877,1690370912,875235,956112
2.02305E+11,80506,1690370913,873978,954484
2.02305E+11,80665,1690370914,874890,955555
2.02305E+11,80773,1690370915,874396,955169
2.02305E+11,80279,1690370916,874516,954795
2.02305E+11,80701,1690370917,875213,955914
2.02305E+11,80241,1690370918,874392,954633
2.02305E+11,80604,1690370919,874161,954765
2.02305E+11,81092,1690370920,874106,955198
2.02305E+11,81076,1690370921,874141,955217
2.02305E+11,80856,1690370922,873960,954816
2.02305E+11,81014,1690370923,874185,955199
2.02305E+11,80987,1690370924,872420,953407
2.02305E+11,80865,1690370925,874037,954902
2.02305E+11,81174,1690370926,874215,955389
2.02305E+11,80936,1690370927,874567,955503
2.02305E+11,81051,1690370928,874477,955528
2.02305E+11,80944,1690370929,875148,956092
2.02305E+11,80784,1690370930,875529,956313
2.02305E+11,81041,1690370931,876431,957472
2.02305E+11,80883,1690370932,876143,957026
2.02305E+11,80805,1690370933,874575,955380
2.02305E+11,80749,1690370934,874886,955635
2.02305E+11,81077,1690370935,875159,956236
2.02305E+11,81211,1690370936,875102,956313
2.02305E+11,80898,1690370937,875428,956326
2.02305E+11,81062,1690370938,874196,955258
2.02305E+11,81119,1690370939,874349,955468
2.02305E+11,81306,1690370940,874955,956261
2.02305E+11,81031,1690370941,874299,955330
2.02305E+11,81112,1690370942,874685,955797
2.02305E+11,81077,1690370943,875231,956308
2.02305E+11,81249,1690370944,874846,956095
2.02305E+11,80663,1690370945,875633,956296
2.02305E+11,80734,1690370946,874580,955314
2.02305E+11,80931,1690370947,874796,955727
2.02305E+11,80344,1690370948,874652,954996
2.02305E+11,80888,1690370949,874999,955887
2.02305E+11,80742,1690370950,874580,955322
2.02305E+11,80681,1690370951,874788,955469
2.02305E+11,80993,1690370952,875019,956012
2.02305E+11,80581,1690370953,874555,955136
2.02305E+11,80620,1690370954,875395,956015
2.02305E+11,80894,1690370955,874222,955116
2.02305E+11,80816,1690370956,873301,954117
2.02305E+11,81068,1690370957,873182,954250
2.02305E+11,81053,1690370958,871361,952414
2.02305E+11,80714,1690370959,873009,953723
2.02305E+11,81025,1690370960,872384,953409
2.02305E+11,80623,1690370961,873052,953675
2.02305E+11,80844,1690370962,873996,954840
2.02305E+11,81121,1690370963,875397,956518
2.02305E+11,81110,1690370964,875607,956717
2.02305E+11,80528,1690370965,876101,956629
2.02305E+11,81447,1690370966,875232,956679
2.02305E+11,80774,1690370967,874309,955083
2.02305E+11,81155,1690370968,875433,956588
2.02305E+11,81298,1690370969,875789,957087
2.02305E+11,81276,1690370970,875947,957223
2.02305E+11,81359,1690370971,874797,956156
2.02305E+11,81303,1690370972,874950,956253
2.02305E+11,81270,1690370973,875109,956379
2.02305E+11,81164,1690370974,875136,956300
2.02305E+11,81172,1690370975,875662,956834
2.02305E+11,81253,1690370976,875920,957173
2.02305E+11,80743,1690370977,875913,956656
2.02305E+11,80982,1690370978,876316,957298
2.02305E+11,81141,1690370979,876884,958025
2.02305E+11,80723,1690370980,875396,956119
2.02305E+11,81371,1690370981,875668,957039
2.02305E+11,81152,1690370982,876542,957694
2.02305E+11,80815,1690370983,876046,956861
2.02305E+11,81383,1690370984,877149,958532
2.02305E+11,81021,1690370985,876556,957577
2.02305E+11,80912,1690370986,876360,957272
2.02305E+11,80700,1690370987,876257,956957
2.02305E+11,81292,1690370988,877207,958499
2.02305E+11,80592,1690370989,876835,957427
2.02305E+11,80810,1690370990,873928,954738
2.02305E+11,80805,1690370991,876683,957488
2.02305E+11,81151,1690370992,876491,957642
2.02305E+11,80670,1690370993,876946,957616
2.02305E+11,81113,1690370994,877206,958319
2.02305E+11,80584,1690370995,876525,957109
2.02305E+11,80661,1690370996,877745,958406
2.02305E+11,80902,1690370997,876405,957307
2.02305E+11,80868,1690370998,876481,957349
2.02305E+11,80951,1690370999,876107,957058
2.02305E+11,80348,1690371000,876189,956537
2.02305E+11,80859,1690371001,876360,957219
2.02305E+11,80931,1690371002,875940,956871
2.02305E+11,80879,1690371003,876198,957077
2.02305E+11,80777,1690371004,875768,956545
2.02305E+11,80461,1690371005,876183,956644
2.02305E+11,80935,1690371006,876242,957177
2.02305E+11,81081,1690371007,875383,956464
2.02305E+11,80934,1690371008,875909,956843
2.02305E+11,80898,1690371009,875720,956618
2.02305E+11,80622,1690371010,874722,955344
2.02305E+11,81087,1690371011,875243,956330
2.02305E+11,81020,1690371012,876416,957436
2.02305E+11,80576,1690371013,875365,955941
2.02305E+11,81235,1690371014,875995,957230
2.02305E+11,80976,1690371015,875191,956167
2.02305E+11,80772,1690371016,875465,956237
2.02305E+11,81165,1690371017,875430,956595
2.02305E+11,81085,1690371018,875548,956633
2.02305E+11,80789,1690371019,876126,956915
2.02305E+11,81355,1690371020,875969,957324
2.02305E+11,80987,1690371021,875327,956314
2.02305E+11,80907,1690371022,876339,957246
2.02305E+11,80064,1690371023,875060,955124
2.02305E+11,80989,1690371024,874682,955671
2.02305E+11,80830,1690371025,875097,955927
2.02305E+11,80897,1690371026,875095,955992
2.02305E+11,80949,1690371027,875694,956643
2.02305E+11,80752,1690371028,876210,956962
2.02305E+11,80793,1690371029,876912,957705
2.02305E+11,80817,1690371030,877244,958061
2.02305E+11,81060,1690371031,876007,957067
2.02305E+11,80954,1690371032,875841,956795
2.02305E+11,80793,1690371033,876039,956832
2.02305E+11,81046,1690371034,872596,953642
2.02305E+11,80951,1690371035,875473,956424
2.02305E+11,80835,1690371036,874549,955384
2.02305E+11,81019,1690371037,875260,956279
2.02305E+11,81096,1690371038,873669,954765
2.02305E+11,81378,1690371039,875925,957303
2.02305E+11,81043,1690371040,874449,955492
2.02305E+11,80918,1690371041,875776,956694
2.02305E+11,81117,1690371042,876658,957775
2.02305E+11,80643,1690371043,875874,956517
2.02305E+11,80733,1690371044,876225,956958
2.02305E+11,80804,1690371045,876817,957621
2.02305E+11,80948,1690371046,877079,958027
2.02305E+11,81040,1690371047,875455,956495
2.02305E+11,80939,1690371048,876408,957347
2.02305E+11,80960,1690371049,876191,957151
2.02305E+11,81340,1690371050,875313,956653
2.02305E+11,80957,1690371051,874582,955539
2.02305E+11,80820,1690371052,875074,955894
2.02305E+11,80888,1690371053,875306,956194
2.02305E+11,80739,1690371054,875242,955981
2.02305E+11,81109,1690371055,874815,955924
2.02305E+11,80901,1690371056,874591,955492
2.02305E+11,80802,1690371057,874548,955350
2.02305E+11,80972,1690371058,875129,956101
2.02305E+11,80824,1690371059,876035,956859
2.02305E+11,81116,1690371060,875761,956877
2.02305E+11,80897,1690371061,875842,956739
2.02305E+11,80950,1690371062,875819,956769
2.02305E+11,81069,1690371063,875857,956926
2.02305E+11,81004,1690371064,875353,956357
2.02305E+11,80978,1690371065,875484,956462
2.02305E+11,80598,1690371066,875103,955701
2.02305E+11,80734,1690371067,874941,955675
2.02305E+11,80844,1690371068,874455,955299
2.02305E+11,81171,1690371069,873334,954505
2.02305E+11,81062,1690371070,874277,955339
2.02305E+11,80912,1690371071,874357,955269
2.02305E+11,80665,1690371072,875418,956083
2.02305E+11,81323,1690371073,876756,958079
2.02305E+11,81077,1690371074,874817,955894
2.02305E+11,80827,1690371075,876170,956997
2.02305E+11,81048,1690371076,874875,955923
2.02305E+11,80891,1690371077,876260,957151
2.02305E+11,80831,1690371078,876334,957165
2.02305E+11,81100,1690371079,875734,956834
2.02305E+11,80997,1690371080,875587,956584
2.02305E+11,80937,1690371081,874573,955510
2.02305E+11,80857,1690371082,875474,956331
2.02305E+11,81162,1690371083,875337,956499
2.02305E+11,80790,1690371084,876215,957005
2.02305E+11,80891,1690371085,875891,956782
2.02305E+11,80944,1690371086,875931,956875
2.02305E+11,81002,1690371087,875192,956194
2.02305E+11,81044,1690371088,874216,955260
2.02305E+11,80626,1690371089,874710,955336
2.02305E+11,81154,1690371090,873470,954624
2.02305E+11,80977,1690371091,873817,954794
2.02305E+11,80870,1690371092,873468,954338
2.02305E+11,80546,1690371093,874004,954550
2.02305E+11,81022,1690371094,874185,955207
2.02305E+11,80830,1690371095,874962,955792
2.02305E+11,80468,1690371096,875391,955859
2.02305E+11,80474,1690371097,875101,955575
2.02305E+11,80517,1690371098,875688,956205
2.02305E+11,80361,1690371099,875666,956027
2.02305E+11,80883,1690371100,876860,957743
2.02305E+11,80375,1690371101,1584363,1664738
2.02305E+11,80628,1690371102,1583012,1663640
2.02305E+11,80518,1690371103,1583713,1664231
2.02305E+11,80904,1690371104,1583406,1664310
2.02305E+11,80611,1690371105,1583177,1663788
2.02305E+11,80768,1690371106,1582262,1663030
2.02305E+11,80757,1690371107,1581867,1662624
2.02305E+11,80358,1690371108,1580231,1660589
2.02305E+11,80731,1690371109,1579783,1660514
2.02305E+11,80599,1690371110,1581880,1662479
2.02305E+11,80559,1690371111,1581330,1661889
2.02305E+11,80180,1690371111,1581880,1662060
2.02305E+11,80715,1690371113,1582443,1663158
2.02305E+11,80851,1690371114,1581656,1662507
2.02305E+11,80771,1690371115,1584098,1664869
2.02305E+11,80591,1690371116,1582575,1663166
2.02305E+11,80681,1690371117,1583580,1664261
2.02305E+11,80223,1690371118,1582645,1662868
2.02305E+11,81125,1690371119,1583561,1664686
2.02305E+11,81125,1690371120,1583559,1664684
2.02305E+11,80883,1690371121,1582363,1663246
2.02305E+11,80576,1690371122,1582383,1662959
2.02305E+11,80994,1690371123,1580680,1661674
2.02305E+11,80763,1690371124,1581935,1662698
2.02305E+11,80783,1690371125,1580977,1661760
2.02305E+11,80568,1690371126,1581404,1661972
2.02305E+11,80716,1690371127,1580607,1661323
2.02305E+11,81136,1690371128,1582934,1664070
2.02305E+11,80750,1690371129,1582397,1663147
2.02305E+11,80766,1690371130,1581123,1661889
2.02305E+11,81298,1690371131,1582772,1664070
2.02305E+11,81534,1690371132,1584042,1665576
2.02305E+11,81163,1690371133,1583915,1665078
2.02305E+11,80710,1690371134,1584641,1665351
2.02305E+11,81234,1690371135,1584544,1665778
2.02305E+11,80876,1690371136,1583928,1664804
2.02305E+11,80599,1690371137,1583679,1664278
2.02305E+11,80847,1690371138,1582873,1663720
2.02305E+11,80976,1690371139,1582086,1663062
2.02305E+11,81266,1690371140,1582109,1663375
2.02305E+11,80963,1690371141,1580344,1661307
2.02305E+11,80930,1690371142,1582302,1663232
2.02305E+11,80863,1690371143,1582315,1663178
2.02305E+11,80786,1690371144,1581355,1662141
2.02305E+11,80362,1690371145,1582690,1663052
2.02305E+11,80758,1690371146,1581958,1662716
2.02305E+11,80611,1690371147,1583409,1664020
2.02305E+11,80534,1690371148,1583459,1663993
2.02305E+11,80784,1690371149,1583500,1664284
2.02305E+11,80740,1690371150,1584332,1665072
2.02305E+11,80548,1690371151,1583253,1663801
2.02305E+11,80887,1690371152,1584508,1665395
2.02305E+11,80826,1690371153,1583108,1663934
2.02305E+11,80553,1690371154,1583238,1663791
2.02305E+11,80690,1690371155,1584148,1664838
2.02305E+11,80684,1690371156,1582328,1663012
2.02305E+11,80685,1690371157,1583913,1664598
2.02305E+11,80516,1690371158,1582632,1663148
2.02305E+11,80760,1690371159,1581812,1662572
2.02305E+11,80712,1690371160,1582629,1663341
2.02305E+11,80837,1690371161,1580768,1661605
2.02305E+11,80494,1690371162,1580999,1661493
2.02305E+11,80611,1690371163,1579669,1660280
2.02305E+11,80963,1690371164,1580684,1661647
2.02305E+11,81135,1690371165,1582188,1663323
2.02305E+11,80613,1690371166,1580927,1661540
2.02305E+11,81083,1690371167,1580373,1661456
2.02305E+11,81258,1690371168,1580141,1661399
2.02305E+11,81284,1690371169,1580796,1662080
2.02305E+11,80814,1690371170,1579935,1660749
2.02305E+11,81072,1690371171,1580262,1661334
2.02305E+11,80993,1690371172,873848,954841
2.02305E+11,80612,1690371173,874684,955296
2.02305E+11,81087,1690371174,874592,955679
2.02305E+11,81083,1690371175,876171,957254
2.02305E+11,80485,1690371176,876554,957039
2.02305E+11,81098,1690371177,876602,957700
2.02305E+11,80833,1690371178,875972,956805
2.02305E+11,81158,1690371179,875976,957134
2.02305E+11,80869,1690371180,875242,956111
2.02305E+11,81163,1690371181,875847,957010
2.02305E+11,80387,1690371182,875325,955712
2.02305E+11,81096,1690371183,876233,957329
2.02305E+11,80684,1690371184,876208,956892
2.02305E+11,80813,1690371185,875687,956500
2.02305E+11,80859,1690371186,876624,957483
2.02305E+11,80742,1690371187,876224,956966
2.02305E+11,80815,1690371188,876911,957726
2.02305E+11,80720,1690371189,876760,957480
2.02305E+11,80728,1690371190,876336,957064
2.02305E+11,80816,1690371191,875680,956496
2.02305E+11,80975,1690371192,876287,957262
2.02305E+11,80795,1690371193,876713,957508
2.02305E+11,80861,1690371194,877816,958677
2.02305E+11,80640,1690371195,876417,957057
2.02305E+11,80908,1690371196,876317,957225
2.02305E+11,80797,1690371197,876757,957554
2.02305E+11,80646,1690371198,877067,957713
2.02305E+11,80722,1690371199,874567,955289
2.02305E+11,80968,1690371200,874864,955832
2.02305E+11,80892,1690371201,874061,954953
2.02305E+11,80371,1690371202,874745,955116
2.02305E+11,80919,1690371203,874976,955895
2.02305E+11,80870,1690371204,875620,956490
2.02305E+11,80917,1690371205,875400,956317
2.02305E+11,81030,1690371206,876344,957374
2.02305E+11,81115,1690371207,876756,957871
2.02305E+11,81136,1690371208,877575,958711
2.02305E+11,80666,1690371209,876700,957366
2.02305E+11,81018,1690371210,877263,958281
2.02305E+11,80714,1690371211,876226,956940
2.02305E+11,80633,1690371212,876189,956822
2.02305E+11,80940,1690371213,875434,956374
2.02305E+11,81301,1690371214,875079,956380
2.02305E+11,80649,1690371215,875437,956086
2.02305E+11,80622,1690371216,875271,955893
2.02305E+11,80902,1690371217,875270,956172
2.02305E+11,80865,1690371218,875054,955919
2.02305E+11,80691,1690371219,874584,955275
2.02305E+11,80927,1690371220,874659,955586
2.02305E+11,80354,1690371221,875564,955918
2.02305E+11,81038,1690371222,876051,957089
2.02305E+11,81011,1690371223,876355,957366
2.02305E+11,81062,1690371224,876322,957384
2.02305E+11,80846,1690371225,876150,956996
2.02305E+11,80969,1690371226,876698,957667
2.02305E+11,80583,1690371227,875687,956270
2.02305E+11,80670,1690371228,874958,955628
2.02305E+11,80627,1690371229,873901,954528
2.02305E+11,80770,1690371230,873320,954090
2.02305E+11,80907,1690371231,873843,954750
2.02305E+11,80605,1690371232,875113,955718
2.02305E+11,80980,1690371233,874358,955338
2.02305E+11,80622,1690371234,875019,955641
2.02305E+11,80630,1690371235,875566,956196
2.02305E+11,80607,1690371236,876547,957154
2.02305E+11,80759,1690371237,875369,956128
2.02305E+11,80881,1690371238,874863,955744
2.02305E+11,80918,1690371239,875906,956824
2.02305E+11,80400,1690371240,876230,956630
2.02305E+11,80713,1690371241,876622,957335
2.02305E+11,80456,1690371242,875728,956184
2.02305E+11,81074,1690371243,875194,956268
2.02305E+11,80775,1690371244,876046,956821
2.02305E+11,80389,1690371245,875643,956032
2.02305E+11,80877,1690371246,876639,957516
2.02305E+11,80206,1690371247,876428,956634
2.02305E+11,80620,1690371248,877076,957696
2.02305E+11,80942,1690371249,875692,956634
2.02305E+11,80724,1690371250,875407,956131
2.02305E+11,80543,1690371251,874724,955267
2.02305E+11,80548,1690371252,875814,956362
2.02305E+11,80780,1690371253,875854,956634
2.02305E+11,80711,1690371255,877242,957953
2.02305E+11,80912,1690371256,877109,958021
2.02305E+11,80724,1690371257,876851,957575
2.02305E+11,80720,1690371258,872276,952996
2.02305E+11,80759,1690371259,875572,956331
2.02305E+11,80595,1690371260,875032,955627
2.02305E+11,80979,1690371261,874079,955058
2.02305E+11,80747,1690371262,874005,954752
2.02305E+11,80563,1690371263,872752,953315
2.02305E+11,80474,1690371264,873434,953908
2.02305E+11,80995,1690371265,873472,954467
2.02305E+11,80399,1690371266,874744,955143
2.02305E+11,80692,1690371267,875070,955762
2.02305E+11,80797,1690371268,876228,957025
2.02305E+11,81141,1690371269,876295,957436
2.02305E+11,80994,1690371270,876593,957587
2.02305E+11,80788,1690371271,875480,956268
2.02305E+11,80776,1690371272,875985,956761
2.02305E+11,81303,1690371273,876223,957526
2.02305E+11,80595,1690371274,875667,956262
2.02305E+11,81614,1690371275,876188,957802
2.02305E+11,81442,1690371276,875741,957183
2.02305E+11,80704,1690371277,876174,956878
2.02305E+11,81392,1690371278,876009,957401
2.02305E+11,81318,1690371279,876143,957461
2.02305E+11,80857,1690371280,876029,956886
2.02305E+11,80952,1690371281,876264,957216
2.02305E+11,81068,1690371282,876251,957319
2.02305E+11,81078,1690371283,876336,957414
2.02305E+11,81284,1690371284,876720,958004
2.02305E+11,81029,1690371285,878093,959122
2.02305E+11,81051,1690371286,878578,959629
2.02305E+11,81099,1690371287,877873,958972
2.02305E+11,80878,1690371288,877641,958519
2.02305E+11,80829,1690371289,876538,957367
2.02305E+11,80747,1690371290,876918,957665
2.02305E+11,80700,1690371291,875306,956006
2.02305E+11,80954,1690371292,875573,956527
2.02305E+11,81058,1690371293,876605,957663
2.02305E+11,80651,1690371294,876577,957228
2.02305E+11,80458,1690371295,877710,958168
2.02305E+11,81112,1690371296,877026,958138
2.02305E+11,80682,1690371297,878645,959327
2.02305E+11,80716,1690371298,878884,959600
2.02305E+11,80744,1690371299,878954,959698
2.02305E+11,80601,1690371300,879160,959761
2.02305E+11,80512,1690371301,877909,958421
2.02305E+11,80411,1690371302,878819,959230
2.02305E+11,80629,1690371303,878776,959405
2.02305E+11,79864,1690371304,877856,957720
2.02305E+11,80875,1690371305,876254,957129
2.02305E+11,80732,1690371306,877363,958095
2.02305E+11,81096,1690371307,877925,959021
2.02305E+11,80806,1690371308,877743,958549
2.02305E+11,80742,1690371309,877792,958534
2.02305E+11,80794,1690371310,878422,959216
2.02305E+11,80914,1690371311,877956,958870
2.02305E+11,80944,1690371312,878079,959023
2.02305E+11,81087,1690371313,877624,958711
2.02305E+11,81145,1690371314,878110,959255
2.02305E+11,80844,1690371315,879140,959984
2.02305E+11,80988,1690371316,879193,960181
2.02305E+11,80601,1690371317,879157,959758
2.02305E+11,80847,1690371318,877652,958499
2.02305E+11,81069,1690371319,878009,959078
2.02305E+11,80612,1690371320,877805,958417
2.02305E+11,80614,1690371321,877813,958427
2.02305E+11,81021,1690371322,875625,956646
2.02305E+11,80910,1690371323,877270,958180
2.02305E+11,81098,1690371324,877701,958799
2.02305E+11,80999,1690371325,876746,957745
2.02305E+11,81007,1690371326,877484,958491
2.02305E+11,80725,1690371327,878281,959006
2.02305E+11,80524,1690371328,879395,959919
2.02305E+11,80941,1690371329,878876,959817
2.02305E+11,80401,1690371330,877660,958061
2.02305E+11,80955,1690371331,879176,960131
2.02305E+11,80695,1690371332,878445,959140
2.02305E+11,80718,1690371333,878041,958759
2.02305E+11,80676,1690371334,877838,958514
2.02305E+11,80681,1690371335,877624,958305
2.02305E+11,80633,1690371336,878242,958875
2.02305E+11,80545,1690371337,877524,958069
2.02305E+11,80254,1690371338,878205,958459
2.02305E+11,80624,1690371339,878858,959482
2.02305E+11,80617,1690371340,878373,958990
2.02305E+11,80402,1690371341,878580,958982
2.02305E+11,80407,1690371342,877096,957503
2.02305E+11,80949,1690371343,878961,959910
2.02305E+11,80696,1690371344,879673,960369
2.02305E+11,80915,1690371345,879728,960643
2.02305E+11,80872,1690371346,880248,961120
2.02305E+11,81080,1690371347,878457,959537
2.02305E+11,81090,1690371348,878514,959604
2.02305E+11,81157,1690371349,878298,959455
2.02305E+11,80645,1690371350,877824,958469
2.02305E+11,80822,1690371351,875986,956808
2.02305E+11,80906,1690371352,878293,959199
2.02305E+11,80923,1690371353,877349,958272
2.02305E+11,80770,1690371354,879523,960293
2.02305E+11,81042,1690371355,879266,960308
2.02305E+11,80875,1690371356,879509,960384
2.02305E+11,80765,1690371357,879892,960657
2.02305E+11,80810,1690371358,880219,961029
2.02305E+11,80732,1690371359,880261,960993
2.02305E+11,81088,1690371360,878913,960001
2.02305E+11,81066,1690371361,879523,960589
2.02305E+11,80645,1690371362,880274,960919
2.02305E+11,80989,1690371363,878810,959799
2.02305E+11,80459,1690371364,878613,959072
2.02305E+11,80719,1690371365,878428,959147
2.02305E+11,80519,1690371366,877773,958292
2.02305E+11,80711,1690371367,878613,959324
2.02305E+11,80893,1690371368,878325,959218
2.02305E+11,80662,1690371369,878532,959194
2.02305E+11,80796,1690371370,878394,959190
2.02305E+11,80924,1690371371,878780,959704
2.02305E+11,80703,1690371372,878897,959600
2.02305E+11,81039,1690371373,878792,959831
2.02305E+11,80649,1690371374,878916,959565
2.02305E+11,80954,1690371375,878879,959833
2.02305E+11,80406,1690371376,878569,958975
2.02305E+11,80229,1690371377,879576,959805
2.02305E+11,80798,1690371378,878911,959709
2.02305E+11,80851,1690371379,878906,959757
2.02305E+11,80049,1690371380,879141,959190
2.02305E+11,80461,1690371381,878155,958616
2.02305E+11,80766,1690371382,877932,958698
2.02305E+11,80674,1690371383,879014,959688
2.02305E+11,80837,1690371384,879274,960111
2.02305E+11,80555,1690371385,878996,959551
2.02305E+11,80967,1690371386,879303,960270
2.02305E+11,81031,1690371387,877417,958448
2.02305E+11,80946,1690371388,878172,959118
2.02305E+11,80897,1690371389,878892,959789
2.02305E+11,80686,1690371390,879709,960395
2.02305E+11,81285,1690371391,879773,961058
2.02305E+11,81143,1690371392,879255,960398
2.02305E+11,81153,1690371393,878438,959591
2.02305E+11,80927,1690371394,878151,959078
2.02305E+11,80858,1690371395,878203,959061
2.02305E+11,81199,1690371396,879358,960557
2.02305E+11,80770,1690371397,879521,960291
2.02305E+11,80947,1690371398,878417,959364
2.02305E+11,80811,1690371399,878897,959708
2.02305E+11,81013,1690371400,878410,959423
2.02305E+11,80849,1690371401,878214,959063
2.02305E+11,81188,1690371402,878853,960041
2.02305E+11,80891,1690371403,878474,959365
2.02305E+11,80701,1690371404,878249,958950
2.02305E+11,80751,1690371405,878716,959467
2.02305E+11,81290,1690371406,880046,961336
2.02305E+11,81076,1690371407,879869,960945
2.02305E+11,80897,1690371408,878978,959875
2.02305E+11,80928,1690371409,880012,960940
2.02305E+11,80903,1690371410,879595,960498
2.02305E+11,80909,1690371411,879698,960607
2.02305E+11,80885,1690371412,879523,960408
2.02305E+11,80895,1690371412,880351,961246
2.02305E+11,80432,1690371414,880074,960506
2.02305E+11,80514,1690371415,880274,960788
2.02305E+11,80652,1690371416,879735,960387
2.02305E+11,80632,1690371417,880421,961053
2.02305E+11,80427,1690371418,878521,958948
2.02305E+11,80798,1690371419,876246,957044
2.02305E+11,80747,1690371420,876559,957306
2.02305E+11,80697,1690371421,876643,957340
2.02305E+11,81000,1690371422,877711,958711
2.02305E+11,80775,1690371423,877981,958756
2.02305E+11,80780,1690371424,877681,958461
2.02305E+11,80647,1690371425,878098,958745
2.02305E+11,81067,1690371426,878750,959817
2.02305E+11,81042,1690371427,879375,960417
2.02305E+11,80921,1690371428,879084,960005
2.02305E+11,80707,1690371429,878239,958946
2.02305E+11,80714,1690371430,877215,957929
2.02305E+11,80645,1690371431,876520,957165
2.02305E+11,80741,1690371432,879057,959798
2.02305E+11,80986,1690371433,879940,960926
2.02305E+11,81046,1690371434,879100,960146
2.02305E+11,80928,1690371435,880472,961400
2.02305E+11,80609,1690371436,880826,961435
2.02305E+11,80508,1690371437,879911,960419
2.02305E+11,81052,1690371438,880052,961104
2.02305E+11,80582,1690371439,880129,960711
2.02305E+11,80815,1690371440,880480,961295
2.02305E+11,80691,1690371441,881143,961834
2.02305E+11,80783,1690371442,880955,961738
2.02305E+11,80624,1690371443,880599,961223
2.02305E+11,80671,1690371444,879899,960570
2.02305E+11,80762,1690371445,880564,961326
2.02305E+11,80696,1690371446,879634,960330
2.02305E+11,80536,1690371447,879287,959823
2.02305E+11,80325,1690371448,877918,958243
2.02305E+11,80815,1690371449,878363,959178
2.02305E+11,80856,1690371450,879257,960113
2.02305E+11,80743,1690371451,879448,960191
2.02305E+11,81194,1690371452,879672,960866
2.02305E+11,80753,1690371453,879606,960359
2.02305E+11,80913,1690371454,879968,960881
2.02305E+11,80792,1690371455,880249,961041
2.02305E+11,80813,1690371456,881016,961829
2.02305E+11,80657,1690371457,881678,962335
2.02305E+11,80486,1690371458,880874,961360
2.02305E+11,80958,1690371459,880461,961419
2.02305E+11,80798,1690371460,880430,961228
2.02305E+11,80585,1690371461,879839,960424
2.02305E+11,80996,1690371462,880008,961004
2.02305E+11,81080,1690371463,880222,961302
2.02305E+11,81525,1690371464,880121,961646
2.02305E+11,80782,1690371465,879054,959836
2.02305E+11,80912,1690371466,879252,960164
2.02305E+11,80852,1690371467,878930,959782
2.02305E+11,80849,1690371468,879157,960006
2.02305E+11,80903,1690371469,879315,960218
2.02305E+11,80769,1690371470,879938,960707
2.02305E+11,80780,1690371471,879599,960379
2.02305E+11,80749,1690371472,880002,960751
2.02305E+11,80855,1690371473,879999,960854
2.02305E+11,80251,1690371474,879837,960088
2.02305E+11,80451,1690371475,880133,960584
2.02305E+11,80506,1690371476,880880,961386
2.02305E+11,80724,1690371477,880677,961401
2.02305E+11,80542,1690371478,879710,960252
2.02305E+11,80566,1690371479,880860,961426
2.02305E+11,80680,1690371480,880421,961101
2.02305E+11,79984,1690371481,881037,961021
2.02305E+11,80996,1690371482,880329,961325
2.02305E+11,80686,1690371483,881106,961792
2.02305E+11,80501,1690371485,880419,960920
2.02305E+11,80602,1690371486,880257,960859
2.02305E+11,80282,1690371487,880119,960401
2.02305E+11,80909,1690371488,879676,960585
2.02305E+11,80349,1690371489,879447,959796
2.02305E+11,80470,1690371490,879903,960373
2.02305E+11,80123,1690371491,880630,960753
2.02305E+11,80265,1690371492,879520,959785
2.02305E+11,80673,1690371493,880430,961103
2.02305E+11,80284,1690371494,880621,960905
2.02305E+11,80572,1690371495,879902,960474
2.02305E+11,80529,1690371496,879949,960478
2.02305E+11,80675,1690371497,879343,960018
2.02305E+11,80903,1690371498,880325,961228
2.02305E+11,80799,1690371499,879622,960421
2.02305E+11,80499,1690371500,880865,961364
2.02305E+11,80740,1690371501,881039,961779
2.02305E+11,80764,1690371502,880773,961537
2.02305E+11,80801,1690371503,880011,960812
2.02305E+11,80551,1690371504,879434,959985
2.02305E+11,80677,1690371505,880269,960946
2.02305E+11,80804,1690371506,879961,960765
2.02305E+11,80832,1690371507,879589,960421
2.02305E+11,80813,1690371508,879479,960292
2.02305E+11,80703,1690371509,879868,960571
2.02305E+11,80951,1690371510,878843,959794
2.02305E+11,80694,1690371511,879595,960289
2.02305E+11,80691,1690371512,880446,961137
2.02305E+11,80713,1690371513,879431,960144
2.02305E+11,80843,1690371514,878148,958991
2.02305E+11,80589,1690371515,878865,959454
2.02305E+11,80492,1690371516,879086,959578
2.02305E+11,80525,1690371517,879368,959893
2.02305E+11,80897,1690371518,880229,961126
2.02305E+11,80928,1690371519,880615,961543
2.02305E+11,80383,1690371520,879114,959497
2.02305E+11,80296,1690371521,879784,960080
2.02305E+11,79906,1690371522,879638,959544
2.02305E+11,80243,1690371523,879974,960217
2.02305E+11,80550,1690371524,880348,960898
2.02305E+11,80091,1690371525,878545,958636
2.02305E+11,80395,1690371526,877914,958309
2.02305E+11,80298,1690371527,879123,959421
2.02305E+11,80461,1690371528,879784,960245
2.02305E+11,80605,1690371529,879743,960348
2.02305E+11,80700,1690371530,880190,960890
2.02305E+11,80415,1690371531,880457,960872
2.02305E+11,80532,1690371532,879982,960514
2.02305E+11,80396,1690371533,880867,961263
2.02305E+11,80599,1690371534,881299,961898
2.02305E+11,80467,1690371535,879691,960158
2.02305E+11,80278,1690371536,879958,960236
2.02305E+11,80437,1690371537,880459,960896
2.02305E+11,80759,1690371538,880307,961066
2.02305E+11,80995,1690371539,879335,960330
2.02305E+11,80695,1690371540,879756,960451
2.02305E+11,80578,1690371541,880009,960587
2.02305E+11,80176,1690371542,879130,959306
2.02305E+11,80920,1690371543,880175,961095
2.02305E+11,80776,1690371544,879788,960564
2.02305E+11,80635,1690371545,878398,959033
2.02305E+11,80424,1690371546,880085,960509
2.02305E+11,80695,1690371547,880019,960714
2.02305E+11,80587,1690371548,880147,960734
2.02305E+11,80893,1690371549,880556,961449
2.02305E+11,80767,1690371550,879891,960658
2.02305E+11,80369,1690371551,879640,960009
2.02305E+11,80710,1690371552,882183,962893
2.02305E+11,80589,1690371553,880934,961523
2.02305E+11,80532,1690371554,881139,961671
2.02305E+11,80721,1690371555,880539,961260
2.02305E+11,80486,1690371556,878389,958875
2.02305E+11,80677,1690371557,879566,960243
2.02305E+11,80743,1690371558,879741,960484
2.02305E+11,80520,1690371559,880919,961439
2.02305E+11,80776,1690371560,880271,961047
2.02305E+11,80884,1690371561,881534,962418
2.02305E+11,80917,1690371562,881376,962293
2.02305E+11,80546,1690371563,541073,621619
2.02305E+11,80621,1690371564,541173,621794
2.02305E+11,80403,1690371565,540839,621242
2.02305E+11,80062,1690371566,541163,621225
2.02305E+11,80378,1690371567,540586,620964
2.02305E+11,80717,1690371568,540262,620979
2.02305E+11,80172,1690371569,539365,619537
2.02305E+11,80631,1690371570,540075,620706
2.02305E+11,80141,1690371571,540110,620251
2.02305E+11,80448,1690371572,539924,620372
2.02305E+11,80816,1690371573,539562,620378
2.02305E+11,80705,1690371574,541050,621755
2.02305E+11,80622,1690371575,540754,621376
2.02305E+11,80306,1690371576,540967,621273
2.02305E+11,80505,1690371577,540859,621364
2.02305E+11,80655,1690371578,541049,621704
2.02305E+11,80446,1690371579,541591,622037
2.02305E+11,80761,1690371580,540873,621634
2.02305E+11,80843,1690371581,540951,621794
2.02305E+11,80647,1690371582,540914,621561
2.02305E+11,80773,1690371583,541184,621957
2.02305E+11,80618,1690371584,540902,621520
2.02305E+11,80911,1690371585,540937,621848
2.02305E+11,80620,1690371586,541180,621800
2.02305E+11,80567,1690371587,541045,621612
2.02305E+11,80876,1690371588,540942,621818
2.02305E+11,80288,1690371589,540516,620804
2.02305E+11,80378,1690371590,540986,621364
2.02305E+11,81010,1690371591,540588,621598
2.02305E+11,80493,1690371592,540531,621024
2.02305E+11,80636,1690371593,540128,620764
2.02305E+11,80674,1690371594,540067,620741
2.02305E+11,80986,1690371595,540245,621231
2.02305E+11,80677,1690371596,540303,620980
2.02305E+11,80947,1690371597,539733,620680
2.02305E+11,80982,1690371598,540728,621710
2.02305E+11,80970,1690371599,540587,621557
2.02305E+11,81141,1690371600,541185,622326
2.02305E+11,80865,1690371601,540885,621750
2.02305E+11,81175,1690371602,540212,621387
2.02305E+11,80963,1690371603,539936,620899
2.02305E+11,81046,1690371604,540214,621260
2.02305E+11,80739,1690371605,539445,620184
2.02305E+11,80850,1690371606,540673,621523
2.02305E+11,80868,1690371607,540667,621535
2.02305E+11,80497,1690371608,540645,621142
2.02305E+11,80482,1690371609,540091,620573
2.02305E+11,80795,1690371610,540362,621157
2.02305E+11,80306,1690371611,540704,621010
2.02305E+11,80428,1690371612,540034,620462
2.02305E+11,80820,1690371613,541230,622050
2.02305E+11,80961,1690371614,540480,621441
2.02305E+11,80894,1690371615,540650,621544
2.02305E+11,80931,1690371616,540825,621756
2.02305E+11,80996,1690371617,540892,621888
2.02305E+11,80849,1690371618,539552,620401
2.02305E+11,80425,1690371619,540455,620880
2.02305E+11,80885,1690371620,538725,619610
2.02305E+11,80633,1690371621,540108,620741
2.02305E+11,81042,1690371622,539734,620776
2.02305E+11,80639,1690371623,539768,620407
2.02305E+11,81052,1690371624,540022,621074
2.02305E+11,80987,1690371625,539954,620941
2.02305E+11,80909,1690371626,540563,621472
2.02305E+11,80578,1690371627,540414,620992
2.02305E+11,81297,1690371628,540033,621330
2.02305E+11,80996,1690371629,540235,621231
2.02305E+11,81148,1690371630,540292,621440
2.02305E+11,81077,1690371631,539744,620821
2.02305E+11,80995,1690371632,539499,620494
2.02305E+11,80635,1690371633,538184,618819
2.02305E+11,80908,1690371634,538154,619062
2.02305E+11,81087,1690371635,539806,620893
2.02305E+11,80873,1690371636,539101,619974
2.02305E+11,80287,1690371637,539787,620074
2.02305E+11,80705,1690371638,540304,621009
2.02305E+11,80850,1690371639,539662,620512
2.02305E+11,80684,1690371640,539733,620417
2.02305E+11,80819,1690371641,540454,621273
2.02305E+11,80614,1690371642,540070,620684
2.02305E+11,80888,1690371643,540652,621540
2.02305E+11,80919,1690371644,540245,621164
2.02305E+11,80440,1690371645,539986,620426
2.02305E+11,80465,1690371646,539813,620278
2.02305E+11,80946,1690371647,539327,620273
2.02305E+11,80951,1690371648,539713,620664
2.02305E+11,80844,1690371649,539621,620465
2.02305E+11,80751,1690371650,539285,620036
2.02305E+11,80719,1690371651,539640,620359
2.02305E+11,80654,1690371652,539370,620024
2.02305E+11,80865,1690371653,540337,621202
2.02305E+11,81278,1690371654,539813,621091
2.02305E+11,81080,1690371655,540205,621285
2.02305E+11,80822,1690371656,539957,620779
2.02305E+11,81021,1690371657,539849,620870
2.02305E+11,80785,1690371658,539516,620301
2.02305E+11,80662,1690371659,539340,620002
2.02305E+11,80665,1690371660,538915,619580
2.02305E+11,81183,1690371661,539114,620297
2.02305E+11,80859,1690371662,538095,618954
2.02305E+11,80976,1690371663,538583,619559
2.02305E+11,80893,1690371664,539754,620647
2.02305E+11,80700,1690371665,539038,619738
2.02305E+11,81207,1690371666,539635,620842
2.02305E+11,81012,1690371667,540149,621161
2.02305E+11,81029,1690371668,540796,621825
2.02305E+11,80948,1690371669,539925,620873
2.02305E+11,80921,1690371670,539967,620888
2.02305E+11,80640,1690371671,540080,620720
2.02305E+11,80859,1690371672,539839,620698
2.02305E+11,81102,1690371673,540121,621223
2.02305E+11,80748,1690371674,539230,619978
2.02305E+11,80686,1690371675,539275,619961
2.02305E+11,80642,1690371676,539606,620248
2.02305E+11,80873,1690371677,538975,619848
2.02305E+11,80715,1690371678,538590,619305
2.02305E+11,80728,1690371679,538852,619580
2.02305E+11,80513,1690371680,539487,620000
2.02305E+11,80831,1690371681,538670,619501
2.02305E+11,80481,1690371682,540144,620625
2.02305E+11,80545,1690371683,539683,620228
2.02305E+11,80722,1690371684,539537,620259
2.02305E+11,80994,1690371685,539699,620693
2.02305E+11,80770,1690371686,540812,621582
2.02305E+11,80672,1690371687,539785,620457
2.02305E+11,80601,1690371688,539286,619887
2.02305E+11,80810,1690371689,539401,620211
2.02305E+11,80588,1690371690,538943,619531
2.02305E+11,80663,1690371691,539648,620311
2.02305E+11,80565,1690371692,539413,619978
2.02305E+11,81400,1690371693,539893,621293
2.02305E+11,80693,1690371694,538750,619443
2.02305E+11,80991,1690371695,539174,620165
2.02305E+11,80918,1690371696,539267,620185
2.02305E+11,80951,1690371697,539830,620781
2.02305E+11,81133,1690371698,540758,621891
2.02305E+11,80818,1690371699,540383,621201
2.02305E+11,81094,1690371700,540238,621332
2.02305E+11,80927,1690371701,540371,621298
2.02305E+11,80969,1690371702,540114,621083
2.02305E+11,80854,1690371703,539639,620493
2.02305E+11,80847,1690371704,539693,620540
2.02305E+11,80364,1690371705,538987,619351
2.02305E+11,80706,1690371706,538512,619218
2.02305E+11,80716,1690371707,538132,618848
2.02305E+11,80888,1690371708,538184,619072
2.02305E+11,80403,1690371709,539106,619509
2.02305E+11,80451,1690371710,539789,620240
2.02305E+11,80555,1690371711,539264,619819
2.02305E+11,80109,1690371712,539216,619325
2.02305E+11,80630,1690371712,539345,619975
2.02305E+11,80885,1690371713,540373,621258
2.02305E+11,80728,1690371715,540039,620767
2.02305E+11,80650,1690371716,540175,620825
2.02305E+11,80593,1690371717,540062,620655
2.02305E+11,80369,1690371718,539037,619406
2.02305E+11,80158,1690371719,539034,619192
2.02305E+11,80785,1690371720,538938,619723
2.02305E+11,80258,1690371721,538772,619030
2.02305E+11,80512,1690371722,538627,619139
2.02305E+11,80912,1690371723,538269,619181
2.02305E+11,80730,1690371724,538516,619246
2.02305E+11,80306,1690371725,539262,619568
2.02305E+11,81047,1690371726,538909,619956
2.02305E+11,80830,1690371727,539600,620430
2.02305E+11,80975,1690371728,539895,620870
2.02305E+11,80653,1690371729,540000,620653
2.02305E+11,80923,1690371730,539642,620565
2.02305E+11,81079,1690371731,540498,621577
2.02305E+11,80778,1690371732,540099,620877
2.02305E+11,80285,1690371733,539367,619652
2.02305E+11,80969,1690371734,539350,620319
2.02305E+11,80679,1690371735,539404,620083
2.02305E+11,80762,1690371736,539062,619824
2.02305E+11,80414,1690371737,538759,619173
2.02305E+11,80784,1690371738,539956,620740
2.02305E+11,80529,1690371739,539612,620141
2.02305E+11,80557,1690371740,540063,620620
2.02305E+11,80904,1690371741,539351,620255
2.02305E+11,80426,1690371742,539354,619780
2.02305E+11,80505,1690371743,540153,620658
2.02305E+11,80796,1690371744,539943,620739
2.02305E+11,80684,1690371745,540947,621631
2.02305E+11,80625,1690371746,539162,619787
2.02305E+11,80723,1690371747,539279,620002
2.02305E+11,80587,1690371748,539540,620127
2.02305E+11,80710,1690371749,538872,619582
2.02305E+11,80686,1690371750,539215,619901
2.02305E+11,80809,1690371751,538761,619570
2.02305E+11,80635,1690371752,538533,619168
2.02305E+11,80878,1690371753,539376,620254
2.02305E+11,81115,1690371754,539332,620447
2.02305E+11,81118,1690371755,540111,621229
2.02305E+11,80917,1690371756,539722,620639
2.02305E+11,80866,1690371757,540332,621198
2.02305E+11,81377,1690371758,538908,620285
2.02305E+11,81160,1690371759,539901,621061
2.02305E+11,80896,1690371760,540550,621446
2.02305E+11,81184,1690371761,540680,621864
2.02305E+11,80973,1690371762,540613,621586
2.02305E+11,81088,1690371763,539629,620717
2.02305E+11,80976,1690371764,540390,621366
2.02305E+11,80635,1690371765,539674,620309
2.02305E+11,80684,1690371766,539742,620426
2.02305E+11,80831,1690371767,539603,620434
2.02305E+11,80674,1690371768,539377,620051
2.02305E+11,80634,1690371769,539422,620056
2.02305E+11,80896,1690371770,538788,619684
2.02305E+11,80454,1690371771,538792,619246
2.02305E+11,80674,1690371772,539310,619984
2.02305E+11,80702,1690371773,539170,619872
2.02305E+11,80492,1690371774,539179,619671
2.02305E+11,80676,1690371775,539752,620428
2.02305E+11,80428,1690371776,538795,619223
2.02305E+11,80352,1690371777,538595,618947
2.02305E+11,80333,1690371778,539444,619777
2.02305E+11,80551,1690371779,539261,619812
2.02305E+11,80902,1690371780,539634,620536
2.02305E+11,80216,1690371781,539002,619218
2.02305E+11,80505,1690371782,539541,620046
2.02305E+11,80853,1690371783,538983,619836
2.02305E+11,81326,1690371784,538459,619785
2.02305E+11,81007,1690371786,539144,620151
2.02305E+11,80813,1690371787,539191,620004
2.02305E+11,81125,1690371788,538322,619447
2.02305E+11,80846,1690371789,538664,619510
2.02305E+11,81134,1690371790,538496,619630
2.02305E+11,81006,1690371791,538466,619472
2.02305E+11,81344,1690371792,538843,620187
2.02305E+11,81033,1690371793,539357,620390
2.02305E+11,80862,1690371794,539867,620729
2.02305E+11,80349,1690371795,539793,620142
2.02305E+11,80587,1690371796,539905,620492
2.02305E+11,80978,1690371797,539168,620146
2.02305E+11,81138,1690371798,539581,620719
2.02305E+11,80484,1690371799,539757,620241
2.02305E+11,80691,1690371800,539281,619972
2.02305E+11,80926,1690371801,539081,620007
2.02305E+11,80715,1690371802,539177,619892
2.02305E+11,80676,1690371803,539355,620031
2.02305E+11,81177,1690371804,539453,620630
2.02305E+11,80739,1690371806,539146,619885
2.02305E+11,81025,1690371807,538510,619535
2.02305E+11,80457,1690371808,539095,619552
2.02305E+11,81138,1690371809,538429,619567
2.02305E+11,80523,1690371810,539926,620449
2.02305E+11,80695,1690371811,539391,620086
2.02305E+11,80150,1690371812,538947,619097
2.02305E+11,80585,1690371813,538597,619182
2.02305E+11,80245,1690371814,538729,618974
2.02305E+11,80849,1690371816,539364,620213
2.02305E+11,80933,1690371817,539475,620408
2.02305E+11,80518,1690371818,540047,620565
2.02305E+11,80962,1690371819,539109,620071
2.02305E+11,81087,1690371820,539408,620495
2.02305E+11,80755,1690371821,539558,620313
2.02305E+11,80404,1690371822,539495,619899
2.02305E+11,81143,1690371823,540144,621287
2.02305E+11,80540,1690371824,538893,619433
2.02305E+11,81093,1690371825,539069,620162
2.02305E+11,81577,1690371826,539340,620917
2.02305E+11,80974,1690371827,538664,619638
2.02305E+11,81124,1690371828,538429,619553
2.02305E+11,81063,1690371829,539066,620129
2.02305E+11,81069,1690371830,539773,620842
2.02305E+11,80905,1690371831,540161,621066
2.02305E+11,80608,1690371832,539292,619900
2.02305E+11,81170,1690371833,540095,621265
2.02305E+11,81117,1690371834,539151,620268
2.02305E+11,80826,1690371835,539368,620194
2.02305E+11,81180,1690371836,539549,620729
2.02305E+11,80910,1690371837,539779,620689
2.02305E+11,80739,1690371838,0,80739
2.02305E+11,81023,1690371839,0,81023
2.02305E+11,80807,1690371840,0,80807
2.02305E+11,80738,1690371841,0,80738
2.02305E+11,80490,1690371842,0,80490
2.02305E+11,80923,1690371843,0,80923
2.02305E+11,80504,1690371844,0,80504
2.02305E+11,80568,1690371845,542094,622662
2.02305E+11,81281,1690371846,538211,619492
2.02305E+11,81181,1690371847,538596,619777
2.02305E+11,80860,1690371848,538409,619269
2.02305E+11,80774,1690371849,537895,618669
2.02305E+11,81106,1690371850,537586,618692
2.02305E+11,80981,1690371851,537894,618875
2.02305E+11,80860,1690371852,537961,618821
2.02305E+11,80986,1690371853,537527,618513
2.02305E+11,80697,1690371854,537263,617960
2.02305E+11,80998,1690371855,537408,618406
2.02305E+11,80894,1690371856,538320,619214
2.02305E+11,80990,1690371857,537050,618040
2.02305E+11,80932,1690371858,536210,617142
2.02305E+11,81008,1690371859,536640,617648
2.02305E+11,81051,1690371860,537368,618419
2.02305E+11,80862,1690371861,537965,618827
2.02305E+11,80969,1690371862,537037,618006
2.02305E+11,80853,1690371863,536828,617681
2.02305E+11,81275,1690371864,537829,619104
2.02305E+11,81158,1690371865,537965,619123
2.02305E+11,80708,1690371866,538403,619111
2.02305E+11,81168,1690371867,538574,619742
2.02305E+11,80808,1690371868,538310,619118
2.02305E+11,81032,1690371869,538034,619066
2.02305E+11,80755,1690371870,539176,619931
2.02305E+11,81049,1690371871,537664,618713
2.02305E+11,80572,1690371872,538338,618910
2.02305E+11,80828,1690371873,537001,617829
2.02305E+11,80880,1690371874,537485,618365
2.02305E+11,80681,1690371875,537503,618184
2.02305E+11,80881,1690371876,536731,617612
2.02305E+11,80934,1690371877,536865,617799
2.02305E+11,80978,1690371878,536785,617763
2.02305E+11,80436,1690371879,537274,617710
2.02305E+11,80505,1690371880,536416,616921
2.02305E+11,80851,1690371881,535883,616734
2.02305E+11,80659,1690371882,536030,616689
2.02305E+11,80841,1690371883,536490,617331
2.02305E+11,80356,1690371884,536883,617239
2.02305E+11,80388,1690371885,536891,617279
2.02305E+11,80839,1690371886,536340,617179
2.02305E+11,80998,1690371887,536200,617198
2.02305E+11,80601,1690371888,536259,616860
2.02305E+11,80859,1690371889,536591,617450
2.02305E+11,81086,1690371890,536705,617791
2.02305E+11,80735,1690371891,537295,618030
2.02305E+11,80932,1690371892,536997,617929
2.02305E+11,81058,1690371893,537194,618252
2.02305E+11,81261,1690371894,537029,618290
2.02305E+11,80946,1690371895,536948,617894
2.02305E+11,80968,1690371896,536114,617082
2.02305E+11,81219,1690371897,537021,618240
2.02305E+11,81126,1690371898,536106,617232
2.02305E+11,81126,1690371899,535766,616892
2.02305E+11,80618,1690371900,535696,616314
2.02305E+11,81227,1690371901,535450,616677
2.02305E+11,80939,1690371902,536110,617049
2.02305E+11,81161,1690371903,536403,617564
2.02305E+11,81084,1690371904,536287,617371
2.02305E+11,80952,1690371905,536907,617859
2.02305E+11,81031,1690371906,536801,617832
2.02305E+11,81037,1690371907,537507,618544
2.02305E+11,80445,1690371908,537210,617655
2.02305E+11,80683,1690371909,536427,617110
2.02305E+11,80679,1690371910,536674,617353
2.02305E+11,80669,1690371911,536516,617185
2.02305E+11,80519,1690371912,536316,616835
2.02305E+11,80422,1690371913,535953,616375
2.02305E+11,80526,1690371914,536462,616988
2.02305E+11,80447,1690371915,535936,616383
2.02305E+11,80825,1690371916,535714,616539
2.02305E+11,80763,1690371917,536005,616768
2.02305E+11,80593,1690371918,535807,616400
2.02305E+11,80919,1690371919,536331,617250
2.02305E+11,81080,1690371920,535842,616922
2.02305E+11,80854,1690371921,536527,617381
2.02305E+11,80950,1690371922,537395,618345
2.02305E+11,80950,1690371923,536813,617763
2.02305E+11,80858,1690371924,536638,617496
2.02305E+11,80815,1690371925,536293,617108
2.02305E+11,80779,1690371926,535399,616178
2.02305E+11,80930,1690371927,536434,617364
2.02305E+11,80722,1690371928,536432,617154
2.02305E+11,80861,1690371929,535673,616534
2.02305E+11,81226,1690371930,536158,617384
2.02305E+11,80555,1690371931,535051,615606
2.02305E+11,81147,1690371932,535938,617085
2.02305E+11,80769,1690371933,536040,616809
2.02305E+11,81006,1690371934,536011,617017
2.02305E+11,81322,1690371935,535561,616883
2.02305E+11,81281,1690371936,537081,618362
2.02305E+11,81132,1690371937,536782,617914
2.02305E+11,80756,1690371938,536207,616963
2.02305E+11,80868,1690371939,536558,617426
2.02305E+11,80559,1690371940,535306,615865
2.02305E+11,80684,1690371941,536020,616704
2.02305E+11,80774,1690371942,535672,616446
2.02305E+11,80564,1690371943,536707,617271
2.02305E+11,80268,1690371944,536867,617135
2.02305E+11,80523,1690371945,536350,616873
2.02305E+11,80048,1690371946,536645,616693
2.02305E+11,80411,1690371947,535664,616075
2.02305E+11,80333,1690371948,535818,616151
2.02305E+11,80617,1690371949,535086,615703
2.02305E+11,80567,1690371950,535009,615576
2.02305E+11,80733,1690371951,535728,616461
2.02305E+11,80694,1690371952,535243,615937
2.02305E+11,80406,1690371953,534585,614991
2.02305E+11,80685,1690371954,534258,614943
2.02305E+11,81186,1690371955,534888,616074
2.02305E+11,80813,1690371956,534881,615694
2.02305E+11,80474,1690371957,534939,615413
2.02305E+11,80727,1690371958,534498,615225
2.02305E+11,81001,1690371959,536590,617591
2.02305E+11,80857,1690371960,536329,617186
2.02305E+11,80796,1690371961,536785,617581
2.02305E+11,80970,1690371962,536967,617937
2.02305E+11,80632,1690371963,536418,617050
2.02305E+11,80173,1690371964,536472,616645
2.02305E+11,80865,1690371965,536258,617123
2.02305E+11,81127,1690371966,535827,616954
2.02305E+11,80875,1690371967,535941,616816
2.02305E+11,80466,1690371968,534659,615125
2.02305E+11,80965,1690371969,534935,615900
2.02305E+11,81130,1690371970,535841,616971
2.02305E+11,80914,1690371971,535307,616221
2.02305E+11,81028,1690371972,535906,616934
2.02305E+11,80736,1690371973,535709,616445
2.02305E+11,80740,1690371974,535720,616460
2.02305E+11,80865,1690371975,535853,616718
2.02305E+11,81104,1690371976,536363,617467
2.02305E+11,81024,1690371977,536222,617246
2.02305E+11,80979,1690371978,536961,617940
2.02305E+11,80824,1690371979,536935,617759
2.02305E+11,81063,1690371980,536674,617737
2.02305E+11,81108,1690371981,536313,617421
2.02305E+11,80760,1690371982,537069,617829
2.02305E+11,81076,1690371983,536295,617371
2.02305E+11,80651,1690371984,537590,618241
2.02305E+11,81227,1690371985,536974,618201
2.02305E+11,81092,1690371986,536576,617668
2.02305E+11,80738,1690371987,537149,617887
2.02305E+11,81040,1690371988,537609,618649
2.02305E+11,80980,1690371989,537696,618676
2.02305E+11,80539,1690371990,536658,617197
2.02305E+11,80924,1690371991,536796,617720
2.02305E+11,81388,1690371992,535139,616527
2.02305E+11,80957,1690371993,535242,616199
2.02305E+11,81142,1690371994,534069,615211
2.02305E+11,81219,1690371995,533779,614998
2.02305E+11,80908,1690371996,533748,614656
2.02305E+11,80935,1690371997,534396,615331
2.02305E+11,80656,1690371998,534387,615043
2.02305E+11,80701,1690371999,535144,615845
2.02305E+11,80987,1690372000,534758,615745
2.02305E+11,80790,1690372001,534529,615319
2.02305E+11,80981,1690372002,534584,615565
2.02305E+11,80837,1690372003,535061,615898
2.02305E+11,80891,1690372004,536133,617024
2.02305E+11,80854,1690372005,535885,616739
2.02305E+11,80504,1690372006,536166,616670
2.02305E+11,80789,1690372007,536182,616971
2.02305E+11,80677,1690372008,535818,616495
2.02305E+11,80656,1690372009,534762,615418
2.02305E+11,80444,1690372010,535143,615587
2.02305E+11,80596,1690372011,535819,616415
2.02305E+11,80410,1690372012,535947,616357
2.02305E+11,80566,1690372013,534962,615528
2.02305E+11,80788,1690372013,535286,616074
2.02305E+11,80651,1690372015,535684,616335
2.02305E+11,81151,1690372016,536029,617180
2.02305E+11,80663,1690372017,536188,616851
2.02305E+11,80535,1690372018,535398,615933
2.02305E+11,80718,1690372019,536172,616890
2.02305E+11,80519,1690372020,535297,615816
2.02305E+11,80505,1690372021,535946,616451
2.02305E+11,80408,1690372022,535953,616361
2.02305E+11,80817,1690372023,535778,616595
2.02305E+11,80959,1690372024,535944,616903
2.02305E+11,80873,1690372025,535849,616722
2.02305E+11,80839,1690372026,535502,616341
2.02305E+11,80779,1690372027,536015,616794
2.02305E+11,80805,1690372028,536506,617311
2.02305E+11,80886,1690372029,536175,617061
2.02305E+11,80773,1690372030,534928,615701
2.02305E+11,80601,1690372031,535912,616513
2.02305E+11,80882,1690372032,535709,616591
2.02305E+11,80635,1690372033,535194,615829
2.02305E+11,80720,1690372034,535631,616351
2.02305E+11,80672,1690372035,535127,615799
2.02305E+11,80950,1690372036,535486,616436
2.02305E+11,81168,1690372037,535261,616429
2.02305E+11,81005,1690372038,535235,616240
2.02305E+11,81009,1690372039,534866,615875
2.02305E+11,81002,1690372040,533895,614897
2.02305E+11,81136,1690372041,534632,615768
2.02305E+11,80803,1690372042,535027,615830
2.02305E+11,81169,1690372043,534649,615818
2.02305E+11,81102,1690372044,534605,615707
2.02305E+11,81197,1690372045,534753,615950
2.02305E+11,81244,1690372046,534862,616106
2.02305E+11,81254,1690372047,533993,615247
2.02305E+11,81135,1690372048,1577086,1658221
2.02305E+11,81128,1690372049,1579843,1660971
2.02305E+11,81312,1690372050,1578686,1659998
2.02305E+11,81188,1690372051,534163,615351
2.02305E+11,80670,1690372053,872492,953162
2.02305E+11,81081,1690372052,873156,954237
2.02305E+11,80816,1690372054,872631,953447
2.02305E+11,81256,1690372056,872453,953709
2.02305E+11,80921,1690372055,873218,954139
2.02305E+11,80815,1690372057,873560,954375
2.02305E+11,81239,1690372058,872931,954170
2.02305E+11,80756,1690372059,872926,953682
2.02305E+11,81046,1690372061,873185,954231
2.02305E+11,80995,1690372062,873744,954739
2.02305E+11,80921,1690372063,873661,954582
2.02305E+11,81240,1690372064,873463,954703
2.02305E+11,81033,1690372065,873289,954322
2.02305E+11,80778,1690372066,872996,953774
2.02305E+11,80752,1690372067,872813,953565
2.02305E+11,81114,1690372068,873277,954391
2.02305E+11,81088,1690372069,873700,954788
2.02305E+11,81615,1690372070,873656,955271
2.02305E+11,81002,1690372071,873806,954808
2.02305E+11,80819,1690372072,873573,954392
2.02305E+11,81143,1690372073,872645,953788
2.02305E+11,81105,1690372074,872429,953534
2.02305E+11,81075,1690372075,873224,954299
2.02305E+11,80964,1690372076,873010,953974
2.02305E+11,81254,1690372077,872209,953463
2.02305E+11,80598,1690372078,873041,953639
2.02305E+11,80636,1690372079,873321,953957
2.02305E+11,80668,1690372080,872802,953470
2.02305E+11,80473,1690372081,873413,953886
2.02305E+11,80440,1690372082,874054,954494
2.02305E+11,80917,1690372083,873234,954151
2.02305E+11,80704,1690372084,872927,953631
2.02305E+11,80833,1690372085,871955,952788
2.02305E+11,81022,1690372086,871483,952505
2.02305E+11,80900,1690372087,870337,951237
2.02305E+11,80546,1690372088,870439,950985
2.02305E+11,81487,1690372089,872129,953616
2.02305E+11,80695,1690372090,872339,953034
2.02305E+11,80990,1690372091,872958,953948
2.02305E+11,81208,1690372092,873480,954688
2.02305E+11,80940,1690372093,874090,955030
2.02305E+11,81125,1690372094,876431,957556
2.02305E+11,80820,1690372095,876504,957324
2.02305E+11,80843,1690372096,875560,956403
2.02305E+11,80731,1690372097,874791,955522
2.02305E+11,81113,1690372098,874872,955985
2.02305E+11,81036,1690372099,875717,956753
2.02305E+11,81027,1690372100,874556,955583
2.02305E+11,80864,1690372101,874694,955558
2.02305E+11,80739,1690372102,875062,955801
2.02305E+11,81236,1690372103,875050,956286
2.02305E+11,81003,1690372104,875240,956243
2.02305E+11,80650,1690372105,874903,955553
2.02305E+11,80881,1690372106,875946,956827
2.02305E+11,80852,1690372107,875447,956299
2.02305E+11,81045,1690372108,875533,956578
2.02305E+11,81100,1690372109,874991,956091
2.02305E+11,80872,1690372110,876099,956971
2.02305E+11,80943,1690372111,876203,957146
2.02305E+11,80997,1690372112,876790,957787
2.02305E+11,80519,1690372113,876611,957130
2.02305E+11,80452,1690372114,876804,957256
2.02305E+11,80849,1690372115,876785,957634
2.02305E+11,80580,1690372116,875613,956193
2.02305E+11,80928,1690372117,872768,953696
2.02305E+11,80685,1690372118,874289,954974
2.02305E+11,81043,1690372119,875534,956577
2.02305E+11,80253,1690372120,874782,955035
2.02305E+11,80329,1690372121,875049,955378
2.02305E+11,80903,1690372122,874862,955765
2.02305E+11,80740,1690372123,873571,954311
2.02305E+11,80398,1690372124,873786,954184
2.02305E+11,80667,1690372125,873542,954209
2.02305E+11,80974,1690372126,874318,955292
2.02305E+11,80906,1690372127,875027,955933
2.02305E+11,80822,1690372128,874413,955235
2.02305E+11,80839,1690372129,874289,955128
2.02305E+11,80724,1690372130,875023,955747
2.02305E+11,80662,1690372131,876253,956915
2.02305E+11,80710,1690372132,876642,957352
2.02305E+11,80904,1690372133,875938,956842
2.02305E+11,80849,1690372134,875790,956639
2.02305E+11,80646,1690372135,876742,957388
2.02305E+11,80473,1690372136,876160,956633
2.02305E+11,80897,1690372137,876715,957612
2.02305E+11,80585,1690372138,875915,956500
2.02305E+11,81046,1690372139,876623,957669
2.02305E+11,81016,1690372140,876473,957489
2.02305E+11,81028,1690372141,876172,957200
2.02305E+11,81038,1690372142,875458,956496
2.02305E+11,80999,1690372143,875907,956906
2.02305E+11,81005,1690372144,876305,957310
2.02305E+11,81016,1690372145,875534,956550
2.02305E+11,80925,1690372146,876221,957146
2.02305E+11,80794,1690372147,876435,957229
2.02305E+11,81215,1690372148,874548,955763
2.02305E+11,81210,1690372149,875119,956329
2.02305E+11,81024,1690372150,874791,955815
2.02305E+11,81315,1690372151,875343,956658
2.02305E+11,81254,1690372152,875560,956814
2.02305E+11,81043,1690372153,875504,956547
2.02305E+11,80990,1690372154,876634,957624
2.02305E+11,80856,1690372155,875182,956038
2.02305E+11,81059,1690372156,875048,956107
2.02305E+11,81283,1690372157,875853,957136
2.02305E+11,81085,1690372158,874740,955825
2.02305E+11,80888,1690372159,875169,956057
2.02305E+11,80449,1690372160,875162,955611
2.02305E+11,80885,1690372161,874769,955654
2.02305E+11,80821,1690372162,875546,956367
2.02305E+11,80523,1690372163,875720,956243
2.02305E+11,80911,1690372164,873943,954854
2.02305E+11,80521,1690372165,873943,954464
2.02305E+11,80571,1690372166,874115,954686
2.02305E+11,81164,1690372167,873638,954802
2.02305E+11,80926,1690372168,873309,954235
2.02305E+11,80492,1690372169,873727,954219
2.02305E+11,80655,1690372170,873870,954525
2.02305E+11,81068,1690372171,873726,954794
2.02305E+11,80930,1690372172,873713,954643
2.02305E+11,80603,1690372173,874340,954943
2.02305E+11,81125,1690372174,873953,955078
2.02305E+11,80853,1690372175,873781,954634
2.02305E+11,80657,1690372176,872638,953295
2.02305E+11,80985,1690372177,873956,954941
2.02305E+11,81108,1690372178,872824,953932
2.02305E+11,80929,1690372179,873590,954519
2.02305E+11,80662,1690372180,873437,954099
2.02305E+11,81010,1690372181,874292,955302
2.02305E+11,80896,1690372182,874269,955165
2.02305E+11,80825,1690372183,874959,955784
2.02305E+11,80704,1690372184,874339,955043
2.02305E+11,80522,1690372185,874355,954877
2.02305E+11,80558,1690372186,875446,956004
2.02305E+11,80684,1690372187,876152,956836
2.02305E+11,80963,1690372188,875970,956933
2.02305E+11,80919,1690372189,875990,956909
2.02305E+11,81198,1690372190,875875,957073
2.02305E+11,80844,1690372191,875586,956430
2.02305E+11,80657,1690372192,874298,954955
2.02305E+11,80769,1690372193,874012,954781
2.02305E+11,80343,1690372194,874100,954443
2.02305E+11,80905,1690372195,875327,956232
2.02305E+11,80297,1690372196,875434,955731
2.02305E+11,80477,1690372197,875186,955663
2.02305E+11,80713,1690372198,874453,955166
2.02305E+11,80423,1690372199,875186,955609
2.02305E+11,80561,1690372200,874605,955166
2.02305E+11,80690,1690372201,874123,954813
2.02305E+11,80807,1690372202,874713,955520
2.02305E+11,80967,1690372203,874734,955701
2.02305E+11,81048,1690372204,876237,957285
2.02305E+11,81238,1690372205,876502,957740
2.02305E+11,80352,1690372206,875205,955557
2.02305E+11,80750,1690372207,872036,952786
2.02305E+11,81074,1690372208,873792,954866
2.02305E+11,80640,1690372209,873627,954267
2.02305E+11,80835,1690372210,874123,954958
2.02305E+11,80772,1690372211,873794,954566
2.02305E+11,80617,1690372212,871345,951962
2.02305E+11,81115,1690372213,872374,953489
2.02305E+11,80887,1690372214,874017,954904
2.02305E+11,80527,1690372215,874586,955113
2.02305E+11,80777,1690372216,875268,956045
2.02305E+11,81361,1690372217,875120,956481
2.02305E+11,80644,1690372218,875301,955945
2.02305E+11,81033,1690372219,874298,955331
2.02305E+11,80793,1690372220,873884,954677
2.02305E+11,80490,1690372221,875412,955902
2.02305E+11,81011,1690372222,874821,955832
2.02305E+11,81232,1690372223,874714,955946
2.02305E+11,81139,1690372224,874632,955771
2.02305E+11,80747,1690372225,874452,955199
2.02305E+11,80795,1690372226,875268,956063
2.02305E+11,80640,1690372227,873887,954527
2.02305E+11,81383,1690372228,874753,956136
2.02305E+11,80798,1690372229,875222,956020
2.02305E+11,80847,1690372230,875598,956445
2.02305E+11,81000,1690372231,874042,955042
2.02305E+11,80559,1690372232,874517,955076
2.02305E+11,80550,1690372233,874723,955273
2.02305E+11,80942,1690372234,874407,955349
2.02305E+11,81003,1690372235,875161,956164
2.02305E+11,80619,1690372236,874641,955260
2.02305E+11,80724,1690372237,874346,955070
2.02305E+11,80569,1690372238,870757,951326
2.02305E+11,80407,1690372239,875400,955807
2.02305E+11,80897,1690372240,875376,956273
2.02305E+11,80797,1690372241,874980,955777
2.02305E+11,80607,1690372242,874505,955112
2.02305E+11,80908,1690372243,872978,953886
2.02305E+11,81151,1690372244,874639,955790
2.02305E+11,80776,1690372245,874454,955230
2.02305E+11,80847,1690372246,875508,956355
2.02305E+11,80986,1690372247,874915,955901
2.02305E+11,81053,1690372248,874218,955271
2.02305E+11,80868,1690372249,875313,956181
2.02305E+11,80013,1690372250,874544,954557
2.02305E+11,80926,1690372251,874382,955308
2.02305E+11,81071,1690372252,875959,957030
2.02305E+11,81153,1690372253,874133,955286
2.02305E+11,80853,1690372254,874872,955725
2.02305E+11,81061,1690372255,874247,955308
2.02305E+11,80965,1690372256,874218,955183
2.02305E+11,81097,1690372257,874467,955564
2.02305E+11,81141,1690372258,874077,955218
2.02305E+11,81087,1690372259,873815,954902
2.02305E+11,81033,1690372260,874518,955551
2.02305E+11,80858,1690372261,873420,954278
2.02305E+11,80741,1690372262,873926,954667
2.02305E+11,81018,1690372263,874890,955908
2.02305E+11,80611,1690372264,873835,954446
2.02305E+11,80842,1690372265,875363,956205
2.02305E+11,80901,1690372266,873967,954868
2.02305E+11,80764,1690372267,874630,955394
2.02305E+11,80718,1690372268,874796,955514
2.02305E+11,81068,1690372269,874380,955448
2.02305E+11,80737,1690372270,874745,955482
2.02305E+11,80611,1690372271,875419,956030
2.02305E+11,80641,1690372272,874109,954750
2.02305E+11,80761,1690372273,875402,956163
2.02305E+11,80573,1690372274,872305,952878
2.02305E+11,80461,1690372275,875086,955547
2.02305E+11,80059,1690372276,875382,955441
2.02305E+11,80612,1690372277,874864,955476
2.02305E+11,80627,1690372278,875017,955644
2.02305E+11,80475,1690372279,874576,955051
2.02305E+11,81006,1690372280,875139,956145
2.02305E+11,80968,1690372281,874188,955156
2.02305E+11,81046,1690372282,875173,956219
2.02305E+11,80943,1690372283,874964,955907
2.02305E+11,81169,1690372284,876395,957564
2.02305E+11,81331,1690372285,875853,957184
2.02305E+11,81065,1690372286,874583,955648
2.02305E+11,80956,1690372287,876797,957753
2.02305E+11,81230,1690372288,875405,956635
2.02305E+11,81029,1690372289,875723,956752
2.02305E+11,80966,1690372290,875793,956759
2.02305E+11,81066,1690372291,876675,957741
2.02305E+11,80905,1690372292,877121,958026
2.02305E+11,80824,1690372293,876779,957603
2.02305E+11,80713,1690372294,875618,956331
2.02305E+11,80796,1690372295,875931,956727
2.02305E+11,80375,1690372296,876157,956532
2.02305E+11,80607,1690372297,874944,955551
2.02305E+11,80985,1690372298,874484,955469
2.02305E+11,81362,1690372299,875464,956826
2.02305E+11,80989,1690372300,874707,955696
2.02305E+11,80900,1690372301,874911,955811
2.02305E+11,80599,1690372302,874081,954680
2.02305E+11,80484,1690372303,874020,954504
2.02305E+11,80794,1690372304,874502,955296
2.02305E+11,80480,1690372305,875063,955543
2.02305E+11,80866,1690372306,875905,956771
2.02305E+11,80691,1690372307,876019,956710
2.02305E+11,80629,1690372308,875072,955701
2.02305E+11,80836,1690372309,875305,956141
2.02305E+11,80742,1690372310,875192,955934
2.02305E+11,80432,1690372311,876262,956694
2.02305E+11,80753,1690372312,875234,955987
2.02305E+11,80765,1690372313,875992,956757
2.02305E+11,80566,1690372313,875654,956220
2.02305E+11,81043,1690372314,875388,956431
2.02305E+11,80802,1690372316,875625,956427
2.02305E+11,81184,1690372317,875247,956431
2.02305E+11,81081,1690372318,874866,955947
2.02305E+11,81055,1690372319,874877,955932
2.02305E+11,80869,1690372320,874929,955798
2.02305E+11,80527,1690372321,874556,955083
2.02305E+11,80996,1690372322,874788,955784
2.02305E+11,80823,1690372323,875109,955932
2.02305E+11,80826,1690372324,874685,955511
2.02305E+11,80840,1690372325,874027,954867
2.02305E+11,80726,1690372326,875288,956014
2.02305E+11,80728,1690372327,875592,956320
2.02305E+11,80425,1690372328,875349,955774
2.02305E+11,80846,1690372329,876112,956958
2.02305E+11,80828,1690372330,875750,956578
2.02305E+11,80971,1690372331,874701,955672
2.02305E+11,80813,1690372332,875602,956415
2.02305E+11,80385,1690372333,875021,955406
2.02305E+11,80912,1690372334,875713,956625
2.02305E+11,80967,1690372335,875926,956893
2.02305E+11,80523,1690372336,875527,956050
2.02305E+11,80812,1690372337,875435,956247
2.02305E+11,80781,1690372338,875568,956349
2.02305E+11,80991,1690372339,875282,956273
2.02305E+11,80568,1690372340,874149,954717
2.02305E+11,80628,1690372341,874809,955437
2.02305E+11,80410,1690372342,874810,955220
2.02305E+11,80481,1690372343,875489,955970
2.02305E+11,80743,1690372344,875774,956517
2.02305E+11,80848,1690372345,875709,956557
2.02305E+11,80819,1690372346,874641,955460
2.02305E+11,80081,1690372347,875132,955213
2.02305E+11,80884,1690372348,874709,955593
2.02305E+11,80624,1690372349,874760,955384
2.02305E+11,80899,1690372350,875019,955918
2.02305E+11,81154,1690372351,875416,956570
2.02305E+11,81191,1690372352,874252,955443
2.02305E+11,81271,1690372353,874211,955482
2.02305E+11,81147,1690372354,874835,955982
2.02305E+11,81293,1690372355,875296,956589
2.02305E+11,81045,1690372356,875102,956147
2.02305E+11,80389,1690372357,875340,955729
2.02305E+11,81001,1690372358,874419,955420
2.02305E+11,80994,1690372359,875242,956236
2.02305E+11,80857,1690372360,874935,955792
2.02305E+11,80523,1690372361,875154,955677
2.02305E+11,81261,1690372362,875395,956656
2.02305E+11,80931,1690372363,874873,955804
2.02305E+11,80782,1690372364,876013,956795
2.02305E+11,80844,1690372365,875757,956601
2.02305E+11,80877,1690372366,875002,955879
2.02305E+11,81188,1690372367,875950,957138
2.02305E+11,80517,1690372368,874459,954976
2.02305E+11,80612,1690372369,874779,955391
2.02305E+11,80785,1690372370,874865,955650
2.02305E+11,80528,1690372371,875755,956283
2.02305E+11,80579,1690372372,875117,955696
2.02305E+11,80696,1690372373,874826,955522
2.02305E+11,80626,1690372374,874770,955396
2.02305E+11,80774,1690372375,874285,955059
2.02305E+11,80148,1690372376,874865,955013
2.02305E+11,80898,1690372377,875259,956157
2.02305E+11,80799,1690372378,875094,955893
2.02305E+11,80536,1690372379,876406,956942
2.02305E+11,80584,1690372380,874792,955376
2.02305E+11,80590,1690372381,875165,955755
2.02305E+11,80670,1690372382,874147,954817
2.02305E+11,80527,1690372383,874619,955146
2.02305E+11,80915,1690372384,874104,955019
2.02305E+11,80919,1690372385,874616,955535
2.02305E+11,80606,1690372386,874746,955352
2.02305E+11,81012,1690372387,874190,955202
2.02305E+11,80536,1690372388,874202,954738
2.02305E+11,80856,1690372389,873280,954136
2.02305E+11,80725,1690372390,873627,954352
2.02305E+11,80485,1690372391,873683,954168
2.02305E+11,80543,1690372392,874072,954615
2.02305E+11,80736,1690372393,873986,954722
2.02305E+11,80273,1690372394,873755,954028
2.02305E+11,80453,1690372395,874248,954701
2.02305E+11,80664,1690372396,875042,955706
2.02305E+11,80623,1690372397,875235,955858
2.02305E+11,80639,1690372398,873978,954617
2.02305E+11,80877,1690372399,874890,955767
2.02305E+11,80462,1690372400,874396,954858
2.02305E+11,80499,1690372401,874516,955015
2.02305E+11,80732,1690372402,875213,955945
2.02305E+11,80491,1690372403,874392,954883
2.02305E+11,80628,1690372404,874161,954789
2.02305E+11,80774,1690372405,874106,954880
2.02305E+11,80763,1690372406,874141,954904
2.02305E+11,80835,1690372407,873960,954795
2.02305E+11,80710,1690372408,874185,954895
2.02305E+11,80862,1690372409,872420,953282
2.02305E+11,80982,1690372410,874037,955019
2.02305E+11,80698,1690372411,874215,954913
2.02305E+11,80780,1690372412,874567,955347
2.02305E+11,81004,1690372413,874477,955481
2.02305E+11,80710,1690372414,875148,955858
2.02305E+11,81046,1690372415,875529,956575
2.02305E+11,81009,1690372417,876431,957440
2.02305E+11,80909,1690372418,876143,957052
2.02305E+11,81063,1690372419,874575,955638
2.02305E+11,81185,1690372420,874886,956071
2.02305E+11,80989,1690372421,875159,956148
2.02305E+11,80714,1690372422,875102,955816
2.02305E+11,80687,1690372423,875428,956115
2.02305E+11,80986,1690372424,874196,955182
2.02305E+11,80829,1690372425,874349,955178
2.02305E+11,80672,1690372427,874955,955627
2.02305E+11,80301,1690372428,874299,954600
2.02305E+11,80372,1690372429,874685,955057
2.02305E+11,80142,1690372430,875231,955373
2.02305E+11,80895,1690372431,874846,955741
2.02305E+11,80678,1690372432,875633,956311
2.02305E+11,80043,1690372433,874580,954623
2.02305E+11,80757,1690372434,874796,955553
2.02305E+11,80833,1690372435,874652,955485
2.02305E+11,81337,1690372437,874999,956336
2.02305E+11,80390,1690372438,874580,954970
2.02305E+11,80969,1690372439,874788,955757
2.02305E+11,81040,1690372440,875019,956059
2.02305E+11,80747,1690372441,874555,955302
2.02305E+11,80782,1690372442,875395,956177
2.02305E+11,81014,1690372443,874222,955236
2.02305E+11,80827,1690372444,873301,954128
2.02305E+11,80925,1690372445,873182,954107
2.02305E+11,80960,1690372446,871361,952321
2.02305E+11,81442,1690372447,873009,954451
2.02305E+11,81318,1690372448,872384,953702
2.02305E+11,80932,1690372449,873052,953984
2.02305E+11,81158,1690372450,873996,955154
2.02305E+11,81123,1690372451,875397,956520
2.02305E+11,81164,1690372452,875607,956771
2.02305E+11,80884,1690372453,876101,956985
2.02305E+11,80838,1690372454,875232,956070
2.02305E+11,80707,1690372455,874309,955016
2.02305E+11,81004,1690372456,875433,956437
2.02305E+11,81180,1690372457,875789,956969
2.02305E+11,81134,1690372458,875947,957081
2.02305E+11,80674,1690372459,874797,955471
2.02305E+11,80784,1690372460,874950,955734
2.02305E+11,80454,1690372461,875109,955563
2.02305E+11,80694,1690372462,875136,955830
2.02305E+11,80447,1690372463,875662,956109
2.02305E+11,80880,1690372464,875920,956800
2.02305E+11,81124,1690372465,875913,957037
2.02305E+11,80725,1690372466,876316,957041
2.02305E+11,80855,1690372467,876884,957739
2.02305E+11,80862,1690372468,875396,956258
2.02305E+11,80929,1690372469,875668,956597
2.02305E+11,80746,1690372470,876542,957288
2.02305E+11,81094,1690372471,876046,957140
2.02305E+11,80776,1690372472,877149,957925
2.02305E+11,80444,1690372473,876556,957000
2.02305E+11,80544,1690372474,876360,956904
2.02305E+11,80726,1690372475,876257,956983
2.02305E+11,80464,1690372476,877207,957671
2.02305E+11,80794,1690372477,876835,957629
2.02305E+11,80364,1690372478,873928,954292
2.02305E+11,80647,1690372479,876683,957330
2.02305E+11,80711,1690372480,876491,957202
2.02305E+11,80832,1690372481,876946,957778
2.02305E+11,80721,1690372482,877206,957927
2.02305E+11,80617,1690372483,876525,957142
2.02305E+11,79789,1690372484,877745,957534
2.02305E+11,80857,1690372485,876405,957262
2.02305E+11,80531,1690372486,876481,957012
2.02305E+11,80596,1690372487,876107,956703
2.02305E+11,80681,1690372488,876189,956870
2.02305E+11,80835,1690372489,876360,957195
2.02305E+11,80807,1690372490,875940,956747
2.02305E+11,80624,1690372491,876198,956822
2.02305E+11,80950,1690372492,875768,956718
2.02305E+11,80879,1690372493,876183,957062
2.02305E+11,80914,1690372494,876242,957156
2.02305E+11,80826,1690372495,875383,956209
2.02305E+11,80727,1690372496,875909,956636
2.02305E+11,80993,1690372497,875720,956713
2.02305E+11,80926,1690372498,874722,955648
2.02305E+11,80821,1690372499,875243,956064
2.02305E+11,80863,1690372500,876416,957279
2.02305E+11,81199,1690372501,875365,956564
2.02305E+11,81081,1690372502,875995,957076
2.02305E+11,81149,1690372503,875191,956340
2.02305E+11,80834,1690372504,875465,956299
2.02305E+11,80433,1690372505,875430,955863
2.02305E+11,80365,1690372506,875548,955913
2.02305E+11,80685,1690372507,876126,956811
2.02305E+11,80841,1690372508,875969,956810
2.02305E+11,81035,1690372509,875327,956362
2.02305E+11,80667,1690372510,876339,957006
2.02305E+11,80040,1690372511,875060,955100
2.02305E+11,80514,1690372512,874682,955196
2.02305E+11,79955,1690372513,875097,955052
2.02305E+11,80793,1690372514,875095,955888
2.02305E+11,80581,1690372515,875694,956275
2.02305E+11,80611,1690372516,876210,956821
2.02305E+11,80643,1690372517,876912,957555
2.02305E+11,80836,1690372518,877244,958080
2.02305E+11,80760,1690372519,876007,956767
2.02305E+11,80792,1690372520,875841,956633
2.02305E+11,81034,1690372521,876039,957073
2.02305E+11,80735,1690372522,872596,953331
2.02305E+11,80819,1690372523,875473,956292
2.02305E+11,80907,1690372524,874549,955456
2.02305E+11,81066,1690372525,875260,956326
2.02305E+11,80311,1690372526,873669,953980
2.02305E+11,80469,1690372527,875925,956394
2.02305E+11,80998,1690372528,874449,955447
2.02305E+11,81256,1690372529,875776,957032
2.02305E+11,81061,1690372530,876658,957719
2.02305E+11,80575,1690372531,875874,956449
2.02305E+11,81206,1690372532,876225,957431
2.02305E+11,81067,1690372533,876817,957884
2.02305E+11,81320,1690372534,877079,958399
2.02305E+11,80871,1690372535,875455,956326
2.02305E+11,81094,1690372536,876408,957502
2.02305E+11,80776,1690372537,876191,956967
2.02305E+11,80837,1690372538,875313,956150
2.02305E+11,81107,1690372539,874582,955689
2.02305E+11,80674,1690372540,875074,955748
2.02305E+11,80597,1690372541,875306,955903
2.02305E+11,80260,1690372542,875242,955502
2.02305E+11,80994,1690372543,874815,955809
2.02305E+11,80748,1690372544,874591,955339
2.02305E+11,80552,1690372545,874548,955100
2.02305E+11,80478,1690372546,875129,955607
2.02305E+11,80625,1690372547,876035,956660
2.02305E+11,80390,1690372548,875761,956151
2.02305E+11,80819,1690372549,875842,956661
2.02305E+11,80534,1690372550,875819,956353
2.02305E+11,80734,1690372551,875857,956591
2.02305E+11,80295,1690372552,875353,955648
2.02305E+11,80768,1690372553,875484,956252
2.02305E+11,80752,1690372554,875103,955855
2.02305E+11,80470,1690372555,874941,955411
2.02305E+11,80868,1690372556,874455,955323
2.02305E+11,81141,1690372557,873334,954475
2.02305E+11,81046,1690372558,874277,955323
2.02305E+11,80751,1690372559,874357,955108
2.02305E+11,80623,1690372560,875418,956041
2.02305E+11,80759,1690372561,876756,957515
2.02305E+11,80818,1690372562,874817,955635
2.02305E+11,81057,1690372563,876170,957227
2.02305E+11,80923,1690372564,874875,955798
2.02305E+11,80787,1690372565,876260,957047
2.02305E+11,80445,1690372566,876334,956779
2.02305E+11,81053,1690372567,875734,956787
2.02305E+11,80793,1690372568,875587,956380
2.02305E+11,80837,1690372569,874573,955410
2.02305E+11,80515,1690372570,875474,955989
2.02305E+11,80559,1690372571,875337,955896
2.02305E+11,80740,1690372572,876215,956955
2.02305E+11,80963,1690372573,875891,956854
2.02305E+11,80518,1690372574,875931,956449
2.02305E+11,80910,1690372575,875192,956102
2.02305E+11,80956,1690372576,874216,955172
2.02305E+11,80762,1690372577,874710,955472
2.02305E+11,81067,1690372578,873470,954537
2.02305E+11,80887,1690372579,873817,954704
2.02305E+11,80827,1690372580,873468,954295
2.02305E+11,80915,1690372581,874004,954919
2.02305E+11,80736,1690372582,874185,954921
2.02305E+11,80845,1690372583,874962,955807
2.02305E+11,80975,1690372584,875391,956366
2.02305E+11,81000,1690372585,875101,956101
2.02305E+11,80800,1690372586,875688,956488
2.02305E+11,80976,1690372587,875666,956642
2.02305E+11,80691,1690372588,876860,957551
2.02305E+11,81036,1690372589,1584363,1665399
2.02305E+11,80853,1690372590,1583012,1663865
2.02305E+11,81092,1690372591,1583713,1664805
2.02305E+11,80770,1690372592,1583406,1664176
2.02305E+11,80662,1690372593,1583177,1663839
2.02305E+11,80575,1690372594,1582262,1662837
2.02305E+11,80777,1690372595,1581867,1662644
2.02305E+11,80121,1690372596,1580231,1660352
2.02305E+11,80675,1690372597,1579783,1660458
2.02305E+11,80782,1690372598,1581880,1662662
2.02305E+11,80834,1690372599,1581330,1662164
2.02305E+11,80392,1690372600,1581880,1662272
2.02305E+11,80634,1690372601,1582443,1663077
2.02305E+11,80776,1690372602,1581656,1662432
2.02305E+11,80483,1690372603,1584098,1664581
2.02305E+11,79957,1690372604,1582575,1662532
2.02305E+11,80701,1690372605,1583580,1664281
2.02305E+11,80707,1690372606,1582645,1663352
2.02305E+11,81086,1690372607,1583561,1664647
2.02305E+11,81077,1690372608,1583559,1664636
2.02305E+11,81331,1690372609,1582363,1663694
2.02305E+11,81103,1690372610,1582383,1663486
2.02305E+11,80862,1690372611,1580680,1661542
2.02305E+11,81164,1690372612,1581935,1663099
2.02305E+11,81284,1690372613,1580977,1662261
2.02305E+11,81360,1690372614,1581404,1662764
2.02305E+11,81293,1690372614,1580607,1661900
2.02305E+11,81183,1690372616,1582934,1664117
2.02305E+11,81356,1690372617,1582397,1663753
2.02305E+11,80867,1690372618,1581123,1661990
2.02305E+11,81383,1690372619,1582772,1664155
2.02305E+11,81019,1690372620,1584042,1665061
2.02305E+11,81218,1690372621,1583915,1665133
2.02305E+11,81076,1690372622,1584641,1665717
2.02305E+11,81358,1690372623,1584544,1665902
2.02305E+11,81028,1690372624,1583928,1664956
2.02305E+11,81081,1690372625,1583679,1664760
2.02305E+11,81125,1690372626,1582873,1663998
2.02305E+11,80955,1690372627,1582086,1663041
2.02305E+11,81379,1690372628,1582109,1663488
2.02305E+11,81301,1690372629,1580344,1661645
2.02305E+11,81163,1690372630,1582302,1663465
2.02305E+11,81386,1690372631,1582315,1663701
2.02305E+11,80793,1690372632,1581355,1662148
2.02305E+11,81401,1690372633,1582690,1664091
2.02305E+11,81073,1690372634,1581958,1663031
2.02305E+11,80784,1690372635,1583409,1664193
2.02305E+11,80900,1690372636,1583459,1664359
2.02305E+11,80686,1690372637,1583500,1664186
2.02305E+11,80394,1690372638,1584332,1664726
2.02305E+11,80499,1690372639,1583253,1663752
2.02305E+11,80832,1690372640,1584508,1665340
2.02305E+11,80777,1690372641,1583108,1663885
2.02305E+11,80910,1690372642,1583238,1664148
2.02305E+11,80806,1690372643,1584148,1664954
2.02305E+11,80769,1690372644,1582328,1663097
2.02305E+11,80360,1690372645,1583913,1664273
2.02305E+11,80075,1690372647,1582632,1662707
2.02305E+11,80641,1690372646,1581812,1662453
2.02305E+11,80829,1690372648,1582629,1663458
2.02305E+11,80948,1690372649,1580768,1661716
2.02305E+11,80344,1690372650,1580999,1661343
2.02305E+11,80951,1690372652,1579669,1660620
2.02305E+11,80305,1690372651,1580684,1660989
2.02305E+11,80575,1690372653,1582188,1662763
2.02305E+11,81042,1690372654,1580927,1661969
2.02305E+11,80915,1690372655,1580373,1661288
2.02305E+11,81059,1690372656,1580141,1661200
2.02305E+11,81156,1690372657,1580796,1661952
2.02305E+11,80936,1690372658,1579935,1660871
2.02305E+11,80474,1690372659,1580262,1660736
2.02305E+11,81176,1690372660,873848,955024
2.02305E+11,81115,1690372661,874684,955799
2.02305E+11,80975,1690372662,874592,955567
2.02305E+11,81271,1690372663,876171,957442
2.02305E+11,80963,1690372664,876554,957517
2.02305E+11,80762,1690372665,876602,957364
2.02305E+11,80653,1690372666,875972,956625
2.02305E+11,80765,1690372667,875976,956741
2.02305E+11,81043,1690372668,875242,956285
2.02305E+11,80681,1690372669,875847,956528
2.02305E+11,80922,1690372670,875325,956247
2.02305E+11,80983,1690372671,876233,957216
2.02305E+11,80332,1690372672,876208,956540
2.02305E+11,80876,1690372673,875687,956563
2.02305E+11,80896,1690372674,876624,957520
2.02305E+11,80715,1690372675,876224,956939
2.02305E+11,80167,1690372676,876911,957078
2.02305E+11,80251,1690372677,876760,957011
2.02305E+11,80673,1690372678,876336,957009
2.02305E+11,80774,1690372679,875680,956454
2.02305E+11,80387,1690372680,876287,956674
2.02305E+11,80965,1690372681,876713,957678
2.02305E+11,80909,1690372682,877816,958725
2.02305E+11,80967,1690372683,876417,957384
2.02305E+11,80743,1690372684,876317,957060
2.02305E+11,80874,1690372685,876757,957631
2.02305E+11,81135,1690372686,877067,958202
2.02305E+11,81009,1690372687,874567,955576
2.02305E+11,81077,1690372688,874864,955941
2.02305E+11,80955,1690372689,874061,955016
2.02305E+11,80999,1690372690,874745,955744
2.02305E+11,81343,1690372691,874976,956319
2.02305E+11,81305,1690372692,875620,956925
2.02305E+11,80817,1690372693,875400,956217
2.02305E+11,81269,1690372694,876344,957613
2.02305E+11,81130,1690372695,876756,957886
2.02305E+11,80804,1690372696,877575,958379
2.02305E+11,80915,1690372697,876700,957615
2.02305E+11,80911,1690372698,877263,958174
2.02305E+11,80973,1690372699,876226,957199
2.02305E+11,80871,1690372700,876189,957060
2.02305E+11,80929,1690372701,875434,956363
2.02305E+11,80638,1690372702,875079,955717
2.02305E+11,80866,1690372703,875437,956303
2.02305E+11,80768,1690372704,875271,956039
2.02305E+11,80702,1690372705,875270,955972
2.02305E+11,80808,1690372707,875054,955862
2.02305E+11,80915,1690372706,874584,955499
2.02305E+11,80547,1690372708,874659,955206
2.02305E+11,80303,1690372710,875564,955867
2.02305E+11,80595,1690372709,876051,956646
2.02305E+11,80866,1690372711,876355,957221
2.02305E+11,81089,1690372712,876322,957411
2.02305E+11,80630,1690372713,876150,956780
2.02305E+11,80795,1690372716,876698,957493
2.02305E+11,80921,1690372717,875687,956608
2.02305E+11,81041,1690372718,874958,955999
2.02305E+11,81301,1690372719,873901,955202
2.02305E+11,81260,1690372720,873320,954580
2.02305E+11,80813,1690372721,873843,954656
2.02305E+11,81121,1690372722,875113,956234
2.02305E+11,80931,1690372723,874358,955289
2.02305E+11,80677,1690372724,875019,955696
2.02305E+11,81082,1690372725,875566,956648
2.02305E+11,81261,1690372726,876547,957808
2.02305E+11,81000,1690372727,875369,956369
2.02305E+11,81141,1690372728,874863,956004
2.02305E+11,81219,1690372729,875906,957125
2.02305E+11,81189,1690372730,876230,957419
2.02305E+11,80649,1690372731,876622,957271
2.02305E+11,80946,1690372732,875728,956674
2.02305E+11,80587,1690372733,875194,955781
2.02305E+11,80609,1690372734,876046,956655
2.02305E+11,80528,1690372735,875643,956171
2.02305E+11,80726,1690372736,876639,957365
2.02305E+11,80909,1690372737,876428,957337
2.02305E+11,81007,1690372738,877076,958083
2.02305E+11,80808,1690372739,875692,956500
2.02305E+11,80876,1690372740,875407,956283
2.02305E+11,80485,1690372741,874724,955209
2.02305E+11,80750,1690372742,875814,956564
2.02305E+11,80908,1690372743,875854,956762
2.02305E+11,81066,1690372744,877242,958308
2.02305E+11,80727,1690372745,877109,957836
2.02305E+11,80715,1690372746,876851,957566
2.02305E+11,80885,1690372747,872276,953161
2.02305E+11,80632,1690372748,875572,956204
2.02305E+11,81281,1690372749,875032,956313
2.02305E+11,81101,1690372750,874079,955180
2.02305E+11,81071,1690372751,874005,955076
2.02305E+11,80924,1690372752,872752,953676
2.02305E+11,80478,1690372753,873434,953912
2.02305E+11,80790,1690372754,873472,954262
2.02305E+11,81044,1690372755,874744,955788
2.02305E+11,81019,1690372756,875070,956089
2.02305E+11,80699,1690372757,876228,956927
2.02305E+11,81031,1690372758,876295,957326
2.02305E+11,80841,1690372759,876593,957434
2.02305E+11,81192,1690372760,875480,956672
2.02305E+11,80811,1690372761,875985,956796
2.02305E+11,80538,1690372762,876223,956761
2.02305E+11,79827,1690372763,875667,955494
2.02305E+11,80899,1690372764,876188,957087
2.02305E+11,80770,1690372765,875741,956511
2.02305E+11,80348,1690372766,876174,956522
2.02305E+11,80474,1690372767,876009,956483
2.02305E+11,80730,1690372768,876143,956873
2.02305E+11,80483,1690372769,876029,956512
2.02305E+11,80697,1690372770,876264,956961
2.02305E+11,80302,1690372771,876251,956553
2.02305E+11,80668,1690372772,876336,957004
2.02305E+11,81256,1690372773,876720,957976
2.02305E+11,81133,1690372774,878093,959226
2.02305E+11,81135,1690372775,878578,959713
2.02305E+11,80903,1690372776,877873,958776
2.02305E+11,80714,1690372777,877641,958355
2.02305E+11,81017,1690372778,876538,957555
2.02305E+11,80708,1690372779,876918,957626
2.02305E+11,81025,1690372780,875306,956331
2.02305E+11,81229,1690372781,875573,956802
2.02305E+11,81197,1690372782,876605,957802
2.02305E+11,80935,1690372783,876577,957512
2.02305E+11,80980,1690372784,877710,958690
2.02305E+11,80930,1690372785,877026,957956
2.02305E+11,81209,1690372786,878645,959854
2.02305E+11,81228,1690372787,878884,960112
2.02305E+11,81461,1690372788,878954,960415
2.02305E+11,81193,1690372789,879160,960353
2.02305E+11,80687,1690372790,877909,958596
2.02305E+11,80817,1690372791,878819,959636
2.02305E+11,80771,1690372792,878776,959547
2.02305E+11,80715,1690372793,877856,958571
2.02305E+11,80416,1690372794,876254,956670
2.02305E+11,80770,1690372795,877363,958133
2.02305E+11,80886,1690372796,877925,958811
2.02305E+11,80925,1690372797,877743,958668
2.02305E+11,80661,1690372798,877792,958453
2.02305E+11,80695,1690372799,878422,959117
2.02305E+11,80474,1690372800,877956,958430
2.02305E+11,81016,1690372801,878079,959095
2.02305E+11,80889,1690372802,877624,958513
2.02305E+11,80696,1690372803,878110,958806
2.02305E+11,80592,1690372804,879140,959732
2.02305E+11,80625,1690372805,879193,959818
2.02305E+11,80940,1690372806,879157,960097
2.02305E+11,80634,1690372807,877652,958286
2.02305E+11,80847,1690372808,878009,958856
2.02305E+11,81102,1690372809,877805,958907
2.02305E+11,80829,1690372810,877813,958642
2.02305E+11,80615,1690372811,875625,956240
2.02305E+11,80899,1690372812,877270,958169
2.02305E+11,81261,1690372813,877701,958962
2.02305E+11,81343,1690372814,876746,958089
2.02305E+11,80768,1690372815,877484,958252
2.02305E+11,80474,1690372816,878281,958755
2.02305E+11,80421,1690372817,879395,959816
2.02305E+11,81102,1690372818,878876,959978
2.02305E+11,81304,1690372819,877660,958964
2.02305E+11,80930,1690372820,879176,960106
2.02305E+11,80950,1690372821,878445,959395
2.02305E+11,81128,1690372822,878041,959169
2.02305E+11,81314,1690372823,877838,959152
2.02305E+11,81292,1690372824,877624,958916
2.02305E+11,80908,1690372825,878242,959150
2.02305E+11,81225,1690372826,877524,958749
2.02305E+11,81081,1690372827,878205,959286
2.02305E+11,80923,1690372828,878858,959781
2.02305E+11,80910,1690372829,878373,959283
2.02305E+11,81129,1690372830,878580,959709
2.02305E+11,80777,1690372831,877096,957873
2.02305E+11,80694,1690372832,878961,959655
2.02305E+11,80648,1690372833,879673,960321
2.02305E+11,80986,1690372834,879728,960714
2.02305E+11,81139,1690372835,880248,961387
2.02305E+11,80807,1690372836,878457,959264
2.02305E+11,81147,1690372837,878514,959661
2.02305E+11,81008,1690372838,878298,959306
2.02305E+11,80820,1690372839,877824,958644
2.02305E+11,80784,1690372840,875986,956770
2.02305E+11,80634,1690372841,878293,958927
2.02305E+11,80281,1690372842,877349,957630
2.02305E+11,80290,1690372843,879523,959813
2.02305E+11,80433,1690372844,879266,959699
2.02305E+11,80739,1690372845,879509,960248
2.02305E+11,80884,1690372846,879892,960776
2.02305E+11,80551,1690372847,880219,960770
2.02305E+11,80631,1690372848,880261,960892
2.02305E+11,80502,1690372849,878913,959415
2.02305E+11,80667,1690372850,879523,960190
2.02305E+11,80652,1690372851,880274,960926
2.02305E+11,80879,1690372852,878810,959689
2.02305E+11,81088,1690372853,878613,959701
2.02305E+11,80308,1690372854,878428,958736
2.02305E+11,80809,1690372855,877773,958582
2.02305E+11,80869,1690372856,878613,959482
2.02305E+11,80665,1690372857,878325,958990
2.02305E+11,81008,1690372858,878532,959540
2.02305E+11,80976,1690372859,878394,959370
2.02305E+11,80849,1690372860,878780,959629
2.02305E+11,80768,1690372861,878897,959665
2.02305E+11,81194,1690372862,878792,959986
2.02305E+11,80861,1690372863,878916,959777
2.02305E+11,81088,1690372864,878879,959967
2.02305E+11,80369,1690372865,878569,958938
2.02305E+11,81243,1690372866,879576,960819
2.02305E+11,81087,1690372867,878911,959998
2.02305E+11,81001,1690372868,878906,959907
2.02305E+11,80872,1690372869,879141,960013
2.02305E+11,81320,1690372870,878155,959475
2.02305E+11,80996,1690372871,877932,958928
2.02305E+11,81152,1690372872,879014,960166
2.02305E+11,81077,1690372873,879274,960351
2.02305E+11,81410,1690372874,878996,960406
2.02305E+11,80939,1690372875,879303,960242
2.02305E+11,81099,1690372876,877417,958516
2.02305E+11,81166,1690372877,878172,959338
2.02305E+11,81109,1690372878,878892,960001
2.02305E+11,81025,1690372879,879709,960734
2.02305E+11,81091,1690372880,879773,960864
2.02305E+11,81353,1690372881,879255,960608
2.02305E+11,80793,1690372882,878438,959231
2.02305E+11,80931,1690372883,878151,959082
2.02305E+11,80947,1690372884,878203,959150
2.02305E+11,80210,1690372885,879358,959568
2.02305E+11,80857,1690372886,879521,960378
2.02305E+11,80539,1690372887,878417,958956
2.02305E+11,80379,1690372888,878897,959276
2.02305E+11,80481,1690372889,878410,958891
2.02305E+11,80441,1690372890,878214,958655
2.02305E+11,80589,1690372891,878853,959442
2.02305E+11,80715,1690372892,878474,959189
2.02305E+11,80843,1690372893,878249,959092
2.02305E+11,80850,1690372894,878716,959566
2.02305E+11,80893,1690372895,880046,960939
2.02305E+11,80997,1690372896,879869,960866
2.02305E+11,80970,1690372897,878978,959948
2.02305E+11,80802,1690372898,880012,960814
2.02305E+11,81032,1690372899,879595,960627
2.02305E+11,81210,1690372900,879698,960908
2.02305E+11,80898,1690372901,879523,960421
2.02305E+11,81155,1690372902,880351,961506
2.02305E+11,80999,1690372903,880074,961073
2.02305E+11,81006,1690372904,880274,961280
2.02305E+11,81028,1690372905,879735,960763
2.02305E+11,80235,1690372906,880421,960656
2.02305E+11,80915,1690372907,878521,959436
2.02305E+11,81259,1690372908,876246,957505
2.02305E+11,80930,1690372909,876559,957489
2.02305E+11,81235,1690372910,876643,957878
2.02305E+11,80579,1690372911,877711,958290
2.02305E+11,80494,1690372912,877981,958475
2.02305E+11,81123,1690372913,877681,958804
2.02305E+11,80959,1690372914,878098,959057
2.02305E+11,80772,1690372914,878750,959522
2.02305E+11,80612,1690372915,879375,959987
2.02305E+11,80598,1690372917,879084,959682
2.02305E+11,80618,1690372918,878239,958857
2.02305E+11,80799,1690372919,877215,958014
2.02305E+11,80766,1690372920,876520,957286
2.02305E+11,80417,1690372921,879057,959474
2.02305E+11,80854,1690372922,879940,960794
2.02305E+11,81013,1690372923,879100,960113
2.02305E+11,80764,1690372924,880472,961236
2.02305E+11,81075,1690372925,880826,961901
2.02305E+11,81030,1690372926,879911,960941
2.02305E+11,80764,1690372927,880052,960816
2.02305E+11,80641,1690372928,880129,960770
2.02305E+11,80893,1690372929,880480,961373
2.02305E+11,80879,1690372930,881143,962022
2.02305E+11,80854,1690372931,880955,961809
2.02305E+11,80739,1690372932,880599,961338
2.02305E+11,81115,1690372933,879899,961014
2.02305E+11,81314,1690372934,880564,961878
2.02305E+11,80866,1690372935,879634,960500
2.02305E+11,80974,1690372936,879287,960261
2.02305E+11,80862,1690372937,877918,958780
2.02305E+11,81083,1690372938,878363,959446
2.02305E+11,81120,1690372939,879257,960377
2.02305E+11,80614,1690372940,879448,960062
2.02305E+11,80718,1690372941,879672,960390
2.02305E+11,80797,1690372942,879606,960403
2.02305E+11,80637,1690372943,879968,960605
2.02305E+11,80852,1690372944,880249,961101
2.02305E+11,80135,1690372945,881016,961151
2.02305E+11,80765,1690372946,881678,962443
2.02305E+11,80910,1690372947,880874,961784
2.02305E+11,80817,1690372948,880461,961278
2.02305E+11,81032,1690372949,880430,961462
2.02305E+11,80917,1690372950,879839,960756
2.02305E+11,80665,1690372951,880008,960673
2.02305E+11,80414,1690372952,880222,960636
2.02305E+11,80747,1690372953,880121,960868
2.02305E+11,80434,1690372954,879054,959488
2.02305E+11,80673,1690372955,879252,959925
2.02305E+11,80911,1690372956,878930,959841
2.02305E+11,80737,1690372957,879157,959894
2.02305E+11,80494,1690372958,879315,959809
2.02305E+11,80842,1690372959,879938,960780
2.02305E+11,80928,1690372960,879599,960527
2.02305E+11,80611,1690372961,880002,960613
2.02305E+11,80605,1690372962,879999,960604
2.02305E+11,80825,1690372963,879837,960662
2.02305E+11,80781,1690372964,880133,960914
2.02305E+11,81106,1690372965,880880,961986
2.02305E+11,81175,1690372966,880677,961852
2.02305E+11,80920,1690372967,879710,960630
2.02305E+11,80975,1690372968,880860,961835
2.02305E+11,81387,1690372969,880421,961808
2.02305E+11,81148,1690372970,881037,962185
2.02305E+11,80371,1690372971,880329,960700
2.02305E+11,81023,1690372972,881106,962129
2.02305E+11,80870,1690372973,880419,961289
2.02305E+11,80874,1690372974,880257,961131
2.02305E+11,80793,1690372975,880119,960912
2.02305E+11,80614,1690372976,879676,960290
2.02305E+11,80848,1690372978,879447,960295
2.02305E+11,80942,1690372979,879903,960845
2.02305E+11,81106,1690372980,880630,961736
2.02305E+11,80654,1690372981,879520,960174
2.02305E+11,81049,1690372982,880430,961479
2.02305E+11,80625,1690372983,880621,961246
2.02305E+11,80834,1690372984,879902,960736
2.02305E+11,80923,1690372985,879949,960872
2.02305E+11,80230,1690372986,879343,959573
2.02305E+11,80899,1690372988,880325,961224
2.02305E+11,80862,1690372989,879622,960484
2.02305E+11,80733,1690372990,880865,961598
2.02305E+11,80500,1690372991,881039,961539
2.02305E+11,80868,1690372992,880773,961641
2.02305E+11,80655,1690372993,880011,960666
2.02305E+11,80808,1690372994,879434,960242
2.02305E+11,80893,1690372995,880269,961162
2.02305E+11,80285,1690372996,879961,960246
2.02305E+11,80921,1690372998,879589,960510
2.02305E+11,80910,1690372999,879479,960389
2.02305E+11,80957,1690373000,879868,960825
2.02305E+11,80743,1690373001,878843,959586
2.02305E+11,81127,1690373002,879595,960722
2.02305E+11,81047,1690373003,880446,961493
2.02305E+11,81099,1690373004,879431,960530
2.02305E+11,80679,1690373005,878148,958827
2.02305E+11,80680,1690373006,878865,959545
2.02305E+11,80587,1690373007,879086,959673
2.02305E+11,81141,1690373008,879368,960509
2.02305E+11,80646,1690373009,880229,960875
2.02305E+11,80769,1690373010,880615,961384
2.02305E+11,80825,1690373011,879114,959939
2.02305E+11,81040,1690373012,879784,960824
2.02305E+11,80799,1690373013,879638,960437
2.02305E+11,80810,1690373014,879974,960784
2.02305E+11,80707,1690373015,880348,961055
2.02305E+11,80837,1690373016,878545,959382
2.02305E+11,80582,1690373017,877914,958496
2.02305E+11,80839,1690373018,879123,959962
2.02305E+11,80863,1690373019,879784,960647
2.02305E+11,81044,1690373020,879743,960787
2.02305E+11,80922,1690373021,880190,961112
2.02305E+11,80988,1690373022,880457,961445
2.02305E+11,80510,1690373023,879982,960492
2.02305E+11,80431,1690373024,880867,961298
2.02305E+11,80455,1690373025,881299,961754
2.02305E+11,80700,1690373026,879691,960391
2.02305E+11,80729,1690373027,879958,960687
2.02305E+11,81971,1690373028,880459,962430
2.02305E+11,80947,1690373029,880307,961254
2.02305E+11,80722,1690373030,879335,960057
2.02305E+11,80379,1690373031,879756,960135
2.02305E+11,80609,1690373032,880009,960618
2.02305E+11,80797,1690373033,879130,959927
2.02305E+11,80886,1690373034,880175,961061
2.02305E+11,80511,1690373035,879788,960299
2.02305E+11,80738,1690373036,878398,959136
2.02305E+11,80632,1690373037,880085,960717
2.02305E+11,80359,1690373038,880019,960378
2.02305E+11,80476,1690373039,880147,960623
2.02305E+11,80428,1690373040,880556,960984
2.02305E+11,80996,1690373041,879891,960887
2.02305E+11,80617,1690373042,879640,960257
2.02305E+11,80998,1690373043,882183,963181
2.02305E+11,81098,1690373044,880934,962032
2.02305E+11,80552,1690373045,881139,961691
2.02305E+11,81029,1690373046,880539,961568
2.02305E+11,80750,1690373047,878389,959139
2.02305E+11,80713,1690373048,879566,960279
2.02305E+11,80566,1690373049,879741,960307
2.02305E+11,80982,1690373050,880919,961901
2.02305E+11,80359,1690373051,880271,960630
2.02305E+11,80476,1690373052,881534,962010
2.02305E+11,81061,1690373053,881376,962437
2.02305E+11,80367,1690373054,541073,621440
2.02305E+11,80578,1690373055,541173,621751
2.02305E+11,80430,1690373056,540839,621269
2.02305E+11,80360,1690373057,541163,621523
2.02305E+11,80714,1690373058,540586,621300
2.02305E+11,80681,1690373059,540262,620943
2.02305E+11,80882,1690373060,539365,620247
2.02305E+11,80573,1690373061,540075,620648
2.02305E+11,80769,1690373062,540110,620879
2.02305E+11,80848,1690373063,539924,620772
2.02305E+11,81036,1690373064,539562,620598
2.02305E+11,81178,1690373065,541050,622228
2.02305E+11,81215,1690373066,540754,621969
2.02305E+11,80843,1690373067,540967,621810
2.02305E+11,81106,1690373068,540859,621965
2.02305E+11,81107,1690373069,541049,622156
2.02305E+11,80984,1690373070,541591,622575
2.02305E+11,81091,1690373071,540873,621964
2.02305E+11,80941,1690373072,540951,621892
2.02305E+11,81021,1690373073,540914,621935
2.02305E+11,81189,1690373074,541184,622373
2.02305E+11,81053,1690373075,540902,621955
2.02305E+11,81049,1690373076,540937,621986
2.02305E+11,80728,1690373077,541180,621908
2.02305E+11,80545,1690373078,541045,621590
2.02305E+11,80778,1690373079,540942,621720
2.02305E+11,80861,1690373080,540516,621377
2.02305E+11,81000,1690373081,540986,621986
2.02305E+11,80643,1690373082,540588,621231
2.02305E+11,80941,1690373083,540531,621472
2.02305E+11,80899,1690373084,540128,621027
2.02305E+11,80185,1690373085,540067,620252
2.02305E+11,80385,1690373086,540245,620630
2.02305E+11,80519,1690373087,540303,620822
2.02305E+11,80703,1690373088,539733,620436
2.02305E+11,80731,1690373089,540728,621459
2.02305E+11,80903,1690373090,540587,621490
2.02305E+11,80527,1690373091,541185,621712
2.02305E+11,81031,1690373092,540885,621916
2.02305E+11,81115,1690373093,540212,621327
2.02305E+11,81154,1690373094,539936,621090
2.02305E+11,80802,1690373095,540214,621016
2.02305E+11,80727,1690373096,539445,620172
2.02305E+11,81010,1690373097,540673,621683
2.02305E+11,81001,1690373098,540667,621668
2.02305E+11,81104,1690373099,540645,621749
2.02305E+11,81253,1690373100,540091,621344
2.02305E+11,81112,1690373101,540362,621474
2.02305E+11,81121,1690373102,540704,621825
2.02305E+11,81038,1690373103,540034,621072
2.02305E+11,80957,1690373104,541230,622187
2.02305E+11,80762,1690373105,540480,621242
2.02305E+11,80976,1690373106,540650,621626
2.02305E+11,81027,1690373107,540825,621852
2.02305E+11,81108,1690373108,540892,622000
2.02305E+11,80950,1690373109,539552,620502
2.02305E+11,80791,1690373110,540455,621246
2.02305E+11,80853,1690373111,538725,619578
2.02305E+11,80729,1690373112,540108,620837
2.02305E+11,80809,1690373113,539734,620543
2.02305E+11,80507,1690373114,539768,620275
2.02305E+11,80453,1690373115,540022,620475
2.02305E+11,80461,1690373116,539954,620415
2.02305E+11,80741,1690373117,540563,621304
2.02305E+11,80478,1690373118,540414,620892
2.02305E+11,80830,1690373119,540033,620863
2.02305E+11,80810,1690373120,540235,621045
2.02305E+11,80500,1690373121,540292,620792
2.02305E+11,80938,1690373122,539744,620682
2.02305E+11,81077,1690373123,539499,620576
2.02305E+11,81075,1690373124,538184,619259
2.02305E+11,81062,1690373125,538154,619216
2.02305E+11,80651,1690373126,539806,620457
2.02305E+11,81009,1690373127,539101,620110
2.02305E+11,81201,1690373128,539787,620988
2.02305E+11,81200,1690373129,540304,621504
2.02305E+11,81129,1690373130,539662,620791
2.02305E+11,81226,1690373131,539733,620959
2.02305E+11,80695,1690373132,540454,621149
2.02305E+11,81158,1690373133,540070,621228
2.02305E+11,81002,1690373134,540652,621654
2.02305E+11,80811,1690373135,540245,621056
2.02305E+11,80874,1690373136,539986,620860
2.02305E+11,80764,1690373137,539813,620577
2.02305E+11,80990,1690373138,539327,620317
2.02305E+11,81203,1690373139,539713,620916
2.02305E+11,81264,1690373140,539621,620885
2.02305E+11,81294,1690373141,539285,620579
2.02305E+11,80751,1690373142,539640,620391
2.02305E+11,80968,1690373143,539370,620338
2.02305E+11,80772,1690373144,540337,621109
2.02305E+11,80406,1690373145,539813,620219
2.02305E+11,80825,1690373146,540205,621030
2.02305E+11,80457,1690373147,539957,620414
2.02305E+11,80422,1690373148,539849,620271
2.02305E+11,80876,1690373149,539516,620392
2.02305E+11,80482,1690373150,539340,619822
2.02305E+11,80609,1690373151,538915,619524
2.02305E+11,80332,1690373152,539114,619446
2.02305E+11,80870,1690373153,538095,618965
2.02305E+11,80663,1690373154,538583,619246
2.02305E+11,80671,1690373155,539754,620425
2.02305E+11,80868,1690373156,539038,619906
2.02305E+11,80452,1690373157,539635,620087
2.02305E+11,80607,1690373158,540149,620756
2.02305E+11,80969,1690373159,540796,621765
2.02305E+11,81008,1690373160,539925,620933
2.02305E+11,80988,1690373161,539967,620955
2.02305E+11,81005,1690373162,540080,621085
2.02305E+11,80923,1690373163,539839,620762
2.02305E+11,80857,1690373164,540121,620978
2.02305E+11,80529,1690373165,539230,619759
2.02305E+11,80860,1690373166,539275,620135
2.02305E+11,81283,1690373167,539606,620889
2.02305E+11,80584,1690373168,538975,619559
2.02305E+11,80933,1690373169,538590,619523
2.02305E+11,80712,1690373170,538852,619564
2.02305E+11,80894,1690373171,539487,620381
2.02305E+11,80836,1690373172,538670,619506
2.02305E+11,80608,1690373173,540144,620752
2.02305E+11,80862,1690373174,539683,620545
2.02305E+11,80716,1690373175,539537,620253
2.02305E+11,80453,1690373176,539699,620152
2.02305E+11,81039,1690373177,540812,621851
2.02305E+11,81024,1690373178,539785,620809
2.02305E+11,80989,1690373180,539286,620275
2.02305E+11,80556,1690373181,539401,619957
2.02305E+11,81334,1690373183,538943,620277
2.02305E+11,80731,1690373182,539648,620379
2.02305E+11,81347,1690373185,539413,620760
2.02305E+11,80991,1690373184,539893,620884
2.02305E+11,81167,1690373186,538750,619917
2.02305E+11,80887,1690373187,539174,620061
2.02305E+11,81087,1690373188,539267,620354
2.02305E+11,80876,1690373189,539830,620706
2.02305E+11,80807,1690373190,540758,621565
2.02305E+11,80690,1690373191,540383,621073
2.02305E+11,80702,1690373192,540238,620940
2.02305E+11,80918,1690373193,540371,621289
2.02305E+11,80740,1690373194,540114,620854
2.02305E+11,80825,1690373195,539639,620464
2.02305E+11,80794,1690373196,539693,620487
2.02305E+11,80664,1690373197,538987,619651
2.02305E+11,80532,1690373198,538512,619044
2.02305E+11,80478,1690373199,538132,618610
2.02305E+11,80064,1690373200,538184,618248
2.02305E+11,80133,1690373201,539106,619239
2.02305E+11,80455,1690373202,539789,620244
2.02305E+11,80454,1690373203,539264,619718
2.02305E+11,80708,1690373204,539216,619924
2.02305E+11,80397,1690373205,539345,619742
2.02305E+11,80930,1690373206,540373,621303
2.02305E+11,80641,1690373207,540039,620680
2.02305E+11,80630,1690373208,540175,620805
2.02305E+11,80996,1690373209,540062,621058
2.02305E+11,81159,1690373210,539037,620196
2.02305E+11,80817,1690373211,539034,619851
2.02305E+11,80777,1690373212,538938,619715
2.02305E+11,80773,1690373213,538772,619545
2.02305E+11,81123,1690373214,538627,619750
2.02305E+11,80920,1690373215,538269,619189
2.02305E+11,80920,1690373215,538516,619436
2.02305E+11,81115,1690373217,539262,620377
2.02305E+11,80434,1690373218,538909,619343
2.02305E+11,81327,1690373219,539600,620927
2.02305E+11,81148,1690373220,539895,621043
2.02305E+11,80950,1690373221,540000,620950
2.02305E+11,80762,1690373222,539642,620404
2.02305E+11,80823,1690373223,540498,621321
2.02305E+11,80851,1690373224,540099,620950
2.02305E+11,80414,1690373225,539367,619781
2.02305E+11,80985,1690373226,539350,620335
2.02305E+11,80533,1690373227,539404,619937
2.02305E+11,80263,1690373228,539062,619325
2.02305E+11,80750,1690373229,538759,619509
2.02305E+11,80966,1690373230,539956,620922
2.02305E+11,80588,1690373231,539612,620200
2.02305E+11,80404,1690373232,540063,620467
2.02305E+11,80874,1690373233,539351,620225
2.02305E+11,80364,1690373234,539354,619718
2.02305E+11,80418,1690373235,540153,620571
2.02305E+11,80983,1690373236,539943,620926
2.02305E+11,80443,1690373237,540947,621390
2.02305E+11,80312,1690373238,539162,619474
2.02305E+11,80573,1690373239,539279,619852
2.02305E+11,80600,1690373240,539540,620140
2.02305E+11,80565,1690373241,538872,619437
2.02305E+11,80323,1690373242,539215,619538
2.02305E+11,80392,1690373243,538761,619153
2.02305E+11,80475,1690373244,538533,619008
2.02305E+11,80549,1690373245,539376,619925
2.02305E+11,80899,1690373246,539332,620231
2.02305E+11,80541,1690373247,540111,620652
2.02305E+11,80691,1690373248,539722,620413
2.02305E+11,80641,1690373249,540332,620973
2.02305E+11,80956,1690373250,538908,619864
2.02305E+11,80751,1690373251,539901,620652
2.02305E+11,80682,1690373253,540550,621232
2.02305E+11,80705,1690373252,540680,621385
2.02305E+11,80847,1690373254,540613,621460
2.02305E+11,80990,1690373256,539629,620619
2.02305E+11,80550,1690373255,540390,620940
2.02305E+11,80525,1690373258,539674,620199
2.02305E+11,81004,1690373257,539742,620746
2.02305E+11,80771,1690373259,539603,620374
2.02305E+11,81014,1690373260,539377,620391
2.02305E+11,80560,1690373261,539422,619982
2.02305E+11,80708,1690373262,538788,619496
2.02305E+11,80885,1690373263,538792,619677
2.02305E+11,80422,1690373264,539310,619732
2.02305E+11,80915,1690373265,539170,620085
2.02305E+11,80464,1690373266,539179,619643
2.02305E+11,80920,1690373267,539752,620672
2.02305E+11,81044,1690373268,538795,619839
2.02305E+11,80391,1690373269,538595,618986
2.02305E+11,80651,1690373270,539444,620095
2.02305E+11,80566,1690373271,539261,619827
2.02305E+11,80522,1690373272,539634,620156
2.02305E+11,80886,1690373273,539002,619888
2.02305E+11,80609,1690373274,539541,620150
2.02305E+11,81077,1690373275,538983,620060
2.02305E+11,80930,1690373276,538459,619389
2.02305E+11,81057,1690373277,539144,620201
2.02305E+11,80900,1690373278,539191,620091
2.02305E+11,80650,1690373279,538322,618972
2.02305E+11,81085,1690373280,538664,619749
2.02305E+11,80614,1690373281,538496,619110
2.02305E+11,80804,1690373282,538466,619270
2.02305E+11,80889,1690373283,538843,619732
2.02305E+11,80567,1690373284,539357,619924
2.02305E+11,80695,1690373285,539867,620562
2.02305E+11,80728,1690373286,539793,620521
2.02305E+11,80864,1690373287,539905,620769
2.02305E+11,80958,1690373288,539168,620126
2.02305E+11,81322,1690373289,539581,620903
2.02305E+11,80957,1690373290,539757,620714
2.02305E+11,80842,1690373291,539281,620123
2.02305E+11,80486,1690373292,539081,619567
2.02305E+11,81105,1690373293,539177,620282
2.02305E+11,80904,1690373294,539355,620259
2.02305E+11,80883,1690373295,539453,620336
2.02305E+11,80530,1690373296,539146,619676
2.02305E+11,81072,1690373297,538510,619582
2.02305E+11,80998,1690373298,539095,620093
2.02305E+11,80995,1690373299,538429,619424
2.02305E+11,81029,1690373300,539926,620955
2.02305E+11,81006,1690373301,539391,620397
2.02305E+11,80999,1690373302,538947,619946
2.02305E+11,80936,1690373303,538597,619533
2.02305E+11,80799,1690373304,538729,619528
2.02305E+11,80883,1690373305,539364,620247
2.02305E+11,81090,1690373306,539475,620565
2.02305E+11,80848,1690373307,540047,620895
2.02305E+11,80608,1690373308,539109,619717
2.02305E+11,80701,1690373309,539408,620109
2.02305E+11,80942,1690373310,539558,620500
2.02305E+11,80546,1690373311,539495,620041
2.02305E+11,80591,1690373312,540144,620735
2.02305E+11,80645,1690373313,538893,619538
2.02305E+11,80545,1690373314,539069,619614
2.02305E+11,80115,1690373315,539340,619455
2.02305E+11,80791,1690373316,538664,619455
2.02305E+11,80525,1690373317,538429,618954
2.02305E+11,80440,1690373318,539066,619506
2.02305E+11,80824,1690373319,539773,620597
2.02305E+11,80471,1690373320,540161,620632
2.02305E+11,80926,1690373321,539292,620218
2.02305E+11,80665,1690373322,540095,620760
2.02305E+11,80638,1690373323,539151,619789
2.02305E+11,80713,1690373324,539368,620081
2.02305E+11,81011,1690373325,539549,620560
2.02305E+11,80727,1690373326,539779,620506
2.02305E+11,81056,1690373327,0,81056
2.02305E+11,80560,1690373328,0,80560
2.02305E+11,81098,1690373329,0,81098
2.02305E+11,80608,1690373330,0,80608
2.02305E+11,80886,1690373331,0,80886
2.02305E+11,81128,1690373332,0,81128
2.02305E+11,80762,1690373333,0,80762
2.02305E+11,80967,1690373334,542094,623061
2.02305E+11,80891,1690373335,538211,619102
2.02305E+11,81112,1690373336,538596,619708
2.02305E+11,80784,1690373337,538409,619193
2.02305E+11,80975,1690373338,537895,618870
2.02305E+11,80905,1690373339,537586,618491
2.02305E+11,80538,1690373340,537894,618432
2.02305E+11,81141,1690373341,537961,619102
2.02305E+11,80959,1690373342,537527,618486
2.02305E+11,80744,1690373343,537263,618007
2.02305E+11,80918,1690373344,537408,618326
2.02305E+11,80647,1690373345,538320,618967
2.02305E+11,80832,1690373346,537050,617882
2.02305E+11,80656,1690373347,536210,616866
2.02305E+11,80422,1690373348,536640,617062
2.02305E+11,80722,1690373349,537368,618090
2.02305E+11,80550,1690373350,537965,618515
2.02305E+11,80562,1690373351,537037,617599
2.02305E+11,80695,1690373352,536828,617523
2.02305E+11,80573,1690373353,537829,618402
2.02305E+11,80909,1690373354,537965,618874
2.02305E+11,81160,1690373355,538403,619563
2.02305E+11,80988,1690373356,538574,619562
2.02305E+11,80503,1690373357,538310,618813
2.02305E+11,80800,1690373358,538034,618834
2.02305E+11,80350,1690373359,539176,619526
2.02305E+11,80794,1690373360,537664,618458
2.02305E+11,80796,1690373361,538338,619134
2.02305E+11,80746,1690373362,537001,617747
2.02305E+11,80834,1690373363,537485,618319
2.02305E+11,80957,1690373364,537503,618460
2.02305E+11,81032,1690373365,536731,617763
2.02305E+11,81201,1690373366,536865,618066
2.02305E+11,80780,1690373367,536785,617565
2.02305E+11,80749,1690373368,537274,618023
2.02305E+11,81127,1690373369,536416,617543
2.02305E+11,80400,1690373370,535883,616283
2.02305E+11,81113,1690373371,536030,617143
2.02305E+11,81349,1690373372,536490,617839
2.02305E+11,81040,1690373373,536883,617923
2.02305E+11,81059,1690373374,536891,617950
2.02305E+11,81151,1690373375,536340,617491
2.02305E+11,80949,1690373376,536200,617149
2.02305E+11,81062,1690373377,536259,617321
2.02305E+11,81258,1690373378,536591,617849
2.02305E+11,80838,1690373379,536705,617543
2.02305E+11,81207,1690373380,537295,618502
2.02305E+11,80929,1690373381,536997,617926
2.02305E+11,81039,1690373382,537194,618233
2.02305E+11,80728,1690373383,537029,617757
2.02305E+11,81148,1690373384,536948,618096
2.02305E+11,80474,1690373385,536114,616588
2.02305E+11,80868,1690373386,537021,617889
2.02305E+11,81217,1690373387,536106,617323
2.02305E+11,80884,1690373388,535766,616650
2.02305E+11,80892,1690373389,535696,616588
2.02305E+11,80615,1690373390,535450,616065
2.02305E+11,80775,1690373391,536110,616885
2.02305E+11,80614,1690373392,536403,617017
2.02305E+11,80843,1690373393,536287,617130
2.02305E+11,80891,1690373394,536907,617798
2.02305E+11,80808,1690373395,536801,617609
2.02305E+11,80281,1690373396,537507,617788
2.02305E+11,80656,1690373397,537210,617866
2.02305E+11,80612,1690373398,536427,617039
2.02305E+11,80617,1690373399,536674,617291
2.02305E+11,81023,1690373400,536516,617539
2.02305E+11,80595,1690373401,536316,616911
2.02305E+11,80886,1690373402,535953,616839
2.02305E+11,80638,1690373403,536462,617100
2.02305E+11,80809,1690373404,535936,616745
2.02305E+11,80720,1690373405,535714,616434
2.02305E+11,80439,1690373406,536005,616444
2.02305E+11,80841,1690373407,535807,616648
2.02305E+11,80701,1690373408,536331,617032
2.02305E+11,80670,1690373409,535842,616512
2.02305E+11,80874,1690373410,536527,617401
2.02305E+11,80864,1690373411,537395,618259
2.02305E+11,80805,1690373412,536813,617618
2.02305E+11,80971,1690373413,536638,617609
2.02305E+11,81067,1690373414,536293,617360
2.02305E+11,81094,1690373415,535399,616493
2.02305E+11,80578,1690373416,536434,617012
2.02305E+11,80928,1690373417,536432,617360
2.02305E+11,80686,1690373418,535673,616359
2.02305E+11,81012,1690373420,536158,617170
2.02305E+11,80404,1690373421,535051,615455
2.02305E+11,80923,1690373422,535938,616861
2.02305E+11,80980,1690373423,536040,617020
2.02305E+11,81085,1690373425,536011,617096
2.02305E+11,81099,1690373424,535561,616660
2.02305E+11,80786,1690373426,537081,617867
2.02305E+11,80773,1690373427,536782,617555
2.02305E+11,81083,1690373428,536207,617290
2.02305E+11,80688,1690373429,536558,617246
2.02305E+11,81032,1690373430,535306,616338
2.02305E+11,80370,1690373431,536020,616390
2.02305E+11,80833,1690373432,535672,616505
2.02305E+11,80665,1690373433,536707,617372
2.02305E+11,80667,1690373434,536867,617534
2.02305E+11,80432,1690373435,536350,616782
2.02305E+11,79924,1690373436,536645,616569
2.02305E+11,80032,1690373437,535664,615696
2.02305E+11,80324,1690373438,535818,616142
2.02305E+11,80223,1690373439,535086,615309
2.02305E+11,80732,1690373440,535009,615741
2.02305E+11,80332,1690373441,535728,616060
2.02305E+11,80729,1690373442,535243,615972
2.02305E+11,80537,1690373443,534585,615122
2.02305E+11,80460,1690373444,534258,614718
2.02305E+11,80379,1690373445,534888,615267
2.02305E+11,80642,1690373446,534881,615523
2.02305E+11,80315,1690373447,534939,615254
2.02305E+11,80682,1690373448,534498,615180
2.02305E+11,80752,1690373449,536590,617342
2.02305E+11,80766,1690373450,536329,617095
2.02305E+11,80843,1690373451,536785,617628
2.02305E+11,80660,1690373452,536967,617627
2.02305E+11,80838,1690373453,536418,617256
2.02305E+11,80856,1690373454,536472,617328
2.02305E+11,81067,1690373455,536258,617325
2.02305E+11,80664,1690373456,535827,616491
2.02305E+11,80820,1690373457,535941,616761
2.02305E+11,80722,1690373458,534659,615381
2.02305E+11,81030,1690373459,534935,615965
2.02305E+11,80850,1690373460,535841,616691
2.02305E+11,80627,1690373461,535307,615934
2.02305E+11,80393,1690373462,535906,616299
2.02305E+11,80795,1690373463,535709,616504
2.02305E+11,80626,1690373464,535720,616346
2.02305E+11,80387,1690373465,535853,616240
2.02305E+11,80514,1690373466,536363,616877
2.02305E+11,80807,1690373467,536222,617029
2.02305E+11,80883,1690373468,536961,617844
2.02305E+11,80766,1690373469,536935,617701
2.02305E+11,80441,1690373470,536674,617115
2.02305E+11,80806,1690373471,536313,617119
2.02305E+11,80984,1690373472,537069,618053
2.02305E+11,81159,1690373473,536295,617454
2.02305E+11,80302,1690373474,537590,617892
2.02305E+11,80856,1690373475,536974,617830
2.02305E+11,80871,1690373476,536576,617447
2.02305E+11,80917,1690373477,537149,618066
2.02305E+11,80597,1690373478,537609,618206
2.02305E+11,80317,1690373479,537696,618013
2.02305E+11,80360,1690373480,536658,617018
2.02305E+11,80608,1690373481,536796,617404
2.02305E+11,80814,1690373482,535139,615953
2.02305E+11,80549,1690373483,535242,615791
2.02305E+11,81061,1690373484,534069,615130
2.02305E+11,80950,1690373485,533779,614729
2.02305E+11,80989,1690373486,533748,614737
2.02305E+11,80453,1690373487,534396,614849
2.02305E+11,80892,1690373488,534387,615279
2.02305E+11,80538,1690373489,535144,615682
2.02305E+11,80712,1690373490,534758,615470
2.02305E+11,80727,1690373491,534529,615256
2.02305E+11,80868,1690373492,534584,615452
2.02305E+11,81071,1690373493,535061,616132
2.02305E+11,80751,1690373494,536133,616884
2.02305E+11,80711,1690373495,535885,616596
2.02305E+11,80309,1690373496,536166,616475
2.02305E+11,80903,1690373497,536182,617085
2.02305E+11,80593,1690373498,535818,616411
2.02305E+11,81051,1690373499,534762,615813
2.02305E+11,80813,1690373500,535143,615956
2.02305E+11,80952,1690373501,535819,616771
2.02305E+11,81292,1690373502,535947,617239
2.02305E+11,80809,1690373503,534962,615771
2.02305E+11,80719,1690373504,535286,616005
2.02305E+11,80790,1690373505,535684,616474
2.02305E+11,81319,1690373506,536029,617348
2.02305E+11,80885,1690373507,536188,617073
2.02305E+11,80707,1690373508,535398,616105
2.02305E+11,80579,1690373509,536172,616751
2.02305E+11,80656,1690373510,535297,615953
2.02305E+11,80752,1690373511,535946,616698
2.02305E+11,80868,1690373512,535953,616821
2.02305E+11,81086,1690373513,535778,616864
2.02305E+11,81046,1690373514,535944,616990
2.02305E+11,80590,1690373515,535849,616439
2.02305E+11,80949,1690373515,535502,616451
2.02305E+11,80614,1690373516,536015,616629
2.02305E+11,81076,1690373518,536506,617582
2.02305E+11,80985,1690373519,536175,617160
2.02305E+11,80534,1690373520,534928,615462
2.02305E+11,81130,1690373521,535912,617042
2.02305E+11,80838,1690373522,535709,616547
2.02305E+11,80819,1690373523,535194,616013
2.02305E+11,81018,1690373524,535631,616649
2.02305E+11,80507,1690373525,535127,615634
2.02305E+11,81066,1690373526,535486,616552
2.02305E+11,81025,1690373527,535261,616286
2.02305E+11,80867,1690373528,535235,616102
2.02305E+11,80931,1690373529,534866,615797
2.02305E+11,80364,1690373530,533895,614259
2.02305E+11,80892,1690373531,534632,615524
2.02305E+11,81139,1690373532,535027,616166
2.02305E+11,81030,1690373533,534649,615679
2.02305E+11,80871,1690373534,534605,615476
2.02305E+11,80620,1690373535,534753,615373
2.02305E+11,80298,1690373536,534862,615160
2.02305E+11,80352,1690373537,533993,614345
2.02305E+11,80865,1690373538,1577086,1657951
2.02305E+11,80736,1690373539,1579843,1660579
2.02305E+11,80548,1690373540,1578686,1659234
2.02305E+11,80659,1690373541,534163,614822
2.02305E+11,80645,1690373542,872492,953137
2.02305E+11,80516,1690373543,873156,953672
2.02305E+11,80534,1690373544,872631,953165
2.02305E+11,80749,1690373545,872453,953202
2.02305E+11,79886,1690373546,873218,953104
2.02305E+11,80602,1690373547,873560,954162
2.02305E+11,80701,1690373548,872931,953632
2.02305E+11,81754,1690373549,872926,954680
2.02305E+11,80917,1690373550,873185,954102
2.02305E+11,80755,1690373551,873744,954499
2.02305E+11,80819,1690373552,873661,954480
2.02305E+11,80967,1690373553,873463,954430
2.02305E+11,80754,1690373554,873289,954043
2.02305E+11,80698,1690373555,872996,953694
2.02305E+11,81005,1690373556,872813,953818
2.02305E+11,80536,1690373557,873277,953813
2.02305E+11,80764,1690373558,873700,954464
2.02305E+11,81313,1690373559,873656,954969
2.02305E+11,80966,1690373560,873806,954772
2.02305E+11,80697,1690373561,873573,954270
2.02305E+11,81067,1690373562,872645,953712
2.02305E+11,80680,1690373563,872429,953109
2.02305E+11,80384,1690373564,873224,953608
2.02305E+11,80777,1690373565,873010,953787
2.02305E+11,81046,1690373566,872209,953255
2.02305E+11,80768,1690373567,873041,953809
2.02305E+11,80403,1690373568,873321,953724
2.02305E+11,81649,1690373569,872802,954451
2.02305E+11,80957,1690373570,873413,954370
2.02305E+11,80899,1690373571,874054,954953
2.02305E+11,80952,1690373572,873234,954186
2.02305E+11,80454,1690373573,872927,953381
2.02305E+11,80682,1690373574,871955,952637
2.02305E+11,80574,1690373575,871483,952057
2.02305E+11,81163,1690373576,870337,951500
2.02305E+11,81177,1690373577,870439,951616
2.02305E+11,80618,1690373578,872129,952747
2.02305E+11,80266,1690373579,872339,952605
2.02305E+11,80778,1690373580,872958,953736
2.02305E+11,81201,1690373581,873480,954681
2.02305E+11,80943,1690373582,874090,955033
2.02305E+11,81421,1690373583,876431,957852
2.02305E+11,81271,1690373584,876504,957775
2.02305E+11,80668,1690373585,875560,956228
2.02305E+11,81024,1690373586,874791,955815
2.02305E+11,80714,1690373587,874872,955586
2.02305E+11,81127,1690373588,875717,956844
2.02305E+11,81073,1690373589,874556,955629
2.02305E+11,80741,1690373590,874694,955435
2.02305E+11,81152,1690373591,875062,956214
2.02305E+11,81453,1690373592,875050,956503
2.02305E+11,80530,1690373593,875240,955770
2.02305E+11,80861,1690373594,874903,955764
2.02305E+11,81033,1690373595,875946,956979
2.02305E+11,81054,1690373596,875447,956501
2.02305E+11,80903,1690373597,875533,956436
2.02305E+11,80941,1690373598,874991,955932
2.02305E+11,81111,1690373599,876099,957210
2.02305E+11,80858,1690373600,876203,957061
2.02305E+11,80802,1690373601,876790,957592
2.02305E+11,80856,1690373602,876611,957467
2.02305E+11,80809,1690373603,876804,957613
2.02305E+11,81144,1690373604,876785,957929
2.02305E+11,80975,1690373605,875613,956588
2.02305E+11,80888,1690373606,872768,953656
2.02305E+11,80547,1690373607,874289,954836
2.02305E+11,80888,1690373608,875534,956422
2.02305E+11,80802,1690373609,874782,955584
2.02305E+11,80720,1690373610,875049,955769
2.02305E+11,80995,1690373611,874862,955857
2.02305E+11,81148,1690373612,873571,954719
2.02305E+11,80929,1690373613,873786,954715
2.02305E+11,80826,1690373614,873542,954368
2.02305E+11,80758,1690373615,874318,955076
2.02305E+11,80939,1690373616,875027,955966
2.02305E+11,80618,1690373617,874413,955031
2.02305E+11,81033,1690373618,874289,955322
2.02305E+11,81129,1690373619,875023,956152
2.02305E+11,81303,1690373620,876253,957556
2.02305E+11,81401,1690373621,876642,958043
2.02305E+11,81132,1690373622,875938,957070
2.02305E+11,81079,1690373623,875790,956869
2.02305E+11,80692,1690373624,876742,957434
2.02305E+11,81179,1690373625,876160,957339
2.02305E+11,80856,1690373626,876715,957571
2.02305E+11,80949,1690373627,875915,956864
2.02305E+11,81065,1690373628,876623,957688
2.02305E+11,80994,1690373629,876473,957467
2.02305E+11,80846,1690373630,876172,957018
2.02305E+11,80957,1690373631,875458,956415
2.02305E+11,81267,1690373632,875907,957174
2.02305E+11,80924,1690373633,876305,957229
2.02305E+11,80892,1690373634,875534,956426
2.02305E+11,80823,1690373635,876221,957044
2.02305E+11,80801,1690373636,876435,957236
2.02305E+11,80969,1690373637,874548,955517
2.02305E+11,80983,1690373638,875119,956102
2.02305E+11,80845,1690373639,874791,955636
2.02305E+11,81423,1690373640,875343,956766
2.02305E+11,81015,1690373641,875560,956575
2.02305E+11,81058,1690373642,875504,956562
2.02305E+11,80940,1690373643,876634,957574
2.02305E+11,80999,1690373644,875182,956181
2.02305E+11,80857,1690373645,875048,955905
2.02305E+11,81028,1690373646,875853,956881
2.02305E+11,80762,1690373647,874740,955502
2.02305E+11,80904,1690373648,875169,956073
2.02305E+11,80951,1690373649,875162,956113
2.02305E+11,80869,1690373650,874769,955638
2.02305E+11,81212,1690373651,875546,956758
2.02305E+11,80906,1690373652,875720,956626
2.02305E+11,80933,1690373653,873943,954876
2.02305E+11,81409,1690373654,873943,955352
2.02305E+11,80924,1690373655,874115,955039
2.02305E+11,80950,1690373656,873638,954588
2.02305E+11,80746,1690373657,873309,954055
2.02305E+11,81200,1690373658,873727,954927
2.02305E+11,80842,1690373659,873870,954712
2.02305E+11,81077,1690373660,873726,954803
2.02305E+11,81009,1690373661,873713,954722
2.02305E+11,81081,1690373662,874340,955421
2.02305E+11,81211,1690373663,873953,955164
2.02305E+11,81159,1690373664,873781,954940
2.02305E+11,81064,1690373665,872638,953702
2.02305E+11,81177,1690373666,873956,955133
2.02305E+11,80978,1690373667,872824,953802
2.02305E+11,81205,1690373668,873590,954795
2.02305E+11,81221,1690373669,873437,954658
2.02305E+11,81202,1690373670,874292,955494
2.02305E+11,81251,1690373671,874269,955520
2.02305E+11,81175,1690373672,874959,956134
2.02305E+11,81433,1690373673,874339,955772
2.02305E+11,80989,1690373674,874355,955344
2.02305E+11,81328,1690373675,875446,956774
2.02305E+11,81171,1690373676,876152,957323
2.02305E+11,80863,1690373677,875970,956833
2.02305E+11,81263,1690373678,875990,957253
2.02305E+11,80777,1690373679,875875,956652
2.02305E+11,80729,1690373680,875586,956315
2.02305E+11,81290,1690373681,874298,955588
2.02305E+11,80839,1690373682,874012,954851
2.02305E+11,81027,1690373683,874100,955127
2.02305E+11,80525,1690373684,875327,955852
2.02305E+11,80992,1690373685,875434,956426
2.02305E+11,81067,1690373686,875186,956253
2.02305E+11,80634,1690373687,874453,955087
2.02305E+11,80472,1690373688,875186,955658
2.02305E+11,80816,1690373689,874605,955421
2.02305E+11,80648,1690373690,874123,954771
2.02305E+11,80877,1690373691,874713,955590
2.02305E+11,80394,1690373692,874734,955128
2.02305E+11,80544,1690373693,876237,956781
2.02305E+11,80757,1690373694,876502,957259
2.02305E+11,80993,1690373695,875205,956198
2.02305E+11,81109,1690373696,872036,953145
2.02305E+11,80960,1690373697,873792,954752
2.02305E+11,80909,1690373698,873627,954536
2.02305E+11,80884,1690373699,874123,955007
2.02305E+11,80724,1690373700,873794,954518
2.02305E+11,80585,1690373701,871345,951930
2.02305E+11,80785,1690373702,872374,953159
2.02305E+11,81037,1690373703,874017,955054
2.02305E+11,80844,1690373704,874586,955430
2.02305E+11,80654,1690373705,875268,955922
2.02305E+11,80804,1690373706,875120,955924
2.02305E+11,80534,1690373707,875301,955835
2.02305E+11,80638,1690373708,874298,954936
2.02305E+11,80732,1690373709,873884,954616
2.02305E+11,80910,1690373710,875412,956322
2.02305E+11,80460,1690373711,874821,955281
2.02305E+11,80679,1690373712,874714,955393
2.02305E+11,80973,1690373713,874632,955605
2.02305E+11,80812,1690373714,874452,955264
2.02305E+11,81158,1690373715,875268,956426
2.02305E+11,81418,1690373716,873887,955305
2.02305E+11,81215,1690373717,874753,955968
2.02305E+11,81256,1690373718,875222,956478
2.02305E+11,81169,1690373719,875598,956767
2.02305E+11,81550,1690373720,874042,955592
2.02305E+11,81043,1690373721,874517,955560
2.02305E+11,81109,1690373722,874723,955832
2.02305E+11,80929,1690373723,874407,955336
2.02305E+11,81132,1690373724,875161,956293
2.02305E+11,80831,1690373725,874641,955472
2.02305E+11,81413,1690373726,874346,955759
2.02305E+11,81075,1690373727,870757,951832
2.02305E+11,81380,1690373728,875400,956780
2.02305E+11,81298,1690373729,875376,956674
2.02305E+11,81005,1690373730,874980,955985
2.02305E+11,81624,1690373731,874505,956129
2.02305E+11,81169,1690373732,872978,954147
2.02305E+11,81356,1690373733,874639,955995
2.02305E+11,81246,1690373734,874454,955700
2.02305E+11,80689,1690373735,875508,956197
2.02305E+11,81110,1690373736,874915,956025
2.02305E+11,81368,1690373737,874218,955586
2.02305E+11,81113,1690373738,875313,956426
2.02305E+11,81039,1690373739,874544,955583
2.02305E+11,81348,1690373740,874382,955730
2.02305E+11,81097,1690373741,875959,957056
2.02305E+11,81153,1690373742,874133,955286
2.02305E+11,80886,1690373743,874872,955758
2.02305E+11,81217,1690373744,874247,955464
2.02305E+11,80923,1690373745,874218,955141
2.02305E+11,81183,1690373746,874467,955650
2.02305E+11,80742,1690373747,874077,954819
2.02305E+11,80804,1690373748,873815,954619
2.02305E+11,80736,1690373749,874518,955254
2.02305E+11,81099,1690373750,873420,954519
2.02305E+11,80893,1690373751,873926,954819
2.02305E+11,81031,1690373752,874890,955921
2.02305E+11,80957,1690373753,873835,954792
2.02305E+11,80995,1690373754,875363,956358
2.02305E+11,81258,1690373755,873967,955225
2.02305E+11,80511,1690373756,874630,955141
2.02305E+11,80712,1690373757,874796,955508
2.02305E+11,81017,1690373758,874380,955397
2.02305E+11,80841,1690373759,874745,955586
2.02305E+11,80761,1690373760,875419,956180
2.02305E+11,80495,1690373761,874109,954604
2.02305E+11,80975,1690373762,875402,956377
2.02305E+11,80660,1690373763,872305,952965
2.02305E+11,80781,1690373764,875086,955867
2.02305E+11,80975,1690373765,875382,956357
2.02305E+11,80613,1690373766,874864,955477
2.02305E+11,80887,1690373767,875017,955904
2.02305E+11,80718,1690373768,874576,955294
2.02305E+11,81033,1690373769,875139,956172
2.02305E+11,80941,1690373770,874188,955129
2.02305E+11,80584,1690373771,875173,955757
2.02305E+11,80376,1690373772,874964,955340
2.02305E+11,81160,1690373773,876395,957555
2.02305E+11,80584,1690373774,875853,956437
2.02305E+11,80925,1690373775,874583,955508
2.02305E+11,81001,1690373776,876797,957798
2.02305E+11,80852,1690373777,875405,956257
2.02305E+11,80868,1690373778,875723,956591
2.02305E+11,80537,1690373779,875793,956330
2.02305E+11,81006,1690373780,876675,957681
2.02305E+11,80746,1690373781,877121,957867
2.02305E+11,80994,1690373782,876779,957773
2.02305E+11,80598,1690373783,875618,956216
2.02305E+11,80812,1690373784,875931,956743
2.02305E+11,80634,1690373785,876157,956791
2.02305E+11,80784,1690373786,874944,955728
2.02305E+11,80869,1690373787,874484,955353
2.02305E+11,81134,1690373788,875464,956598
2.02305E+11,80726,1690373789,874707,955433
2.02305E+11,80532,1690373790,874911,955443
2.02305E+11,80905,1690373791,874081,954986
2.02305E+11,80976,1690373792,874020,954996
2.02305E+11,81062,1690373793,874502,955564
2.02305E+11,80853,1690373794,875063,955916
2.02305E+11,81117,1690373795,875905,957022
2.02305E+11,81062,1690373796,876019,957081
2.02305E+11,80940,1690373797,875072,956012
2.02305E+11,81024,1690373798,875305,956329
2.02305E+11,80879,1690373799,875192,956071
2.02305E+11,80933,1690373800,876262,957195
2.02305E+11,80958,1690373801,875234,956192
2.02305E+11,80823,1690373802,875992,956815
2.02305E+11,81048,1690373803,875654,956702
2.02305E+11,80919,1690373804,875388,956307
2.02305E+11,81022,1690373805,875625,956647
2.02305E+11,80790,1690373806,875247,956037
2.02305E+11,80636,1690373807,874866,955502
2.02305E+11,80561,1690373808,874877,955438
2.02305E+11,80685,1690373809,874929,955614
2.02305E+11,81152,1690373810,874556,955708
2.02305E+11,81258,1690373811,874788,956046
2.02305E+11,80769,1690373812,875109,955878
2.02305E+11,80772,1690373813,874685,955457
2.02305E+11,80606,1690373814,874027,954633
2.02305E+11,80847,1690373815,875288,956135
2.02305E+11,80635,1690373816,875592,956227
2.02305E+11,80935,1690373816,875349,956284
2.02305E+11,80680,1690373818,876112,956792
2.02305E+11,80507,1690373819,875750,956257
2.02305E+11,81130,1690373820,874701,955831
2.02305E+11,80858,1690373821,875602,956460
2.02305E+11,81133,1690373822,875021,956154
2.02305E+11,80929,1690373823,875713,956642
2.02305E+11,80835,1690373824,875926,956761
2.02305E+11,80694,1690373825,875527,956221
2.02305E+11,80808,1690373826,875435,956243
2.02305E+11,81280,1690373827,875568,956848
2.02305E+11,81256,1690373828,875282,956538
2.02305E+11,81365,1690373829,874149,955514
2.02305E+11,80990,1690373830,874809,955799
2.02305E+11,80940,1690373831,874810,955750
2.02305E+11,81371,1690373832,875489,956860
2.02305E+11,81142,1690373833,875774,956916
2.02305E+11,81120,1690373834,875709,956829
2.02305E+11,81419,1690373835,874641,956060
2.02305E+11,81380,1690373836,875132,956512
2.02305E+11,81169,1690373837,874709,955878
2.02305E+11,80993,1690373838,874760,955753
2.02305E+11,81058,1690373839,875019,956077
2.02305E+11,80680,1690373840,875416,956096
2.02305E+11,80594,1690373841,874252,954846
2.02305E+11,80872,1690373842,874211,955083
2.02305E+11,80703,1690373843,874835,955538
2.02305E+11,80751,1690373844,875296,956047
2.02305E+11,80740,1690373845,875102,955842
2.02305E+11,80888,1690373846,875340,956228
2.02305E+11,80767,1690373847,874419,955186
2.02305E+11,80769,1690373848,875242,956011
2.02305E+11,80825,1690373849,874935,955760
2.02305E+11,80515,1690373850,875154,955669
2.02305E+11,80763,1690373851,875395,956158
2.02305E+11,81064,1690373852,874873,955937
2.02305E+11,81025,1690373853,876013,957038
2.02305E+11,81047,1690373854,875757,956804
2.02305E+11,80917,1690373855,875002,955919
2.02305E+11,80722,1690373856,875950,956672
2.02305E+11,80964,1690373857,874459,955423
2.02305E+11,80619,1690373858,874779,955398
2.02305E+11,81007,1690373859,874865,955872
2.02305E+11,81061,1690373860,875755,956816
2.02305E+11,81063,1690373861,875117,956180
2.02305E+11,80824,1690373862,874826,955650
2.02305E+11,80815,1690373863,874770,955585
2.02305E+11,81311,1690373864,874285,955596
2.02305E+11,81389,1690373865,874865,956254
2.02305E+11,81018,1690373866,875259,956277
2.02305E+11,80779,1690373867,875094,955873
2.02305E+11,81234,1690373868,876406,957640
2.02305E+11,81245,1690373869,874792,956037
2.02305E+11,81265,1690373870,875165,956430
2.02305E+11,80842,1690373871,874147,954989
2.02305E+11,80728,1690373872,874619,955347
2.02305E+11,80710,1690373873,874104,954814
2.02305E+11,81007,1690373874,874616,955623
2.02305E+11,81162,1690373875,874746,955908
2.02305E+11,80712,1690373876,874190,954902
2.02305E+11,80918,1690373877,874202,955120
2.02305E+11,80760,1690373878,873280,954040
2.02305E+11,80341,1690373879,873627,953968
2.02305E+11,80691,1690373880,873683,954374
2.02305E+11,80942,1690373881,874072,955014
2.02305E+11,81003,1690373882,873986,954989
2.02305E+11,80933,1690373883,873755,954688
2.02305E+11,80738,1690373884,874248,954986
2.02305E+11,80814,1690373885,875042,955856
2.02305E+11,80984,1690373886,875235,956219
2.02305E+11,81077,1690373887,873978,955055
2.02305E+11,80985,1690373888,874890,955875
2.02305E+11,81070,1690373889,874396,955466
2.02305E+11,81624,1690373890,874516,956140
2.02305E+11,81776,1690373891,875213,956989
2.02305E+11,81304,1690373892,874392,955696
2.02305E+11,81010,1690373893,874161,955171
2.02305E+11,81173,1690373894,874106,955279
2.02305E+11,81442,1690373895,874141,955583
2.02305E+11,81167,1690373896,873960,955127
2.02305E+11,80692,1690373897,874185,954877
2.02305E+11,81506,1690373898,872420,953926
2.02305E+11,81397,1690373899,874037,955434
2.02305E+11,80624,1690373900,874215,954839
2.02305E+11,81267,1690373901,874567,955834
2.02305E+11,81555,1690373902,874477,956032
2.02305E+11,81483,1690373903,875148,956631
2.02305E+11,81527,1690373904,875529,957056
2.02305E+11,81195,1690373905,876431,957626
2.02305E+11,80465,1690373906,876143,956608
2.02305E+11,80782,1690373907,874575,955357
2.02305E+11,81399,1690373908,874886,956285
2.02305E+11,80724,1690373909,875159,955883
2.02305E+11,81065,1690373910,875102,956167
2.02305E+11,81612,1690373911,875428,957040
2.02305E+11,81262,1690373912,874196,955458
2.02305E+11,81276,1690373913,874349,955625
2.02305E+11,81261,1690373914,874955,956216
2.02305E+11,81028,1690373915,874299,955327
2.02305E+11,80895,1690373916,874685,955580
2.02305E+11,81288,1690373917,875231,956519
2.02305E+11,81415,1690373918,874846,956261
2.02305E+11,81463,1690373919,875633,957096
2.02305E+11,81307,1690373920,874580,955887
2.02305E+11,81262,1690373921,874796,956058
2.02305E+11,81098,1690373922,874652,955750
2.02305E+11,81136,1690373923,874999,956135
2.02305E+11,81073,1690373924,874580,955653
2.02305E+11,80659,1690373925,874788,955447
2.02305E+11,81041,1690373926,875019,956060
2.02305E+11,81046,1690373927,874555,955601
2.02305E+11,80902,1690373928,875395,956297
2.02305E+11,80735,1690373929,874222,954957
2.02305E+11,81048,1690373930,873301,954349
2.02305E+11,80987,1690373931,873182,954169
2.02305E+11,80745,1690373932,871361,952106
2.02305E+11,81206,1690373933,873009,954215
2.02305E+11,81034,1690373934,872384,953418
2.02305E+11,80713,1690373935,873052,953765
2.02305E+11,80958,1690373936,873996,954954
2.02305E+11,80845,1690373937,875397,956242
2.02305E+11,81364,1690373938,875607,956971
2.02305E+11,81438,1690373939,876101,957539
2.02305E+11,81012,1690373940,875232,956244
2.02305E+11,81124,1690373941,874309,955433
2.02305E+11,81125,1690373942,875433,956558
2.02305E+11,81272,1690373943,875789,957061
2.02305E+11,81182,1690373944,875947,957129
2.02305E+11,81187,1690373945,874797,955984
2.02305E+11,81146,1690373946,874950,956096
2.02305E+11,81219,1690373947,875109,956328
2.02305E+11,81042,1690373948,875136,956178
2.02305E+11,81493,1690373949,875662,957155
2.02305E+11,81162,1690373950,875920,957082
2.02305E+11,81022,1690373951,875913,956935
2.02305E+11,80924,1690373952,876316,957240
2.02305E+11,81510,1690373953,876884,958394
2.02305E+11,81280,1690373954,875396,956676
2.02305E+11,81088,1690373955,875668,956756
2.02305E+11,80892,1690373956,876542,957434
2.02305E+11,81167,1690373957,876046,957213
2.02305E+11,81289,1690373958,877149,958438
2.02305E+11,80945,1690373959,876556,957501
2.02305E+11,81082,1690373960,876360,957442
2.02305E+11,80571,1690373961,876257,956828
2.02305E+11,80871,1690373962,877207,958078
2.02305E+11,80594,1690373963,876835,957429
2.02305E+11,80489,1690373964,873928,954417
2.02305E+11,80717,1690373965,876683,957400
2.02305E+11,81254,1690373966,876491,957745
2.02305E+11,81038,1690373967,876946,957984
2.02305E+11,81057,1690373968,877206,958263
2.02305E+11,80977,1690373969,876525,957502
2.02305E+11,81067,1690373970,877745,958812
2.02305E+11,81099,1690373971,876405,957504
2.02305E+11,81451,1690373972,876481,957932
2.02305E+11,81412,1690373973,876107,957519
2.02305E+11,81096,1690373974,876189,957285
2.02305E+11,81107,1690373975,876360,957467
2.02305E+11,81154,1690373976,875940,957094
2.02305E+11,80828,1690373977,876198,957026
2.02305E+11,80990,1690373978,875768,956758
2.02305E+11,80914,1690373979,876183,957097
2.02305E+11,80713,1690373980,876242,956955
2.02305E+11,80885,1690373981,875383,956268
2.02305E+11,81192,1690373982,875909,957101
2.02305E+11,80970,1690373983,875720,956690
2.02305E+11,81101,1690373984,874722,955823
2.02305E+11,80605,1690373985,875243,955848
2.02305E+11,80914,1690373986,876416,957330
2.02305E+11,81368,1690373987,875365,956733
2.02305E+11,81310,1690373988,875995,957305
2.02305E+11,81304,1690373989,875191,956495
2.02305E+11,81344,1690373990,875465,956809
2.02305E+11,80566,1690373991,875430,955996
2.02305E+11,81305,1690373992,875548,956853
2.02305E+11,81332,1690373993,876126,957458
2.02305E+11,81213,1690373994,875969,957182
2.02305E+11,81686,1690373995,875327,957013
2.02305E+11,81334,1690373996,876339,957673
2.02305E+11,81362,1690373997,875060,956422
2.02305E+11,81077,1690373998,874682,955759
2.02305E+11,81107,1690373999,875097,956204
2.02305E+11,80835,1690374000,875095,955930
2.02305E+11,81379,1690374001,875694,957073
2.02305E+11,81397,1690374002,876210,957607
2.02305E+11,80853,1690374003,876912,957765
2.02305E+11,81295,1690374004,877244,958539
2.02305E+11,81225,1690374005,876007,957232
2.02305E+11,81275,1690374006,875841,957116
2.02305E+11,80927,1690374007,876039,956966
2.02305E+11,81302,1690374008,872596,953898
2.02305E+11,81211,1690374009,875473,956684
2.02305E+11,81115,1690374010,874549,955664
2.02305E+11,81038,1690374011,875260,956298
2.02305E+11,81250,1690374012,873669,954919
2.02305E+11,80840,1690374013,875925,956765
2.02305E+11,80934,1690374014,874449,955383
2.02305E+11,81211,1690374015,875776,956987
2.02305E+11,81231,1690374016,876658,957889
2.02305E+11,80898,1690374017,875874,956772
2.02305E+11,81103,1690374018,876225,957328
2.02305E+11,80609,1690374019,876817,957426
2.02305E+11,81000,1690374020,877079,958079
2.02305E+11,81071,1690374021,875455,956526
2.02305E+11,81146,1690374022,876408,957554
2.02305E+11,81165,1690374023,876191,957356
2.02305E+11,80693,1690374024,875313,956006
2.02305E+11,81086,1690374025,874582,955668
2.02305E+11,80998,1690374026,875074,956072
2.02305E+11,81473,1690374027,875306,956779
2.02305E+11,80878,1690374028,875242,956120
2.02305E+11,80797,1690374029,874815,955612
2.02305E+11,81025,1690374030,874591,955616
2.02305E+11,80931,1690374031,874548,955479
2.02305E+11,80929,1690374032,875129,956058
2.02305E+11,80404,1690374033,876035,956439
2.02305E+11,80907,1690374034,875761,956668
2.02305E+11,80880,1690374035,875842,956722
2.02305E+11,81250,1690374036,875819,957069
2.02305E+11,81160,1690374037,875857,957017
2.02305E+11,81222,1690374038,875353,956575
2.02305E+11,81031,1690374039,875484,956515
2.02305E+11,81103,1690374040,875103,956206
2.02305E+11,80864,1690374041,874941,955805
2.02305E+11,81358,1690374042,874455,955813
2.02305E+11,81023,1690374043,873334,954357
2.02305E+11,80828,1690374044,874277,955105
2.02305E+11,81134,1690374045,874357,955491
2.02305E+11,81151,1690374046,875418,956569
2.02305E+11,81463,1690374047,876756,958219
2.02305E+11,81528,1690374048,874817,956345
2.02305E+11,81157,1690374049,876170,957327
2.02305E+11,81011,1690374050,874875,955886
2.02305E+11,81430,1690374051,876260,957690
2.02305E+11,81078,1690374052,876334,957412
2.02305E+11,81142,1690374053,875734,956876
2.02305E+11,81437,1690374054,875587,957024
2.02305E+11,80958,1690374055,874573,955531
2.02305E+11,80975,1690374056,875474,956449
2.02305E+11,80887,1690374057,875337,956224
2.02305E+11,81198,1690374058,876215,957413
2.02305E+11,81189,1690374059,875891,957080
2.02305E+11,81345,1690374060,875931,957276
2.02305E+11,81390,1690374061,875192,956582
2.02305E+11,80988,1690374062,874216,955204
2.02305E+11,81189,1690374063,874710,955899
2.02305E+11,81328,1690374064,873470,954798
2.02305E+11,81303,1690374065,873817,955120
2.02305E+11,81312,1690374066,873468,954780
2.02305E+11,81057,1690374067,874004,955061
2.02305E+11,80719,1690374068,874185,954904
2.02305E+11,81316,1690374069,874962,956278
2.02305E+11,81204,1690374070,875391,956595
2.02305E+11,80995,1690374071,875101,956096
2.02305E+11,80765,1690374072,875688,956453
2.02305E+11,80988,1690374073,875666,956654
2.02305E+11,80923,1690374074,876860,957783
2.02305E+11,80887,1690374075,1584363,1665250
2.02305E+11,80674,1690374076,1583012,1663686
2.02305E+11,80593,1690374077,1583713,1664306
2.02305E+11,81033,1690374078,1583406,1664439
2.02305E+11,80771,1690374079,1583177,1663948
2.02305E+11,80965,1690374080,1582262,1663227
2.02305E+11,80850,1690374081,1581867,1662717
2.02305E+11,80978,1690374082,1580231,1661209
2.02305E+11,80743,1690374083,1579783,1660526
2.02305E+11,80689,1690374084,1581880,1662569
2.02305E+11,80625,1690374085,1581330,1661955
2.02305E+11,80977,1690374086,1581880,1662857
2.02305E+11,80659,1690374087,1582443,1663102
2.02305E+11,80633,1690374088,1581656,1662289
2.02305E+11,81288,1690374090,1584098,1665386
2.02305E+11,80753,1690374091,1582575,1663328
2.02305E+11,80987,1690374092,1583580,1664567
2.02305E+11,81076,1690374093,1582645,1663721
2.02305E+11,81146,1690374094,1583561,1664707
2.02305E+11,80890,1690374095,1583559,1664449
2.02305E+11,81132,1690374096,1582363,1663495
2.02305E+11,81128,1690374097,1582383,1663511
2.02305E+11,80867,1690374098,1580680,1661547
2.02305E+11,80863,1690374099,1581935,1662798
2.02305E+11,80698,1690374100,1580977,1661675
2.02305E+11,80991,1690374101,1581404,1662395
2.02305E+11,80769,1690374102,1580607,1661376
2.02305E+11,81187,1690374103,1582934,1664121
2.02305E+11,81130,1690374104,1582397,1663527
2.02305E+11,81061,1690374105,1581123,1662184
2.02305E+11,80954,1690374106,1582772,1663726
2.02305E+11,81075,1690374107,1584042,1665117
2.02305E+11,81185,1690374108,1583915,1665100
2.02305E+11,81096,1690374109,1584641,1665737
2.02305E+11,81087,1690374110,1584544,1665631
2.02305E+11,81429,1690374111,1583928,1665357
2.02305E+11,80936,1690374112,1583679,1664615
2.02305E+11,80959,1690374113,1582873,1663832
2.02305E+11,81056,1690374114,1582086,1663142
2.02305E+11,80879,1690374115,1582109,1662988
2.02305E+11,80989,1690374116,1580344,1661333
2.02305E+11,81201,1690374116,1582302,1663503
2.02305E+11,80780,1690374117,1582315,1663095
2.02305E+11,81018,1690374119,1581355,1662373
2.02305E+11,80620,1690374120,1582690,1663310
2.02305E+11,81229,1690374121,1581958,1663187
2.02305E+11,80970,1690374122,1583409,1664379
2.02305E+11,81756,1690374123,1583459,1665215
2.02305E+11,81032,1690374124,1583500,1664532
2.02305E+11,81247,1690374125,1584332,1665579
2.02305E+11,81115,1690374126,1583253,1664368
2.02305E+11,81212,1690374127,1584508,1665720
2.02305E+11,81153,1690374128,1583108,1664261
2.02305E+11,81137,1690374129,1583238,1664375
2.02305E+11,80892,1690374130,1584148,1665040
2.02305E+11,81317,1690374131,1582328,1663645
2.02305E+11,80898,1690374132,1583913,1664811
2.02305E+11,80854,1690374133,1582632,1663486
2.02305E+11,80974,1690374134,1581812,1662786
2.02305E+11,81008,1690374135,1582629,1663637
2.02305E+11,81444,1690374136,1580768,1662212
2.02305E+11,81379,1690374137,1580999,1662378
2.02305E+11,80972,1690374138,1579669,1660641
2.02305E+11,81413,1690374139,1580684,1662097
2.02305E+11,81245,1690374140,1582188,1663433
2.02305E+11,81068,1690374141,1580927,1661995
2.02305E+11,81039,1690374142,1580373,1661412
2.02305E+11,81266,1690374143,1580141,1661407
2.02305E+11,81102,1690374144,1580796,1661898
2.02305E+11,81353,1690374145,1579935,1661288
2.02305E+11,81270,1690374146,1580262,1661532
2.02305E+11,81581,1690374147,873848,955429
2.02305E+11,81382,1690374148,874684,956066
2.02305E+11,81566,1690374149,874592,956158
2.02305E+11,81709,1690374150,876171,957880
2.02305E+11,81008,1690374151,876554,957562
2.02305E+11,81518,1690374152,876602,958120
2.02305E+11,81357,1690374153,875972,957329
2.02305E+11,81198,1690374154,875976,957174
2.02305E+11,81127,1690374155,875242,956369
2.02305E+11,81372,1690374156,875847,957219
2.02305E+11,81201,1690374157,875325,956526
2.02305E+11,81216,1690374158,876233,957449
2.02305E+11,81235,1690374159,876208,957443
2.02305E+11,81335,1690374160,875687,957022
2.02305E+11,81480,1690374161,876624,958104
2.02305E+11,81349,1690374162,876224,957573
2.02305E+11,81057,1690374163,876911,957968
2.02305E+11,80874,1690374164,876760,957634
2.02305E+11,80911,1690374165,876336,957247
2.02305E+11,80831,1690374166,875680,956511
2.02305E+11,80812,1690374167,876287,957099
2.02305E+11,80669,1690374168,876713,957382
2.02305E+11,80865,1690374169,877816,958681
2.02305E+11,80879,1690374170,876417,957296
2.02305E+11,80926,1690374171,876317,957243
2.02305E+11,81326,1690374172,876757,958083
2.02305E+11,80829,1690374173,877067,957896
2.02305E+11,80726,1690374174,874567,955293
2.02305E+11,81167,1690374175,874864,956031
2.02305E+11,81270,1690374176,874061,955331
2.02305E+11,81159,1690374177,874745,955904
2.02305E+11,80847,1690374178,874976,955823
2.02305E+11,81301,1690374179,875620,956921
2.02305E+11,81613,1690374180,875400,957013
2.02305E+11,81030,1690374181,876344,957374
2.02305E+11,81343,1690374182,876756,958099
2.02305E+11,81029,1690374183,877575,958604
2.02305E+11,81048,1690374184,876700,957748
2.02305E+11,81026,1690374185,877263,958289
2.02305E+11,81029,1690374186,876226,957255
2.02305E+11,81409,1690374187,876189,957598
2.02305E+11,81130,1690374188,875434,956564
2.02305E+11,81276,1690374189,875079,956355
2.02305E+11,81391,1690374190,875437,956828
2.02305E+11,81287,1690374191,875271,956558
2.02305E+11,81228,1690374192,875270,956498
2.02305E+11,81495,1690374193,875054,956549
2.02305E+11,81106,1690374194,874584,955690
2.02305E+11,81403,1690374195,874659,956062
2.02305E+11,80933,1690374196,875564,956497
2.02305E+11,80859,1690374197,876051,956910
2.02305E+11,81193,1690374198,876355,957548
2.02305E+11,80874,1690374199,876322,957196
2.02305E+11,81043,1690374200,876150,957193
2.02305E+11,81306,1690374201,876698,958004
2.02305E+11,81387,1690374202,875687,957074
2.02305E+11,81205,1690374203,874958,956163
2.02305E+11,81303,1690374204,873901,955204
2.02305E+11,81268,1690374205,873320,954588
2.02305E+11,81235,1690374206,873843,955078
2.02305E+11,81140,1690374207,875113,956253
2.02305E+11,80940,1690374208,874358,955298
2.02305E+11,81009,1690374209,875019,956028
2.02305E+11,80857,1690374210,875566,956423
2.02305E+11,80690,1690374211,876547,957237
2.02305E+11,81091,1690374212,875369,956460
2.02305E+11,80952,1690374213,874863,955815
2.02305E+11,80881,1690374214,875906,956787
2.02305E+11,81009,1690374215,876230,957239
2.02305E+11,81026,1690374216,876622,957648
2.02305E+11,80717,1690374217,875728,956445
2.02305E+11,80815,1690374218,875194,956009
2.02305E+11,81004,1690374219,876046,957050
2.02305E+11,80855,1690374220,875643,956498
2.02305E+11,81041,1690374221,876639,957680
2.02305E+11,81055,1690374222,876428,957483
2.02305E+11,81186,1690374223,877076,958262
2.02305E+11,80789,1690374224,875692,956481
2.02305E+11,80618,1690374225,875407,956025
2.02305E+11,80825,1690374226,874724,955549
2.02305E+11,80878,1690374227,875814,956692
2.02305E+11,80880,1690374228,875854,956734
2.02305E+11,80853,1690374229,877242,958095
2.02305E+11,80879,1690374230,877109,957988
2.02305E+11,80625,1690374231,876851,957476
2.02305E+11,80796,1690374232,872276,953072
2.02305E+11,80821,1690374233,875572,956393
2.02305E+11,80448,1690374234,875032,955480
2.02305E+11,80987,1690374235,874079,955066
2.02305E+11,80749,1690374236,874005,954754
2.02305E+11,80711,1690374237,872752,953463
2.02305E+11,80735,1690374238,873434,954169
2.02305E+11,80839,1690374239,873472,954311
2.02305E+11,80954,1690374240,874744,955698
2.02305E+11,80732,1690374241,875070,955802
2.02305E+11,81150,1690374242,876228,957378
2.02305E+11,81053,1690374243,876295,957348
2.02305E+11,81032,1690374244,876593,957625
2.02305E+11,80959,1690374245,875480,956439
2.02305E+11,81016,1690374246,875985,957001
2.02305E+11,81279,1690374247,876223,957502
2.02305E+11,80973,1690374248,875667,956640
2.02305E+11,80969,1690374249,876188,957157
2.02305E+11,80926,1690374250,875741,956667
2.02305E+11,81226,1690374251,876174,957400
2.02305E+11,81070,1690374252,876009,957079
2.02305E+11,81063,1690374253,876143,957206
2.02305E+11,81053,1690374254,876029,957082
2.02305E+11,80996,1690374255,876264,957260
2.02305E+11,81112,1690374256,876251,957363
2.02305E+11,81241,1690374257,876336,957577
2.02305E+11,81136,1690374258,876720,957856
2.02305E+11,80452,1690374259,878093,958545
2.02305E+11,81035,1690374260,878578,959613
2.02305E+11,81166,1690374261,877873,959039
2.02305E+11,80909,1690374262,877641,958550
2.02305E+11,80889,1690374263,876538,957427
2.02305E+11,81427,1690374264,876918,958345
2.02305E+11,81124,1690374265,875306,956430
2.02305E+11,80968,1690374266,875573,956541
2.02305E+11,81094,1690374267,876605,957699
2.02305E+11,81022,1690374268,876577,957599
2.02305E+11,80927,1690374269,877710,958637
2.02305E+11,80776,1690374270,877026,957802
2.02305E+11,81085,1690374271,878645,959730
2.02305E+11,81105,1690374272,878884,959989
2.02305E+11,81275,1690374273,878954,960229
2.02305E+11,81051,1690374274,879160,960211
2.02305E+11,80495,1690374275,877909,958404
2.02305E+11,80825,1690374276,878819,959644
2.02305E+11,81000,1690374277,878776,959776
2.02305E+11,80587,1690374278,877856,958443
2.02305E+11,81060,1690374279,876254,957314
2.02305E+11,80931,1690374280,877363,958294
2.02305E+11,80754,1690374281,877925,958679
2.02305E+11,81187,1690374282,877743,958930
2.02305E+11,81167,1690374283,877792,958959
2.02305E+11,80978,1690374284,878422,959400
2.02305E+11,80871,1690374285,877956,958827
2.02305E+11,81242,1690374286,878079,959321
2.02305E+11,80605,1690374287,877624,958229
2.02305E+11,80794,1690374288,878110,958904
2.02305E+11,81214,1690374289,879140,960354
2.02305E+11,80812,1690374290,879193,960005
2.02305E+11,80814,1690374291,879157,959971
2.02305E+11,80806,1690374292,877652,958458
2.02305E+11,80765,1690374293,878009,958774
2.02305E+11,80778,1690374294,877805,958583
2.02305E+11,80704,1690374295,877813,958517
2.02305E+11,81048,1690374296,875625,956673
2.02305E+11,80713,1690374297,877270,957983
2.02305E+11,80975,1690374298,877701,958676
2.02305E+11,81080,1690374299,876746,957826
2.02305E+11,80947,1690374300,877484,958431
2.02305E+11,81048,1690374301,878281,959329
2.02305E+11,81023,1690374302,879395,960418
2.02305E+11,81359,1690374303,878876,960235
2.02305E+11,80796,1690374304,877660,958456
2.02305E+11,81029,1690374305,879176,960205
2.02305E+11,81104,1690374306,878445,959549
2.02305E+11,81191,1690374307,878041,959232
2.02305E+11,81541,1690374308,877838,959379
2.02305E+11,81226,1690374309,877624,958850
2.02305E+11,81259,1690374310,878242,959501
2.02305E+11,81072,1690374311,877524,958596
2.02305E+11,81116,1690374312,878205,959321
2.02305E+11,80507,1690374313,878858,959365
2.02305E+11,81443,1690374314,878373,959816
2.02305E+11,80748,1690374315,878580,959328
2.02305E+11,80942,1690374316,877096,958038
2.02305E+11,80930,1690374317,878961,959891
2.02305E+11,81106,1690374318,879673,960779
2.02305E+11,80802,1690374319,879728,960530
2.02305E+11,81089,1690374320,880248,961337
2.02305E+11,80871,1690374321,878457,959328
2.02305E+11,81098,1690374322,878514,959612
2.02305E+11,81225,1690374323,878298,959523
2.02305E+11,81165,1690374324,877824,958989
2.02305E+11,80906,1690374325,875986,956892
2.02305E+11,81215,1690374326,878293,959508
2.02305E+11,81015,1690374327,877349,958364
2.02305E+11,81009,1690374328,879523,960532
2.02305E+11,81005,1690374329,879266,960271
2.02305E+11,80657,1690374330,879509,960166
2.02305E+11,81191,1690374331,879892,961083
2.02305E+11,81228,1690374332,880219,961447
2.02305E+11,81093,1690374333,880261,961354
2.02305E+11,80977,1690374334,878913,959890
2.02305E+11,80771,1690374335,879523,960294
2.02305E+11,81108,1690374336,880274,961382
2.02305E+11,80640,1690374337,878810,959450
2.02305E+11,80770,1690374338,878613,959383
2.02305E+11,81155,1690374339,878428,959583
2.02305E+11,80652,1690374340,877773,958425
2.02305E+11,80887,1690374341,878613,959500
2.02305E+11,81179,1690374342,878325,959504
2.02305E+11,80865,1690374343,878532,959397
2.02305E+11,80861,1690374344,878394,959255
2.02305E+11,81122,1690374345,878780,959902
2.02305E+11,81245,1690374346,878897,960142
2.02305E+11,80934,1690374347,878792,959726
2.02305E+11,80679,1690374348,878916,959595
2.02305E+11,81113,1690374349,878879,959992
2.02305E+11,81286,1690374350,878569,959855
2.02305E+11,80270,1690374351,879576,959846
2.02305E+11,81270,1690374352,878911,960181
2.02305E+11,81205,1690374353,878906,960111
2.02305E+11,81013,1690374354,879141,960154
2.02305E+11,80845,1690374355,878155,959000
2.02305E+11,81173,1690374356,877932,959105
2.02305E+11,81070,1690374357,879014,960084
2.02305E+11,80973,1690374358,879274,960247
2.02305E+11,81203,1690374359,878996,960199
2.02305E+11,80881,1690374360,879303,960184
2.02305E+11,81088,1690374361,877417,958505
2.02305E+11,81118,1690374362,878172,959290
2.02305E+11,81090,1690374363,878892,959982
2.02305E+11,81091,1690374364,879709,960800
2.02305E+11,81322,1690374365,879773,961095
2.02305E+11,81066,1690374366,879255,960321
2.02305E+11,81041,1690374367,878438,959479
2.02305E+11,81230,1690374368,878151,959381
2.02305E+11,80988,1690374369,878203,959191
2.02305E+11,81053,1690374370,879358,960411
2.02305E+11,81126,1690374371,879521,960647
2.02305E+11,80880,1690374372,878417,959297
2.02305E+11,81241,1690374373,878897,960138
2.02305E+11,80530,1690374374,878410,958940
2.02305E+11,80709,1690374375,878214,958923
2.02305E+11,80943,1690374376,878853,959796
2.02305E+11,80957,1690374377,878474,959431
2.02305E+11,81176,1690374378,878249,959425
2.02305E+11,81099,1690374379,878716,959815
2.02305E+11,80932,1690374380,880046,960978
2.02305E+11,81236,1690374381,879869,961105
2.02305E+11,80614,1690374382,878978,959592
2.02305E+11,81346,1690374383,880012,961358
2.02305E+11,81410,1690374384,879595,961005
2.02305E+11,81012,1690374385,879698,960710
2.02305E+11,81357,1690374386,879523,960880
2.02305E+11,80606,1690374387,880351,960957
2.02305E+11,81075,1690374388,880074,961149
2.02305E+11,80264,1690374389,880274,960538
2.02305E+11,81010,1690374390,879735,960745
2.02305E+11,80976,1690374391,880421,961397
2.02305E+11,80556,1690374392,878521,959077
2.02305E+11,80981,1690374393,876246,957227
2.02305E+11,80973,1690374394,876559,957532
2.02305E+11,80570,1690374395,876643,957213
2.02305E+11,80682,1690374396,877711,958393
2.02305E+11,80947,1690374397,877981,958928
2.02305E+11,80839,1690374398,877681,958520
2.02305E+11,80960,1690374399,878098,959058
2.02305E+11,80921,1690374400,878750,959671
2.02305E+11,80937,1690374401,879375,960312
2.02305E+11,80698,1690374402,879084,959782
2.02305E+11,80590,1690374403,878239,958829
2.02305E+11,80456,1690374404,877215,957671
2.02305E+11,80843,1690374405,876520,957363
2.02305E+11,81128,1690374406,879057,960185
2.02305E+11,81123,1690374407,879940,961063
2.02305E+11,81147,1690374408,879100,960247
2.02305E+11,81235,1690374409,880472,961707
2.02305E+11,81245,1690374410,880826,962071
2.02305E+11,81260,1690374411,879911,961171
2.02305E+11,80729,1690374412,880052,960781
2.02305E+11,80874,1690374413,880129,961003
2.02305E+11,81148,1690374414,880480,961628
2.02305E+11,81335,1690374415,881143,962478
2.02305E+11,81227,1690374416,880955,962182
2.02305E+11,81216,1690374417,880599,961815
2.02305E+11,81338,1690374417,879899,961237
2.02305E+11,80969,1690374419,880564,961533
2.02305E+11,81213,1690374420,879634,960847
2.02305E+11,80995,1690374421,879287,960282
2.02305E+11,81156,1690374422,877918,959074
2.02305E+11,80994,1690374423,878363,959357
2.02305E+11,80884,1690374424,879257,960141
2.02305E+11,80895,1690374425,879448,960343
2.02305E+11,80718,1690374426,879672,960390
2.02305E+11,81257,1690374427,879606,960863
2.02305E+11,81168,1690374428,879968,961136
2.02305E+11,80697,1690374429,880249,960946
2.02305E+11,80914,1690374430,881016,961930
2.02305E+11,81037,1690374431,881678,962715
2.02305E+11,80520,1690374432,880874,961394
2.02305E+11,80560,1690374433,880461,961021
2.02305E+11,81146,1690374434,880430,961576
2.02305E+11,80855,1690374435,879839,960694
2.02305E+11,80444,1690374436,880008,960452
2.02305E+11,80829,1690374437,880222,961051
2.02305E+11,80959,1690374438,880121,961080
2.02305E+11,80756,1690374439,879054,959810
2.02305E+11,80976,1690374440,879252,960228
2.02305E+11,81253,1690374441,878930,960183
2.02305E+11,80833,1690374442,879157,959990
2.02305E+11,80794,1690374443,879315,960109
2.02305E+11,80792,1690374444,879938,960730
2.02305E+11,80934,1690374445,879599,960533
2.02305E+11,80894,1690374446,880002,960896
2.02305E+11,80452,1690374447,879999,960451
2.02305E+11,81039,1690374448,879837,960876
2.02305E+11,80596,1690374449,880133,960729
2.02305E+11,81014,1690374450,880880,961894
2.02305E+11,81149,1690374451,880677,961826
2.02305E+11,80964,1690374452,879710,960674
2.02305E+11,81215,1690374453,880860,962075
2.02305E+11,81450,1690374454,880421,961871
2.02305E+11,81039,1690374455,881037,962076
2.02305E+11,80776,1690374456,880329,961105
2.02305E+11,81026,1690374457,881106,962132
2.02305E+11,81286,1690374458,880419,961705
2.02305E+11,80945,1690374459,880257,961202
2.02305E+11,81158,1690374460,880119,961277
2.02305E+11,80943,1690374461,879676,960619
2.02305E+11,81114,1690374462,879447,960561
2.02305E+11,80983,1690374463,879903,960886
2.02305E+11,81329,1690374464,880630,961959
2.02305E+11,81268,1690374465,879520,960788
2.02305E+11,81268,1690374466,880430,961698
2.02305E+11,80802,1690374467,880621,961423
2.02305E+11,81031,1690374468,879902,960933
2.02305E+11,81102,1690374469,879949,961051
2.02305E+11,81242,1690374470,879343,960585
2.02305E+11,80766,1690374471,880325,961091
2.02305E+11,81168,1690374472,879622,960790
2.02305E+11,80759,1690374473,880865,961624
2.02305E+11,81078,1690374474,881039,962117
2.02305E+11,80877,1690374475,880773,961650
2.02305E+11,80730,1690374476,880011,960741
2.02305E+11,80675,1690374477,879434,960109
2.02305E+11,80724,1690374478,880269,960993
2.02305E+11,80758,1690374479,879961,960719
2.02305E+11,80819,1690374480,879589,960408
2.02305E+11,80298,1690374481,879479,959777
2.02305E+11,80814,1690374482,879868,960682
2.02305E+11,80831,1690374483,878843,959674
2.02305E+11,80526,1690374484,879595,960121
2.02305E+11,81097,1690374485,880446,961543
2.02305E+11,80664,1690374486,879431,960095
2.02305E+11,80895,1690374487,878148,959043
2.02305E+11,81322,1690374488,878865,960187
2.02305E+11,80873,1690374489,879086,959959
2.02305E+11,81029,1690374490,879368,960397
2.02305E+11,81248,1690374491,880229,961477
2.02305E+11,81050,1690374492,880615,961665
2.02305E+11,80553,1690374493,879114,959667
2.02305E+11,81033,1690374494,879784,960817
2.02305E+11,81126,1690374495,879638,960764
2.02305E+11,81071,1690374496,879974,961045
2.02305E+11,81493,1690374497,880348,961841
2.02305E+11,81368,1690374498,878545,959913
2.02305E+11,80705,1690374499,877914,958619
2.02305E+11,81197,1690374500,879123,960320
2.02305E+11,81072,1690374501,879784,960856
2.02305E+11,81018,1690374502,879743,960761
2.02305E+11,81065,1690374503,880190,961255
2.02305E+11,81033,1690374504,880457,961490
2.02305E+11,80895,1690374505,879982,960877
2.02305E+11,80937,1690374506,880867,961804
2.02305E+11,80855,1690374507,881299,962154
2.02305E+11,81012,1690374508,879691,960703
2.02305E+11,81071,1690374509,879958,961029
2.02305E+11,81474,1690374510,880459,961933
2.02305E+11,81071,1690374511,880307,961378
2.02305E+11,80646,1690374512,879335,959981
2.02305E+11,81102,1690374513,879756,960858
2.02305E+11,80996,1690374514,880009,961005
2.02305E+11,81003,1690374515,879130,960133
2.02305E+11,80922,1690374516,880175,961097
2.02305E+11,81506,1690374517,879788,961294
2.02305E+11,81228,1690374518,878398,959626
2.02305E+11,80944,1690374519,880085,961029
2.02305E+11,80934,1690374520,880019,960953
2.02305E+11,80962,1690374521,880147,961109
2.02305E+11,80873,1690374522,880556,961429
2.02305E+11,80897,1690374523,879891,960788
2.02305E+11,81124,1690374524,879640,960764
2.02305E+11,80965,1690374525,882183,963148
2.02305E+11,81105,1690374526,880934,962039
2.02305E+11,81129,1690374527,881139,962268
2.02305E+11,80729,1690374528,880539,961268
2.02305E+11,81009,1690374529,878389,959398
2.02305E+11,81183,1690374530,879566,960749
2.02305E+11,80843,1690374531,879741,960584
2.02305E+11,81095,1690374532,880919,962014
2.02305E+11,81127,1690374533,880271,961398
2.02305E+11,81338,1690374534,881534,962872
2.02305E+11,80918,1690374535,881376,962294
2.02305E+11,80955,1690374536,541073,622028
2.02305E+11,80536,1690374537,541173,621709
2.02305E+11,80705,1690374538,540839,621544
2.02305E+11,80826,1690374539,541163,621989
2.02305E+11,80605,1690374540,540586,621191
2.02305E+11,80636,1690374541,540262,620898
2.02305E+11,80812,1690374542,539365,620177
2.02305E+11,81240,1690374543,540075,621315
2.02305E+11,81161,1690374544,540110,621271
2.02305E+11,80799,1690374545,539924,620723
2.02305E+11,81148,1690374546,539562,620710
2.02305E+11,80935,1690374547,541050,621985
2.02305E+11,81041,1690374548,540754,621795
2.02305E+11,80669,1690374549,540967,621636
2.02305E+11,81102,1690374550,540859,621961
2.02305E+11,81195,1690374551,541049,622244
2.02305E+11,81290,1690374552,541591,622881
2.02305E+11,80998,1690374553,540873,621871
2.02305E+11,80778,1690374554,540951,621729
2.02305E+11,80992,1690374555,540914,621906
2.02305E+11,81098,1690374556,541184,622282
2.02305E+11,81252,1690374557,540902,622154
2.02305E+11,80997,1690374558,540937,621934
2.02305E+11,80791,1690374559,541180,621971
2.02305E+11,80971,1690374560,541045,622016
2.02305E+11,80699,1690374561,540942,621641
2.02305E+11,80975,1690374562,540516,621491
2.02305E+11,80880,1690374563,540986,621866
2.02305E+11,81053,1690374564,540588,621641
2.02305E+11,80794,1690374565,540531,621325
2.02305E+11,80918,1690374566,540128,621046
2.02305E+11,81228,1690374567,540067,621295
2.02305E+11,81006,1690374568,540245,621251
2.02305E+11,80772,1690374569,540303,621075
2.02305E+11,81001,1690374570,539733,620734
2.02305E+11,80518,1690374571,540728,621246
2.02305E+11,80844,1690374572,540587,621431
2.02305E+11,80901,1690374573,541185,622086
2.02305E+11,80867,1690374574,540885,621752
2.02305E+11,80767,1690374575,540212,620979
2.02305E+11,81141,1690374576,539936,621077
2.02305E+11,81013,1690374577,540214,621227
2.02305E+11,80997,1690374578,539445,620442
2.02305E+11,80793,1690374579,540673,621466
2.02305E+11,80905,1690374580,540667,621572
2.02305E+11,80627,1690374581,540645,621272
2.02305E+11,80944,1690374582,540091,621035
2.02305E+11,80619,1690374583,540362,620981
2.02305E+11,81135,1690374584,540704,621839
2.02305E+11,81237,1690374585,540034,621271
2.02305E+11,81158,1690374586,541230,622388
2.02305E+11,81153,1690374587,540480,621633
2.02305E+11,81078,1690374588,540650,621728
2.02305E+11,80742,1690374589,540825,621567
2.02305E+11,81227,1690374590,540892,622119
2.02305E+11,81274,1690374591,539552,620826
2.02305E+11,80723,1690374592,540455,621178
2.02305E+11,80779,1690374593,538725,619504
2.02305E+11,81355,1690374594,540108,621463
2.02305E+11,80991,1690374595,539734,620725
2.02305E+11,80833,1690374596,539768,620601
2.02305E+11,80881,1690374597,540022,620903
2.02305E+11,80803,1690374598,539954,620757
2.02305E+11,80940,1690374599,540563,621503
2.02305E+11,80887,1690374600,540414,621301
2.02305E+11,80958,1690374601,540033,620991
2.02305E+11,80956,1690374602,540235,621191
2.02305E+11,80904,1690374603,540292,621196
2.02305E+11,80258,1690374604,539744,620002
2.02305E+11,80805,1690374605,539499,620304
2.02305E+11,80840,1690374606,538184,619024
2.02305E+11,80976,1690374607,538154,619130
2.02305E+11,80485,1690374608,539806,620291
2.02305E+11,80904,1690374609,539101,620005
2.02305E+11,80597,1690374611,539787,620384
2.02305E+11,80851,1690374612,540304,621155
2.02305E+11,80278,1690374613,539662,619940
2.02305E+11,80407,1690374614,539733,620140
2.02305E+11,80736,1690374615,540454,621190
2.02305E+11,80627,1690374616,540070,620697
2.02305E+11,80305,1690374617,540652,620957
2.02305E+11,80972,1690374618,540245,621217
2.02305E+11,81233,1690374619,539986,621219
2.02305E+11,80748,1690374621,539813,620561
2.02305E+11,81095,1690374622,539327,620422
2.02305E+11,81113,1690374623,539713,620826
2.02305E+11,80974,1690374624,539621,620595
2.02305E+11,81309,1690374625,539285,620594
2.02305E+11,80953,1690374626,539640,620593
2.02305E+11,80913,1690374627,539370,620283
2.02305E+11,81016,1690374628,540337,621353
2.02305E+11,81042,1690374629,539813,620855
2.02305E+11,80900,1690374630,540205,621105
2.02305E+11,81710,1690374631,539957,621667
2.02305E+11,80664,1690374632,539849,620513
2.02305E+11,81042,1690374633,539516,620558
2.02305E+11,80979,1690374634,539340,620319
2.02305E+11,80663,1690374635,538915,619578
2.02305E+11,80680,1690374636,539114,619794
2.02305E+11,80790,1690374637,538095,618885
2.02305E+11,80308,1690374638,538583,618891
2.02305E+11,80470,1690374639,539754,620224
2.02305E+11,80590,1690374640,539038,619628
2.02305E+11,80563,1690374641,539635,620198
2.02305E+11,80792,1690374642,540149,620941
2.02305E+11,80928,1690374643,540796,621724
2.02305E+11,80608,1690374644,539925,620533
2.02305E+11,80601,1690374645,539967,620568
2.02305E+11,81003,1690374646,540080,621083
2.02305E+11,80183,1690374647,539839,620022
2.02305E+11,80438,1690374648,540121,620559
2.02305E+11,80565,1690374649,539230,619795
2.02305E+11,80626,1690374650,539275,619901
2.02305E+11,81095,1690374651,539606,620701
2.02305E+11,81324,1690374652,538975,620299
2.02305E+11,81031,1690374653,538590,619621
2.02305E+11,81097,1690374654,538852,619949
2.02305E+11,80842,1690374655,539487,620329
2.02305E+11,80922,1690374656,538670,619592
2.02305E+11,81183,1690374657,540144,621327
2.02305E+11,81136,1690374658,539683,620819
2.02305E+11,80516,1690374659,539537,620053
2.02305E+11,81196,1690374660,539699,620895
2.02305E+11,81068,1690374661,540812,621880
2.02305E+11,80796,1690374662,539785,620581
2.02305E+11,81053,1690374663,539286,620339
2.02305E+11,80784,1690374664,539401,620185
2.02305E+11,80802,1690374665,538943,619745
2.02305E+11,80669,1690374666,539648,620317
2.02305E+11,80927,1690374667,539413,620340
2.02305E+11,80534,1690374668,539893,620427
2.02305E+11,80876,1690374669,538750,619626
2.02305E+11,80754,1690374670,539174,619928
2.02305E+11,80718,1690374671,539267,619985
2.02305E+11,80886,1690374672,539830,620716
2.02305E+11,80495,1690374673,540758,621253
2.02305E+11,80784,1690374674,540383,621167
2.02305E+11,80707,1690374675,540238,620945
2.02305E+11,80964,1690374676,540371,621335
2.02305E+11,80938,1690374677,540114,621052
2.02305E+11,80687,1690374678,539639,620326
2.02305E+11,80842,1690374679,539693,620535
2.02305E+11,80802,1690374680,538987,619789
2.02305E+11,80878,1690374681,538512,619390
2.02305E+11,80435,1690374682,538132,618567
2.02305E+11,80751,1690374683,538184,618935
2.02305E+11,80761,1690374684,539106,619867
2.02305E+11,80735,1690374685,539789,620524
2.02305E+11,80773,1690374686,539264,620037
2.02305E+11,80578,1690374687,539216,619794
2.02305E+11,80924,1690374688,539345,620269
2.02305E+11,80658,1690374689,540373,621031
2.02305E+11,80894,1690374690,540039,620933
2.02305E+11,81048,1690374691,540175,621223
2.02305E+11,81068,1690374692,540062,621130
2.02305E+11,80626,1690374693,539037,619663
2.02305E+11,80560,1690374694,539034,619594
2.02305E+11,80944,1690374695,538938,619882
2.02305E+11,80769,1690374696,538772,619541
2.02305E+11,81275,1690374697,538627,619902
2.02305E+11,80741,1690374698,538269,619010
2.02305E+11,81143,1690374699,538516,619659
2.02305E+11,81091,1690374700,539262,620353
2.02305E+11,80978,1690374701,538909,619887
2.02305E+11,81007,1690374702,539600,620607
2.02305E+11,80407,1690374703,539895,620302
2.02305E+11,81125,1690374704,540000,621125
2.02305E+11,81116,1690374705,539642,620758
2.02305E+11,80914,1690374706,540498,621412
2.02305E+11,81007,1690374707,540099,621106
2.02305E+11,81100,1690374708,539367,620467
2.02305E+11,81049,1690374709,539350,620399
2.02305E+11,80861,1690374710,539404,620265
2.02305E+11,80934,1690374711,539062,619996
2.02305E+11,80936,1690374712,538759,619695
2.02305E+11,80660,1690374713,539956,620616
2.02305E+11,80574,1690374714,539612,620186
2.02305E+11,80357,1690374715,540063,620420
2.02305E+11,80942,1690374716,539351,620293
2.02305E+11,80814,1690374717,539354,620168
2.02305E+11,80845,1690374717,540153,620998
2.02305E+11,80650,1690374718,539943,620593
2.02305E+11,80857,1690374720,540947,621804
2.02305E+11,80999,1690374721,539162,620161
2.02305E+11,81122,1690374722,539279,620401
2.02305E+11,81104,1690374723,539540,620644
2.02305E+11,80666,1690374724,538872,619538
2.02305E+11,80967,1690374725,539215,620182
2.02305E+11,80756,1690374726,538761,619517
2.02305E+11,81458,1690374727,538533,619991
2.02305E+11,80846,1690374728,539376,620222
2.02305E+11,80758,1690374729,539332,620090
2.02305E+11,81175,1690374730,540111,621286
2.02305E+11,81225,1690374731,539722,620947
2.02305E+11,80763,1690374732,540332,621095
2.02305E+11,81125,1690374733,538908,620033
2.02305E+11,80974,1690374734,539901,620875
2.02305E+11,80904,1690374735,540550,621454
2.02305E+11,80817,1690374736,540680,621497
2.02305E+11,80500,1690374737,540613,621113
2.02305E+11,81065,1690374738,539629,620694
2.02305E+11,80810,1690374739,540390,621200
2.02305E+11,80612,1690374740,539674,620286
2.02305E+11,80638,1690374741,539742,620380
2.02305E+11,80840,1690374742,539603,620443
2.02305E+11,80920,1690374743,539377,620297
2.02305E+11,80700,1690374744,539422,620122
2.02305E+11,80907,1690374745,538788,619695
2.02305E+11,81028,1690374746,538792,619820
2.02305E+11,80557,1690374747,539310,619867
2.02305E+11,80671,1690374748,539170,619841
2.02305E+11,80350,1690374749,539179,619529
2.02305E+11,80614,1690374750,539752,620366
2.02305E+11,80830,1690374751,538795,619625
2.02305E+11,80400,1690374752,538595,618995
2.02305E+11,80558,1690374753,539444,620002
2.02305E+11,80400,1690374754,539261,619661
2.02305E+11,80416,1690374755,539634,620050
2.02305E+11,80764,1690374756,539002,619766
2.02305E+11,80918,1690374757,539541,620459
2.02305E+11,80643,1690374758,538983,619626
2.02305E+11,80538,1690374759,538459,618997
2.02305E+11,80913,1690374760,539144,620057
2.02305E+11,80446,1690374761,539191,619637
2.02305E+11,81015,1690374762,538322,619337
2.02305E+11,80932,1690374764,538664,619596
2.02305E+11,81204,1690374765,538496,619700
2.02305E+11,81494,1690374766,538466,619960
2.02305E+11,81121,1690374767,538843,619964
2.02305E+11,81603,1690374768,539357,620960
2.02305E+11,80927,1690374769,539867,620794
2.02305E+11,80976,1690374770,539793,620769
2.02305E+11,80793,1690374771,539905,620698
2.02305E+11,81128,1690374772,539168,620296
2.02305E+11,81158,1690374773,539581,620739
2.02305E+11,81016,1690374774,539757,620773
2.02305E+11,80794,1690374775,539281,620075
2.02305E+11,81087,1690374776,539081,620168
2.02305E+11,81064,1690374777,539177,620241
2.02305E+11,81000,1690374778,539355,620355
2.02305E+11,80797,1690374779,539453,620250
2.02305E+11,81285,1690374780,539146,620431
2.02305E+11,81138,1690374781,538510,619648
2.02305E+11,80854,1690374782,539095,619949
2.02305E+11,80560,1690374783,538429,618989
2.02305E+11,81047,1690374784,539926,620973
2.02305E+11,80946,1690374785,539391,620337
2.02305E+11,81021,1690374786,538947,619968
2.02305E+11,80780,1690374787,538597,619377
2.02305E+11,80875,1690374788,538729,619604
2.02305E+11,80944,1690374789,539364,620308
2.02305E+11,80678,1690374790,539475,620153
2.02305E+11,80968,1690374791,540047,621015
2.02305E+11,81094,1690374792,539109,620203
2.02305E+11,81278,1690374793,539408,620686
2.02305E+11,80788,1690374794,539558,620346
2.02305E+11,81040,1690374795,539495,620535
2.02305E+11,80261,1690374796,540144,620405
2.02305E+11,80722,1690374797,538893,619615
2.02305E+11,81181,1690374798,539069,620250
2.02305E+11,81065,1690374799,539340,620405
2.02305E+11,80997,1690374800,538664,619661
2.02305E+11,80737,1690374801,538429,619166
2.02305E+11,80892,1690374802,539066,619958
2.02305E+11,80780,1690374803,539773,620553
2.02305E+11,80260,1690374804,540161,620421
2.02305E+11,80697,1690374805,539292,619989
2.02305E+11,81110,1690374806,540095,621205
2.02305E+11,80970,1690374807,539151,620121
2.02305E+11,80910,1690374808,539368,620278
2.02305E+11,81254,1690374809,539549,620803
2.02305E+11,81093,1690374810,539779,620872
2.02305E+11,81083,1690374811,0,81083
2.02305E+11,80991,1690374812,0,80991
2.02305E+11,81086,1690374813,0,81086
2.02305E+11,81069,1690374814,0,81069
2.02305E+11,81130,1690374815,0,81130
2.02305E+11,80891,1690374816,0,80891
2.02305E+11,80869,1690374817,0,80869
2.02305E+11,80732,1690374818,542094,622826
2.02305E+11,80675,1690374819,538211,618886
2.02305E+11,80709,1690374820,538596,619305
2.02305E+11,80831,1690374821,538409,619240
2.02305E+11,80643,1690374822,537895,618538
2.02305E+11,80820,1690374823,537586,618406
2.02305E+11,80822,1690374824,537894,618716
2.02305E+11,80799,1690374825,537961,618760
2.02305E+11,80641,1690374826,537527,618168
2.02305E+11,80537,1690374827,537263,617800
2.02305E+11,80754,1690374828,537408,618162
2.02305E+11,80497,1690374829,538320,618817
2.02305E+11,80427,1690374830,537050,617477
2.02305E+11,80528,1690374831,536210,616738
2.02305E+11,80734,1690374832,536640,617374
2.02305E+11,80873,1690374833,537368,618241
2.02305E+11,80921,1690374834,537965,618886
2.02305E+11,80959,1690374835,537037,617996
2.02305E+11,80776,1690374836,536828,617604
2.02305E+11,80983,1690374837,537829,618812
2.02305E+11,80477,1690374838,537965,618442
2.02305E+11,80901,1690374839,538403,619304
2.02305E+11,80876,1690374840,538574,619450
2.02305E+11,80978,1690374841,538310,619288
2.02305E+11,80875,1690374842,538034,618909
2.02305E+11,80608,1690374843,539176,619784
2.02305E+11,80730,1690374844,537664,618394
2.02305E+11,80804,1690374845,538338,619142
2.02305E+11,80657,1690374846,537001,617658
2.02305E+11,80892,1690374847,537485,618377
2.02305E+11,80491,1690374848,537503,617994
2.02305E+11,80570,1690374849,536731,617301
2.02305E+11,80859,1690374850,536865,617724
2.02305E+11,80565,1690374851,536785,617350
2.02305E+11,80852,1690374852,537274,618126
2.02305E+11,80771,1690374853,536416,617187
2.02305E+11,80653,1690374854,535883,616536
2.02305E+11,80622,1690374855,536030,616652
2.02305E+11,80890,1690374856,536490,617380
2.02305E+11,80514,1690374857,536883,617397
2.02305E+11,80709,1690374858,536891,617600
2.02305E+11,80783,1690374859,536340,617123
2.02305E+11,80618,1690374860,536200,616818
2.02305E+11,80698,1690374861,536259,616957
2.02305E+11,81177,1690374862,536591,617768
2.02305E+11,81225,1690374863,536705,617930
2.02305E+11,81082,1690374864,537295,618377
2.02305E+11,80720,1690374865,536997,617717
2.02305E+11,80873,1690374866,537194,618067
2.02305E+11,81094,1690374867,537029,618123
2.02305E+11,81067,1690374868,536948,618015
2.02305E+11,81141,1690374869,536114,617255
2.02305E+11,80855,1690374870,537021,617876
2.02305E+11,80974,1690374871,536106,617080
2.02305E+11,80902,1690374872,535766,616668
2.02305E+11,80846,1690374873,535696,616542
2.02305E+11,80860,1690374874,535450,616310
2.02305E+11,80868,1690374875,536110,616978
2.02305E+11,80464,1690374876,536403,616867
2.02305E+11,80930,1690374877,536287,617217
2.02305E+11,80847,1690374878,536907,617754
2.02305E+11,80802,1690374879,536801,617603
2.02305E+11,80839,1690374880,537507,618346
2.02305E+11,80812,1690374881,537210,618022
2.02305E+11,80863,1690374882,536427,617290
2.02305E+11,80997,1690374883,536674,617671
2.02305E+11,80516,1690374884,536516,617032
2.02305E+11,80839,1690374885,536316,617155
2.02305E+11,80719,1690374886,535953,616672
2.02305E+11,80776,1690374887,536462,617238
2.02305E+11,80815,1690374888,535936,616751
2.02305E+11,80778,1690374889,535714,616492
2.02305E+11,80825,1690374890,536005,616830
2.02305E+11,80929,1690374891,535807,616736
2.02305E+11,80770,1690374892,536331,617101
2.02305E+11,81073,1690374893,535842,616915
2.02305E+11,81156,1690374894,536527,617683
2.02305E+11,80742,1690374895,537395,618137
2.02305E+11,80671,1690374896,536813,617484
2.02305E+11,81082,1690374897,536638,617720
2.02305E+11,80703,1690374898,536293,616996
2.02305E+11,80588,1690374899,535399,615987
2.02305E+11,80803,1690374900,536434,617237
2.02305E+11,80984,1690374901,536432,617416
2.02305E+11,81270,1690374902,535673,616943
2.02305E+11,80627,1690374903,536158,616785
2.02305E+11,81041,1690374904,535051,616092
2.02305E+11,81374,1690374905,535938,617312
2.02305E+11,80769,1690374906,536040,616809
2.02305E+11,80989,1690374907,536011,617000
2.02305E+11,81247,1690374908,535561,616808
2.02305E+11,81278,1690374909,537081,618359
2.02305E+11,81188,1690374910,536782,617970
2.02305E+11,81126,1690374911,536207,617333
2.02305E+11,80822,1690374912,536558,617380
2.02305E+11,80686,1690374913,535306,615992
2.02305E+11,80802,1690374914,536020,616822
2.02305E+11,80571,1690374915,535672,616243
2.02305E+11,80439,1690374916,536707,617146
2.02305E+11,80436,1690374917,536867,617303
2.02305E+11,80748,1690374918,536350,617098
2.02305E+11,80502,1690374919,536645,617147
2.02305E+11,80292,1690374920,535664,615956
2.02305E+11,80413,1690374921,535818,616231
2.02305E+11,80578,1690374922,535086,615664
2.02305E+11,80597,1690374923,535009,615606
2.02305E+11,80445,1690374924,535728,616173
2.02305E+11,80855,1690374925,535243,616098
2.02305E+11,80718,1690374926,534585,615303
2.02305E+11,80864,1690374927,534258,615122
2.02305E+11,80603,1690374928,534888,615491
2.02305E+11,81268,1690374929,534881,616149
2.02305E+11,80960,1690374930,534939,615899
2.02305E+11,81240,1690374931,534498,615738
2.02305E+11,80758,1690374932,536590,617348
2.02305E+11,81073,1690374933,536329,617402
2.02305E+11,80633,1690374934,536785,617418
2.02305E+11,80747,1690374935,536967,617714
2.02305E+11,81185,1690374936,536418,617603
2.02305E+11,81039,1690374937,536472,617511
2.02305E+11,81306,1690374938,536258,617564
2.02305E+11,80813,1690374939,535827,616640
2.02305E+11,80877,1690374940,535941,616818
2.02305E+11,81084,1690374941,534659,615743
2.02305E+11,81204,1690374942,534935,616139
2.02305E+11,80541,1690374943,535841,616382
2.02305E+11,80410,1690374944,535307,615717
2.02305E+11,80700,1690374945,535906,616606
2.02305E+11,80578,1690374946,535709,616287
2.02305E+11,81060,1690374947,535720,616780
2.02305E+11,81018,1690374948,535853,616871
2.02305E+11,81161,1690374949,536363,617524
2.02305E+11,81272,1690374950,536222,617494
2.02305E+11,80706,1690374951,536961,617667
2.02305E+11,80961,1690374952,536935,617896
2.02305E+11,81289,1690374953,536674,617963
2.02305E+11,80982,1690374954,536313,617295
2.02305E+11,81051,1690374955,537069,618120
2.02305E+11,80732,1690374956,536295,617027
2.02305E+11,80827,1690374957,537590,618417
2.02305E+11,80924,1690374958,536974,617898
2.02305E+11,81098,1690374959,536576,617674
2.02305E+11,80887,1690374960,537149,618036
2.02305E+11,80980,1690374961,537609,618589
2.02305E+11,80778,1690374962,537696,618474
2.02305E+11,80625,1690374963,536658,617283
2.02305E+11,80897,1690374964,536796,617693
2.02305E+11,80251,1690374965,535139,615390
2.02305E+11,80643,1690374966,535242,615885
2.02305E+11,80767,1690374967,534069,614836
2.02305E+11,81056,1690374968,533779,614835
2.02305E+11,80971,1690374969,533748,614719
2.02305E+11,81052,1690374970,534396,615448
2.02305E+11,80290,1690374971,534387,614677
2.02305E+11,80522,1690374972,535144,615666
2.02305E+11,80537,1690374973,534758,615295
2.02305E+11,80586,1690374974,534529,615115
2.02305E+11,80693,1690374975,534584,615277
2.02305E+11,80818,1690374976,535061,615879
2.02305E+11,80905,1690374977,536133,617038
2.02305E+11,80767,1690374978,535885,616652
2.02305E+11,80241,1690374979,536166,616407
2.02305E+11,80573,1690374980,536182,616755
2.02305E+11,80577,1690374981,535818,616395
2.02305E+11,80800,1690374982,534762,615562
2.02305E+11,80701,1690374983,535143,615844
2.02305E+11,80035,1690374984,535819,615854
2.02305E+11,80938,1690374985,535947,616885
2.02305E+11,80799,1690374986,534962,615761
2.02305E+11,80947,1690374987,535286,616233
2.02305E+11,80989,1690374988,535684,616673
2.02305E+11,80835,1690374989,536029,616864
2.02305E+11,80924,1690374990,536188,617112
2.02305E+11,80547,1690374991,535398,615945
2.02305E+11,81053,1690374992,536172,617225
2.02305E+11,80778,1690374993,535297,616075
2.02305E+11,81031,1690374994,535946,616977
2.02305E+11,81383,1690374995,535953,617336
2.02305E+11,80884,1690374996,535778,616662
2.02305E+11,81131,1690374997,535944,617075
2.02305E+11,81123,1690374998,535849,616972
2.02305E+11,81221,1690374999,535502,616723
2.02305E+11,81241,1690375000,536015,617256
2.02305E+11,80897,1690375001,536506,617403
2.02305E+11,81048,1690375002,536175,617223
2.02305E+11,81118,1690375003,534928,616046
2.02305E+11,81110,1690375004,535912,617022
2.02305E+11,80916,1690375005,535709,616625
2.02305E+11,80395,1690375006,535194,615589
2.02305E+11,80923,1690375007,535631,616554
2.02305E+11,80761,1690375008,535127,615888
2.02305E+11,81364,1690375009,535486,616850
2.02305E+11,81171,1690375010,535261,616432
2.02305E+11,80976,1690375011,535235,616211
2.02305E+11,80924,1690375012,534866,615790
2.02305E+11,80767,1690375014,533895,614662
2.02305E+11,80968,1690375015,534632,615600
2.02305E+11,80804,1690375016,535027,615831
2.02305E+11,81056,1690375017,534649,615705
2.02305E+11,81265,1690375018,534605,615870
2.02305E+11,80980,1690375018,534753,615733
2.02305E+11,81300,1690375020,534862,616162
2.02305E+11,81064,1690375021,533993,615057
2.02305E+11,80974,1690375022,1577086,1658060
2.02305E+11,80879,1690375023,1579843,1660722
2.02305E+11,80843,1690375024,1578686,1659529
2.02305E+11,81159,1690375025,534163,615322
2.02305E+11,81027,1690375026,872492,953519
2.02305E+11,80219,1690375027,873156,953375
2.02305E+11,80653,1690375028,872631,953284
2.02305E+11,80756,1690375029,872453,953209
2.02305E+11,80724,1690375030,873218,953942
2.02305E+11,80570,1690375031,873560,954130
2.02305E+11,80449,1690375032,872931,953380
2.02305E+11,80430,1690375033,872926,953356
2.02305E+11,80710,1690375034,873185,953895
2.02305E+11,80777,1690375035,873744,954521
2.02305E+11,80860,1690375036,873661,954521
2.02305E+11,80851,1690375037,873463,954314
2.02305E+11,80945,1690375038,873289,954234
2.02305E+11,80912,1690375039,872996,953908
2.02305E+11,81104,1690375040,872813,953917
2.02305E+11,80925,1690375041,873277,954202
2.02305E+11,81094,1690375042,873700,954794
2.02305E+11,80972,1690375043,873656,954628
2.02305E+11,80886,1690375044,873806,954692
2.02305E+11,80607,1690375045,873573,954180
2.02305E+11,80621,1690375046,872645,953266
2.02305E+11,80904,1690375047,872429,953333
2.02305E+11,80988,1690375048,873224,954212
2.02305E+11,81278,1690375049,873010,954288
2.02305E+11,81080,1690375050,872209,953289
2.02305E+11,80704,1690375051,873041,953745
2.02305E+11,80747,1690375052,873321,954068
2.02305E+11,80668,1690375053,872802,953470
2.02305E+11,80821,1690375054,873413,954234
2.02305E+11,80828,1690375055,874054,954882
2.02305E+11,81057,1690375056,873234,954291
2.02305E+11,81256,1690375057,872927,954183
2.02305E+11,80925,1690375058,871955,952880
2.02305E+11,80963,1690375059,871483,952446
2.02305E+11,81035,1690375060,870337,951372
2.02305E+11,81280,1690375061,870439,951719
2.02305E+11,81017,1690375062,872129,953146
2.02305E+11,81077,1690375063,872339,953416
2.02305E+11,80749,1690375064,872958,953707
2.02305E+11,80545,1690375065,873480,954025
2.02305E+11,80764,1690375066,874090,954854
2.02305E+11,80907,1690375067,876431,957338
2.02305E+11,80697,1690375068,876504,957201
2.02305E+11,80705,1690375069,875560,956265
2.02305E+11,80513,1690375070,874791,955304
2.02305E+11,80975,1690375071,874872,955847
2.02305E+11,80829,1690375072,875717,956546
2.02305E+11,80909,1690375073,874556,955465
2.02305E+11,80292,1690375074,874694,954986
2.02305E+11,80845,1690375075,875062,955907
2.02305E+11,80662,1690375076,875050,955712
2.02305E+11,80833,1690375077,875240,956073
2.02305E+11,80474,1690375078,874903,955377
2.02305E+11,80599,1690375079,875946,956545
2.02305E+11,80776,1690375080,875447,956223
2.02305E+11,80632,1690375081,875533,956165
2.02305E+11,80807,1690375082,874991,955798
2.02305E+11,80780,1690375083,876099,956879
2.02305E+11,80715,1690375084,876203,956918
2.02305E+11,80964,1690375085,876790,957754
2.02305E+11,80945,1690375086,876611,957556
2.02305E+11,80985,1690375087,876804,957789
2.02305E+11,80891,1690375088,876785,957676
2.02305E+11,80170,1690375089,875613,955783
2.02305E+11,80716,1690375090,872768,953484
2.02305E+11,80470,1690375091,874289,954759
2.02305E+11,80650,1690375092,875534,956184
2.02305E+11,80788,1690375093,874782,955570
2.02305E+11,80964,1690375094,875049,956013
2.02305E+11,80806,1690375095,874862,955668
2.02305E+11,80751,1690375096,873571,954322
2.02305E+11,80871,1690375097,873786,954657
2.02305E+11,80635,1690375098,873542,954177
2.02305E+11,80989,1690375099,874318,955307
2.02305E+11,80501,1690375100,875027,955528
2.02305E+11,80496,1690375101,874413,954909
2.02305E+11,80837,1690375102,874289,955126
2.02305E+11,80215,1690375103,875023,955238
2.02305E+11,80286,1690375104,876253,956539
2.02305E+11,80835,1690375105,876642,957477
2.02305E+11,80860,1690375106,875938,956798
2.02305E+11,80556,1690375107,875790,956346
2.02305E+11,80258,1690375108,876742,957000
2.02305E+11,80661,1690375109,876160,956821
2.02305E+11,80463,1690375110,876715,957178
2.02305E+11,80293,1690375111,875915,956208
2.02305E+11,80874,1690375112,876623,957497
2.02305E+11,80705,1690375113,876473,957178
2.02305E+11,80705,1690375114,876172,956877
2.02305E+11,80985,1690375115,875458,956443
2.02305E+11,80377,1690375116,875907,956284
2.02305E+11,80890,1690375117,876305,957195
2.02305E+11,80740,1690375118,875534,956274
2.02305E+11,80646,1690375119,876221,956867
2.02305E+11,80726,1690375120,876435,957161
2.02305E+11,80481,1690375121,874548,955029
2.02305E+11,80786,1690375122,875119,955905
2.02305E+11,80825,1690375123,874791,955616
2.02305E+11,80745,1690375124,875343,956088
2.02305E+11,80597,1690375125,875560,956157
2.02305E+11,80683,1690375126,875504,956187
2.02305E+11,80995,1690375127,876634,957629
2.02305E+11,80450,1690375128,875182,955632
2.02305E+11,80660,1690375129,875048,955708
2.02305E+11,81104,1690375130,875853,956957
2.02305E+11,80906,1690375131,874740,955646
2.02305E+11,80866,1690375132,875169,956035
2.02305E+11,80783,1690375133,875162,955945
2.02305E+11,80976,1690375134,874769,955745
2.02305E+11,80666,1690375135,875546,956212
2.02305E+11,81044,1690375136,875720,956764
2.02305E+11,80980,1690375137,873943,954923
2.02305E+11,81232,1690375138,873943,955175
2.02305E+11,81122,1690375139,874115,955237
2.02305E+11,81231,1690375140,873638,954869
2.02305E+11,80663,1690375141,873309,953972
2.02305E+11,81074,1690375142,873727,954801
2.02305E+11,80812,1690375143,873870,954682
2.02305E+11,80825,1690375144,873726,954551
2.02305E+11,80747,1690375145,873713,954460
2.02305E+11,80949,1690375146,874340,955289
2.02305E+11,81052,1690375147,873953,955005
2.02305E+11,81074,1690375148,873781,954855
2.02305E+11,81133,1690375149,872638,953771
2.02305E+11,80846,1690375150,873956,954802
2.02305E+11,80734,1690375151,872824,953558
2.02305E+11,81128,1690375152,873590,954718
2.02305E+11,80959,1690375153,873437,954396
2.02305E+11,80898,1690375154,874292,955190
2.02305E+11,80558,1690375155,874269,954827
2.02305E+11,80552,1690375156,874959,955511
2.02305E+11,80692,1690375157,874339,955031
2.02305E+11,80995,1690375158,874355,955350
2.02305E+11,80258,1690375159,875446,955704
2.02305E+11,80780,1690375160,876152,956932
2.02305E+11,80590,1690375161,875970,956560
2.02305E+11,80871,1690375162,875990,956861
2.02305E+11,80642,1690375163,875875,956517
2.02305E+11,80613,1690375164,875586,956199
2.02305E+11,80786,1690375165,874298,955084
2.02305E+11,81225,1690375166,874012,955237
2.02305E+11,81054,1690375167,874100,955154
2.02305E+11,80827,1690375168,875327,956154
2.02305E+11,81012,1690375169,875434,956446
2.02305E+11,81030,1690375170,875186,956216
2.02305E+11,81189,1690375171,874453,955642
2.02305E+11,80781,1690375172,875186,955967
2.02305E+11,81061,1690375173,874605,955666
2.02305E+11,81105,1690375174,874123,955228
2.02305E+11,80751,1690375175,874713,955464
2.02305E+11,80938,1690375176,874734,955672
2.02305E+11,80860,1690375177,876237,957097
2.02305E+11,80909,1690375178,876502,957411
2.02305E+11,80643,1690375179,875205,955848
2.02305E+11,80635,1690375180,872036,952671
2.02305E+11,81234,1690375181,873792,955026
2.02305E+11,81516,1690375182,873627,955143
2.02305E+11,81006,1690375183,874123,955129
2.02305E+11,80920,1690375184,873794,954714
2.02305E+11,81091,1690375185,871345,952436
2.02305E+11,80739,1690375186,872374,953113
2.02305E+11,81170,1690375187,874017,955187
2.02305E+11,80918,1690375188,874586,955504
2.02305E+11,80685,1690375189,875268,955953
2.02305E+11,80749,1690375190,875120,955869
2.02305E+11,80543,1690375191,875301,955844
2.02305E+11,81020,1690375192,874298,955318
2.02305E+11,80549,1690375193,873884,954433
2.02305E+11,80668,1690375194,875412,956080
2.02305E+11,80873,1690375195,874821,955694
2.02305E+11,80849,1690375196,874714,955563
2.02305E+11,80974,1690375197,874632,955606
2.02305E+11,80970,1690375198,874452,955422
2.02305E+11,80374,1690375199,875268,955642
2.02305E+11,80567,1690375200,873887,954454
2.02305E+11,80433,1690375201,874753,955186
2.02305E+11,80281,1690375202,875222,955503
2.02305E+11,80614,1690375203,875598,956212
2.02305E+11,80667,1690375204,874042,954709
2.02305E+11,80847,1690375205,874517,955364
2.02305E+11,80913,1690375206,874723,955636
2.02305E+11,80792,1690375207,874407,955199
2.02305E+11,81127,1690375208,875161,956288
2.02305E+11,80816,1690375209,874641,955457
2.02305E+11,80527,1690375210,874346,954873
2.02305E+11,80813,1690375211,870757,951570
2.02305E+11,80909,1690375212,875400,956309
2.02305E+11,80958,1690375213,875376,956334
2.02305E+11,80974,1690375214,874980,955954
2.02305E+11,80804,1690375215,874505,955309
2.02305E+11,81030,1690375216,872978,954008
2.02305E+11,80949,1690375218,874639,955588
2.02305E+11,81005,1690375217,874454,955459
2.02305E+11,80354,1690375219,875508,955862
2.02305E+11,80702,1690375220,874915,955617
2.02305E+11,80620,1690375221,874218,954838
2.02305E+11,80863,1690375222,875313,956176
2.02305E+11,81027,1690375223,874544,955571
2.02305E+11,80726,1690375224,874382,955108
2.02305E+11,80920,1690375225,875959,956879
2.02305E+11,80886,1690375226,874133,955019
2.02305E+11,80896,1690375227,874872,955768
2.02305E+11,81091,1690375228,874247,955338
2.02305E+11,81139,1690375229,874218,955357
2.02305E+11,81067,1690375230,874467,955534
2.02305E+11,80774,1690375232,874077,954851
2.02305E+11,80626,1690375233,873815,954441
2.02305E+11,80967,1690375234,874518,955485
2.02305E+11,80451,1690375235,873420,953871
2.02305E+11,80732,1690375236,873926,954658
2.02305E+11,80846,1690375237,874890,955736
2.02305E+11,80587,1690375238,873835,954422
2.02305E+11,80711,1690375239,875363,956074
2.02305E+11,80742,1690375240,873967,954709
2.02305E+11,80932,1690375242,874630,955562
2.02305E+11,80706,1690375243,874796,955502
2.02305E+11,80373,1690375244,874380,954753
2.02305E+11,80833,1690375245,874745,955578
2.02305E+11,80732,1690375246,875419,956151
2.02305E+11,80294,1690375247,874109,954403
2.02305E+11,80702,1690375248,875402,956104
2.02305E+11,80608,1690375249,872305,952913
2.02305E+11,80861,1690375250,875086,955947
2.02305E+11,80891,1690375251,875382,956273
2.02305E+11,80724,1690375252,874864,955588
2.02305E+11,80879,1690375253,875017,955896
2.02305E+11,80574,1690375254,874576,955150
2.02305E+11,80810,1690375255,875139,955949
2.02305E+11,80470,1690375256,874188,954658
2.02305E+11,80989,1690375257,875173,956162
2.02305E+11,80570,1690375258,874964,955534
2.02305E+11,81074,1690375259,876395,957469
2.02305E+11,80941,1690375260,875853,956794
2.02305E+11,80937,1690375261,874583,955520
2.02305E+11,81114,1690375262,876797,957911
2.02305E+11,81012,1690375263,875405,956417
2.02305E+11,81124,1690375264,875723,956847
2.02305E+11,81240,1690375265,875793,957033
2.02305E+11,80791,1690375266,876675,957466
2.02305E+11,80928,1690375267,877121,958049
2.02305E+11,80794,1690375268,876779,957573
2.02305E+11,81020,1690375269,875618,956638
2.02305E+11,80276,1690375270,875931,956207
2.02305E+11,81306,1690375271,876157,957463
2.02305E+11,81079,1690375272,874944,956023
2.02305E+11,80600,1690375273,874484,955084
2.02305E+11,80918,1690375274,875464,956382
2.02305E+11,80666,1690375275,874707,955373
2.02305E+11,80786,1690375276,874911,955697
2.02305E+11,81076,1690375277,874081,955157
2.02305E+11,80854,1690375278,874020,954874
2.02305E+11,80314,1690375279,874502,954816
2.02305E+11,80874,1690375280,875063,955937
2.02305E+11,80647,1690375281,875905,956552
2.02305E+11,81465,1690375282,876019,957484
2.02305E+11,80951,1690375283,875072,956023
2.02305E+11,80536,1690375284,875305,955841
2.02305E+11,80639,1690375285,875192,955831
2.02305E+11,80556,1690375286,876262,956818
2.02305E+11,80469,1690375287,875234,955703
2.02305E+11,80931,1690375288,875992,956923
2.02305E+11,80723,1690375289,875654,956377
2.02305E+11,80605,1690375290,875388,955993
2.02305E+11,81048,1690375291,875625,956673
2.02305E+11,80753,1690375292,875247,956000
2.02305E+11,80639,1690375293,874866,955505
2.02305E+11,80324,1690375294,874877,955201
2.02305E+11,80890,1690375295,874929,955819
2.02305E+11,80563,1690375296,874556,955119
2.02305E+11,80931,1690375297,874788,955719
2.02305E+11,80818,1690375299,875109,955927
2.02305E+11,80532,1690375298,874685,955217
2.02305E+11,81184,1690375300,874027,955211
2.02305E+11,81029,1690375302,875288,956317
2.02305E+11,81021,1690375301,875592,956613
2.02305E+11,80904,1690375303,875349,956253
2.02305E+11,80972,1690375304,876112,957084
2.02305E+11,80963,1690375305,875750,956713
2.02305E+11,81271,1690375306,874701,955972
2.02305E+11,80867,1690375307,875602,956469
2.02305E+11,81051,1690375308,875021,956072
2.02305E+11,80483,1690375309,875713,956196
2.02305E+11,81119,1690375310,875926,957045
2.02305E+11,81014,1690375311,875527,956541
2.02305E+11,81079,1690375312,875435,956514
2.02305E+11,80688,1690375313,875568,956256
2.02305E+11,80922,1690375314,875282,956204
2.02305E+11,81157,1690375315,874149,955306
2.02305E+11,80568,1690375316,874809,955377
2.02305E+11,81231,1690375317,874810,956041
2.02305E+11,80672,1690375318,875489,956161
2.02305E+11,81101,1690375318,875774,956875
2.02305E+11,81147,1690375319,875709,956856
2.02305E+11,80896,1690375321,874641,955537
2.02305E+11,80482,1690375322,875132,955614
2.02305E+11,80803,1690375323,874709,955512
2.02305E+11,80912,1690375324,874760,955672
2.02305E+11,80399,1690375325,875019,955418
2.02305E+11,80934,1690375326,875416,956350
2.02305E+11,80861,1690375327,874252,955113
2.02305E+11,80579,1690375328,874211,954790
2.02305E+11,80934,1690375329,874835,955769
2.02305E+11,81240,1690375330,875296,956536
2.02305E+11,80741,1690375331,875102,955843
2.02305E+11,80396,1690375332,875340,955736
2.02305E+11,80440,1690375333,874419,954859
2.02305E+11,80865,1690375334,875242,956107
2.02305E+11,80867,1690375335,874935,955802
2.02305E+11,80738,1690375336,875154,955892
2.02305E+11,80683,1690375337,875395,956078
2.02305E+11,80771,1690375338,874873,955644
2.02305E+11,80767,1690375339,876013,956780
2.02305E+11,81053,1690375340,875757,956810
2.02305E+11,80943,1690375341,875002,955945
2.02305E+11,81264,1690375342,875950,957214
2.02305E+11,80953,1690375343,874459,955412
2.02305E+11,81301,1690375344,874779,956080
2.02305E+11,80820,1690375345,874865,955685
2.02305E+11,80880,1690375346,875755,956635
2.02305E+11,80817,1690375347,875117,955934
2.02305E+11,81297,1690375348,874826,956123
2.02305E+11,80106,1690375349,874770,954876
2.02305E+11,81237,1690375350,874285,955522
2.02305E+11,81198,1690375351,874865,956063
2.02305E+11,80853,1690375352,875259,956112
2.02305E+11,81335,1690375353,875094,956429
2.02305E+11,81133,1690375354,876406,957539
2.02305E+11,80856,1690375355,874792,955648
2.02305E+11,80762,1690375356,875165,955927
2.02305E+11,81101,1690375357,874147,955248
2.02305E+11,81266,1690375358,874619,955885
2.02305E+11,81023,1690375359,874104,955127
2.02305E+11,80087,1690375360,874616,954703
2.02305E+11,80767,1690375361,874746,955513
2.02305E+11,80757,1690375362,874190,954947
2.02305E+11,80597,1690375363,874202,954799
2.02305E+11,80399,1690375364,873280,953679
2.02305E+11,80873,1690375365,873627,954500
2.02305E+11,80187,1690375366,873683,953870
2.02305E+11,80708,1690375367,874072,954780
2.02305E+11,80619,1690375368,873986,954605
2.02305E+11,80545,1690375369,873755,954300
2.02305E+11,80940,1690375370,874248,955188
2.02305E+11,81031,1690375371,875042,956073
2.02305E+11,80876,1690375372,875235,956111
2.02305E+11,80716,1690375373,873978,954694
2.02305E+11,80820,1690375374,874890,955710
2.02305E+11,80814,1690375375,874396,955210
2.02305E+11,80881,1690375376,874516,955397
2.02305E+11,81154,1690375377,875213,956367
2.02305E+11,80713,1690375378,874392,955105
2.02305E+11,80736,1690375379,874161,954897
2.02305E+11,80619,1690375380,874106,954725
2.02305E+11,81206,1690375381,874141,955347
2.02305E+11,80941,1690375382,873960,954901
2.02305E+11,81199,1690375383,874185,955384
2.02305E+11,81173,1690375384,872420,953593
2.02305E+11,81064,1690375385,874037,955101
2.02305E+11,81249,1690375386,874215,955464
2.02305E+11,81256,1690375388,874567,955823
2.02305E+11,80788,1690375389,874477,955265
2.02305E+11,81152,1690375390,875148,956300
2.02305E+11,80916,1690375391,875529,956445
2.02305E+11,80413,1690375392,876431,956844
2.02305E+11,81108,1690375393,876143,957251
2.02305E+11,81180,1690375394,874575,955755
2.02305E+11,81144,1690375395,874886,956030
2.02305E+11,81098,1690375396,875159,956257
2.02305E+11,81192,1690375397,875102,956294
2.02305E+11,80858,1690375398,875428,956286
2.02305E+11,80790,1690375399,874196,954986
2.02305E+11,80535,1690375400,874349,954884
2.02305E+11,80762,1690375401,874955,955717
2.02305E+11,81057,1690375402,874299,955356
2.02305E+11,80846,1690375403,874685,955531
2.02305E+11,80804,1690375404,875231,956035
2.02305E+11,80808,1690375405,874846,955654
2.02305E+11,81081,1690375406,875633,956714
2.02305E+11,80545,1690375407,874580,955125
2.02305E+11,80745,1690375408,874796,955541
2.02305E+11,80842,1690375409,874652,955494
2.02305E+11,81291,1690375410,874999,956290
2.02305E+11,81286,1690375411,874580,955866
2.02305E+11,80888,1690375412,874788,955676
2.02305E+11,80398,1690375413,875019,955417
2.02305E+11,81186,1690375414,874555,955741
2.02305E+11,81055,1690375415,875395,956450
2.02305E+11,81057,1690375416,874222,955279
2.02305E+11,81009,1690375417,873301,954310
2.02305E+11,81212,1690375418,873182,954394
2.02305E+11,81080,1690375419,871361,952441
2.02305E+11,80974,1690375420,873009,953983
2.02305E+11,81196,1690375421,872384,953580
2.02305E+11,81207,1690375422,873052,954259
2.02305E+11,80929,1690375423,873996,954925
2.02305E+11,81337,1690375424,875397,956734
2.02305E+11,81231,1690375425,875607,956838
2.02305E+11,81323,1690375426,876101,957424
2.02305E+11,81694,1690375427,875232,956926
2.02305E+11,81285,1690375428,874309,955594
2.02305E+11,81254,1690375429,875433,956687
2.02305E+11,81492,1690375430,875789,957281
2.02305E+11,81229,1690375431,875947,957176
2.02305E+11,81191,1690375432,874797,955988
2.02305E+11,81169,1690375433,874950,956119
2.02305E+11,81019,1690375434,875109,956128
2.02305E+11,81246,1690375435,875136,956382
2.02305E+11,81305,1690375436,875662,956967
2.02305E+11,81136,1690375437,875920,957056
2.02305E+11,81468,1690375438,875913,957381
2.02305E+11,81571,1690375439,876316,957887
2.02305E+11,81118,1690375440,876884,958002
2.02305E+11,80824,1690375441,875396,956220
2.02305E+11,81048,1690375442,875668,956716
2.02305E+11,81399,1690375443,876542,957941
2.02305E+11,80920,1690375444,876046,956966
2.02305E+11,81242,1690375445,877149,958391
2.02305E+11,80975,1690375446,876556,957531
2.02305E+11,81053,1690375447,876360,957413
2.02305E+11,80968,1690375448,876257,957225
2.02305E+11,81198,1690375449,877207,958405
2.02305E+11,81416,1690375450,876835,958251
2.02305E+11,81085,1690375451,873928,955013
2.02305E+11,81450,1690375452,876683,958133
2.02305E+11,81632,1690375453,876491,958123
2.02305E+11,80769,1690375454,876946,957715
2.02305E+11,81189,1690375455,877206,958395
2.02305E+11,81263,1690375456,876525,957788
2.02305E+11,81281,1690375457,877745,959026
2.02305E+11,81068,1690375458,876405,957473
2.02305E+11,81139,1690375459,876481,957620
2.02305E+11,81396,1690375460,876107,957503
2.02305E+11,81122,1690375461,876189,957311
2.02305E+11,81117,1690375462,876360,957477
2.02305E+11,81105,1690375463,875940,957045
2.02305E+11,81342,1690375464,876198,957540
2.02305E+11,81008,1690375465,875768,956776
2.02305E+11,81078,1690375466,876183,957261
2.02305E+11,81013,1690375467,876242,957255
2.02305E+11,81098,1690375468,875383,956481
2.02305E+11,81103,1690375469,875909,957012
2.02305E+11,81083,1690375470,875720,956803
2.02305E+11,81477,1690375471,874722,956199
2.02305E+11,80870,1690375472,875243,956113
2.02305E+11,80983,1690375473,876416,957399
2.02305E+11,80874,1690375474,875365,956239
2.02305E+11,81201,1690375475,875995,957196
2.02305E+11,81218,1690375476,875191,956409
2.02305E+11,80958,1690375477,875465,956423
2.02305E+11,80620,1690375478,875430,956050
2.02305E+11,80770,1690375479,875548,956318
2.02305E+11,81264,1690375480,876126,957390
2.02305E+11,80950,1690375482,875969,956919
2.02305E+11,81285,1690375481,875327,956612
2.02305E+11,80914,1690375483,876339,957253
2.02305E+11,81098,1690375484,875060,956158
2.02305E+11,81029,1690375485,874682,955711
2.02305E+11,81231,1690375486,875097,956328
2.02305E+11,81028,1690375487,875095,956123
2.02305E+11,81032,1690375488,875694,956726
2.02305E+11,81232,1690375489,876210,957442
2.02305E+11,81521,1690375490,876912,958433
2.02305E+11,81302,1690375491,877244,958546
2.02305E+11,81135,1690375492,876007,957142
2.02305E+11,81349,1690375493,875841,957190
2.02305E+11,81284,1690375494,876039,957323
2.02305E+11,81330,1690375495,872596,953926
2.02305E+11,81507,1690375496,875473,956980
2.02305E+11,81658,1690375497,874549,956207
2.02305E+11,80991,1690375498,875260,956251
2.02305E+11,81036,1690375499,873669,954705
2.02305E+11,81217,1690375500,875925,957142
2.02305E+11,81534,1690375501,874449,955983
2.02305E+11,81243,1690375502,875776,957019
2.02305E+11,81435,1690375503,876658,958093
2.02305E+11,81323,1690375504,875874,957197
2.02305E+11,81170,1690375505,876225,957395
2.02305E+11,81335,1690375506,876817,958152
2.02305E+11,81402,1690375507,877079,958481
2.02305E+11,81429,1690375508,875455,956884
2.02305E+11,81645,1690375509,876408,958053
2.02305E+11,81341,1690375510,876191,957532
2.02305E+11,81359,1690375511,875313,956672
2.02305E+11,81266,1690375512,874582,955848
2.02305E+11,81253,1690375513,875074,956327
2.02305E+11,81112,1690375514,875306,956418
2.02305E+11,81196,1690375515,875242,956438
2.02305E+11,80985,1690375516,874815,955800
2.02305E+11,81005,1690375517,874591,955596
2.02305E+11,80939,1690375518,874548,955487
2.02305E+11,80915,1690375519,875129,956044
2.02305E+11,81031,1690375520,876035,957066
2.02305E+11,80994,1690375521,875761,956755
2.02305E+11,80700,1690375522,875842,956542
2.02305E+11,81174,1690375523,875819,956993
2.02305E+11,81113,1690375524,875857,956970
2.02305E+11,81053,1690375525,875353,956406
2.02305E+11,80768,1690375526,875484,956252
2.02305E+11,81180,1690375527,875103,956283
2.02305E+11,81429,1690375528,874941,956370
2.02305E+11,81159,1690375529,874455,955614
2.02305E+11,81319,1690375530,873334,954653
2.02305E+11,81253,1690375531,874277,955530
2.02305E+11,81205,1690375532,874357,955562
2.02305E+11,81102,1690375533,875418,956520
2.02305E+11,80786,1690375534,876756,957542
2.02305E+11,81308,1690375535,874817,956125
2.02305E+11,81446,1690375536,876170,957616
2.02305E+11,81699,1690375537,874875,956574
2.02305E+11,81433,1690375538,876260,957693
2.02305E+11,81608,1690375539,876334,957942
2.02305E+11,81295,1690375540,875734,957029
2.02305E+11,81721,1690375541,875587,957308
2.02305E+11,81117,1690375542,874573,955690
2.02305E+11,81195,1690375543,875474,956669
2.02305E+11,80828,1690375544,875337,956165
2.02305E+11,81578,1690375545,876215,957793
2.02305E+11,81073,1690375546,875891,956964
2.02305E+11,81320,1690375547,875931,957251
2.02305E+11,80880,1690375548,875192,956072
2.02305E+11,81477,1690375549,874216,955693
2.02305E+11,81602,1690375550,874710,956312
2.02305E+11,81684,1690375551,873470,955154
2.02305E+11,81108,1690375552,873817,954925
2.02305E+11,81439,1690375553,873468,954907
2.02305E+11,81270,1690375554,874004,955274
2.02305E+11,81402,1690375555,874185,955587
2.02305E+11,81442,1690375556,874962,956404
2.02305E+11,81473,1690375557,875391,956864
2.02305E+11,80947,1690375558,875101,956048
2.02305E+11,81127,1690375559,875688,956815
2.02305E+11,81257,1690375560,875666,956923
2.02305E+11,81110,1690375561,876860,957970
2.02305E+11,81453,1690375562,1584363,1665816
2.02305E+11,80693,1690375563,1583012,1663705
2.02305E+11,80907,1690375564,1583713,1664620
2.02305E+11,81529,1690375565,1583406,1664935
2.02305E+11,81123,1690375566,1583177,1664300
2.02305E+11,80518,1690375567,1582262,1662780
2.02305E+11,80761,1690375568,1581867,1662628
2.02305E+11,80545,1690375569,1580231,1660776
2.02305E+11,81519,1690375570,1579783,1661302
2.02305E+11,81177,1690375571,1581880,1663057
2.02305E+11,81332,1690375572,1581330,1662662
2.02305E+11,80755,1690375573,1581880,1662635
2.02305E+11,80961,1690375574,1582443,1663404
2.02305E+11,81235,1690375575,1581656,1662891
2.02305E+11,81359,1690375576,1584098,1665457
2.02305E+11,81181,1690375577,1582575,1663756
2.02305E+11,80849,1690375578,1583580,1664429
2.02305E+11,80909,1690375579,1582645,1663554
2.02305E+11,81219,1690375580,1583561,1664780
2.02305E+11,80993,1690375581,1583559,1664552
2.02305E+11,80952,1690375582,1582363,1663315
2.02305E+11,81210,1690375583,1582383,1663593
2.02305E+11,81266,1690375584,1580680,1661946
2.02305E+11,80972,1690375585,1581935,1662907
2.02305E+11,81155,1690375586,1580977,1662132
2.02305E+11,81325,1690375587,1581404,1662729
2.02305E+11,81305,1690375588,1580607,1661912
2.02305E+11,81245,1690375589,1582934,1664179
2.02305E+11,80988,1690375590,1582397,1663385
2.02305E+11,80781,1690375591,1581123,1661904
2.02305E+11,81241,1690375592,1582772,1664013
2.02305E+11,81091,1690375593,1584042,1665133
2.02305E+11,81120,1690375594,1583915,1665035
2.02305E+11,81426,1690375595,1584641,1666067
2.02305E+11,81272,1690375596,1584544,1665816
2.02305E+11,81298,1690375597,1583928,1665226
2.02305E+11,81518,1690375598,1583679,1665197
2.02305E+11,80933,1690375599,1582873,1663806
2.02305E+11,81480,1690375600,1582086,1663566
2.02305E+11,80860,1690375601,1582109,1662969
2.02305E+11,80788,1690375602,1580344,1661132
2.02305E+11,81352,1690375603,1582302,1663654
2.02305E+11,80904,1690375604,1582315,1663219
2.02305E+11,81187,1690375605,1581355,1662542
2.02305E+11,81351,1690375606,1582690,1664041
2.02305E+11,80798,1690375607,1581958,1662756
2.02305E+11,81195,1690375608,1583409,1664604
2.02305E+11,81101,1690375609,1583459,1664560
2.02305E+11,80892,1690375610,1583500,1664392
2.02305E+11,80601,1690375611,1584332,1664933
2.02305E+11,80525,1690375612,1583253,1663778
2.02305E+11,80801,1690375613,1584508,1665309
2.02305E+11,80775,1690375614,1583108,1663883
2.02305E+11,80777,1690375615,1583238,1664015
2.02305E+11,81229,1690375616,1584148,1665377
2.02305E+11,81038,1690375617,1582328,1663366
2.02305E+11,80888,1690375618,1583913,1664801
2.02305E+11,81178,1690375619,1582632,1663810
2.02305E+11,81322,1690375619,1581812,1663134
2.02305E+11,81423,1690375621,1582629,1664052
2.02305E+11,81196,1690375622,1580768,1661964
2.02305E+11,80678,1690375623,1580999,1661677
2.02305E+11,80752,1690375624,1579669,1660421
2.02305E+11,81502,1690375625,1580684,1662186
2.02305E+11,80910,1690375627,1582188,1663098
2.02305E+11,81239,1690375626,1580927,1662166
2.02305E+11,81258,1690375628,1580373,1661631
2.02305E+11,81113,1690375629,1580141,1661254
2.02305E+11,81567,1690375630,1580796,1662363
2.02305E+11,81131,1690375631,1579935,1661066
2.02305E+11,81427,1690375632,1580262,1661689
2.02305E+11,81265,1690375633,873848,955113
2.02305E+11,81231,1690375634,874684,955915
2.02305E+11,81220,1690375635,874592,955812
2.02305E+11,80878,1690375636,876171,957049
2.02305E+11,81520,1690375637,876554,958074
2.02305E+11,81342,1690375638,876602,957944
2.02305E+11,81459,1690375639,875972,957431
2.02305E+11,81167,1690375640,875976,957143
2.02305E+11,81299,1690375641,875242,956541
2.02305E+11,81009,1690375642,875847,956856
2.02305E+11,81262,1690375643,875325,956587
2.02305E+11,81170,1690375644,876233,957403
2.02305E+11,81474,1690375645,876208,957682
2.02305E+11,81172,1690375646,875687,956859
2.02305E+11,81225,1690375647,876624,957849
2.02305E+11,80974,1690375648,876224,957198
2.02305E+11,81075,1690375649,876911,957986
2.02305E+11,81318,1690375650,876760,958078
2.02305E+11,81373,1690375651,876336,957709
2.02305E+11,80840,1690375652,875680,956520
2.02305E+11,80887,1690375653,876287,957174
2.02305E+11,80914,1690375654,876713,957627
2.02305E+11,81364,1690375655,877816,959180
2.02305E+11,81223,1690375656,876417,957640
2.02305E+11,81233,1690375657,876317,957550
2.02305E+11,81236,1690375658,876757,957993
2.02305E+11,81209,1690375659,877067,958276
2.02305E+11,80795,1690375660,874567,955362
2.02305E+11,80662,1690375661,874864,955526
2.02305E+11,80361,1690375662,874061,954422
2.02305E+11,81000,1690375663,874745,955745
2.02305E+11,80550,1690375664,874976,955526
2.02305E+11,80996,1690375665,875620,956616
2.02305E+11,80851,1690375666,875400,956251
2.02305E+11,81118,1690375667,876344,957462
2.02305E+11,80659,1690375668,876756,957415
2.02305E+11,80922,1690375669,877575,958497
2.02305E+11,80916,1690375670,876700,957616
2.02305E+11,80528,1690375671,877263,957791
2.02305E+11,80814,1690375672,876226,957040
2.02305E+11,80457,1690375673,876189,956646
2.02305E+11,80914,1690375674,875434,956348
2.02305E+11,80287,1690375675,875079,955366
2.02305E+11,80961,1690375676,875437,956398
2.02305E+11,80790,1690375677,875271,956061
2.02305E+11,80797,1690375678,875270,956067
2.02305E+11,80871,1690375679,875054,955925
2.02305E+11,80841,1690375680,874584,955425
2.02305E+11,80711,1690375681,874659,955370
2.02305E+11,80769,1690375682,875564,956333
2.02305E+11,80856,1690375683,876051,956907
2.02305E+11,81261,1690375684,876355,957616
2.02305E+11,80936,1690375685,876322,957258
2.02305E+11,80972,1690375686,876150,957122
2.02305E+11,80770,1690375687,876698,957468
2.02305E+11,80756,1690375688,875687,956443
2.02305E+11,80565,1690375689,874958,955523
2.02305E+11,80901,1690375690,873901,954802
2.02305E+11,80946,1690375691,873320,954266
2.02305E+11,80460,1690375692,873843,954303
2.02305E+11,80982,1690375693,875113,956095
2.02305E+11,80818,1690375694,874358,955176
2.02305E+11,80443,1690375695,875019,955462
2.02305E+11,80376,1690375696,875566,955942
2.02305E+11,80881,1690375697,876547,957428
2.02305E+11,80782,1690375698,875369,956151
2.02305E+11,80602,1690375699,874863,955465
2.02305E+11,80803,1690375700,875906,956709
2.02305E+11,81134,1690375701,876230,957364
2.02305E+11,80667,1690375702,876622,957289
2.02305E+11,81166,1690375703,875728,956894
2.02305E+11,80992,1690375704,875194,956186
2.02305E+11,80631,1690375705,876046,956677
2.02305E+11,80977,1690375706,875643,956620
2.02305E+11,80558,1690375707,876639,957197
2.02305E+11,80879,1690375708,876428,957307
2.02305E+11,80839,1690375709,877076,957915
2.02305E+11,80639,1690375710,875692,956331
2.02305E+11,81015,1690375711,875407,956422
2.02305E+11,81155,1690375712,874724,955879
2.02305E+11,80807,1690375713,875814,956621
2.02305E+11,81222,1690375714,875854,957076
2.02305E+11,81328,1690375715,877242,958570
2.02305E+11,81014,1690375716,877109,958123
2.02305E+11,81072,1690375717,876851,957923
2.02305E+11,81289,1690375718,872276,953565
2.02305E+11,81229,1690375719,875572,956801
2.02305E+11,80795,1690375720,875032,955827
2.02305E+11,81485,1690375721,874079,955564
2.02305E+11,81486,1690375722,874005,955491
2.02305E+11,81087,1690375723,872752,953839
2.02305E+11,81335,1690375724,873434,954769
2.02305E+11,80624,1690375725,873472,954096
2.02305E+11,81054,1690375726,874744,955798
2.02305E+11,80694,1690375727,875070,955764
2.02305E+11,80903,1690375728,876228,957131
2.02305E+11,80711,1690375729,876295,957006
2.02305E+11,81226,1690375730,876593,957819
2.02305E+11,81185,1690375731,875480,956665
2.02305E+11,81172,1690375732,875985,957157
2.02305E+11,80772,1690375733,876223,956995
2.02305E+11,81009,1690375734,875667,956676
2.02305E+11,80983,1690375735,876188,957171
2.02305E+11,80819,1690375736,875741,956560
2.02305E+11,80939,1690375737,876174,957113
2.02305E+11,80847,1690375738,876009,956856
2.02305E+11,80617,1690375739,876143,956760
2.02305E+11,80865,1690375740,876029,956894
2.02305E+11,80546,1690375741,876264,956810
2.02305E+11,80900,1690375742,876251,957151
2.02305E+11,80840,1690375743,876336,957176
2.02305E+11,81104,1690375744,876720,957824
2.02305E+11,80706,1690375745,878093,958799
2.02305E+11,80919,1690375746,878578,959497
2.02305E+11,80958,1690375747,877873,958831
2.02305E+11,81350,1690375748,877641,958991
2.02305E+11,81526,1690375749,876538,958064
2.02305E+11,81379,1690375750,876918,958297
2.02305E+11,81186,1690375751,875306,956492
2.02305E+11,80872,1690375752,875573,956445
2.02305E+11,81378,1690375753,876605,957983
2.02305E+11,81117,1690375754,876577,957694
2.02305E+11,80838,1690375755,877710,958548
2.02305E+11,81229,1690375756,877026,958255
2.02305E+11,81051,1690375757,878645,959696
2.02305E+11,81082,1690375758,878884,959966
2.02305E+11,81314,1690375759,878954,960268
2.02305E+11,80988,1690375760,879160,960148
2.02305E+11,81046,1690375761,877909,958955
2.02305E+11,81220,1690375762,878819,960039
2.02305E+11,81119,1690375763,878776,959895
2.02305E+11,81232,1690375764,877856,959088
2.02305E+11,81132,1690375765,876254,957386
2.02305E+11,81010,1690375766,877363,958373
2.02305E+11,80775,1690375767,877925,958700
2.02305E+11,81521,1690375768,877743,959264
2.02305E+11,80557,1690375769,877792,958349
2.02305E+11,81136,1690375770,878422,959558
2.02305E+11,80689,1690375771,877956,958645
2.02305E+11,81029,1690375772,878079,959108
2.02305E+11,80616,1690375773,877624,958240
2.02305E+11,80571,1690375774,878110,958681
2.02305E+11,80546,1690375775,879140,959686
2.02305E+11,80611,1690375776,879193,959804
2.02305E+11,80833,1690375777,879157,959990
2.02305E+11,81006,1690375778,877652,958658
2.02305E+11,80917,1690375779,878009,958926
2.02305E+11,80659,1690375780,877805,958464
2.02305E+11,80922,1690375781,877813,958735
2.02305E+11,81071,1690375782,875625,956696
2.02305E+11,81232,1690375783,877270,958502
2.02305E+11,81270,1690375784,877701,958971
2.02305E+11,81120,1690375785,876746,957866
2.02305E+11,81326,1690375786,877484,958810
2.02305E+11,80989,1690375787,878281,959270
2.02305E+11,81229,1690375788,879395,960624
2.02305E+11,81041,1690375789,878876,959917
2.02305E+11,81157,1690375790,877660,958817
2.02305E+11,81041,1690375791,879176,960217
2.02305E+11,81127,1690375792,878445,959572
2.02305E+11,80990,1690375794,878041,959031
2.02305E+11,81261,1690375793,877838,959099
2.02305E+11,80540,1690375796,877624,958164
2.02305E+11,81030,1690375795,878242,959272
2.02305E+11,80943,1690375797,877524,958467
2.02305E+11,80856,1690375798,878205,959061
2.02305E+11,80795,1690375799,878858,959653
2.02305E+11,80833,1690375800,878373,959206
2.02305E+11,81063,1690375801,878580,959643
2.02305E+11,81157,1690375802,877096,958253
2.02305E+11,81124,1690375803,878961,960085
2.02305E+11,81506,1690375805,879673,961179
2.02305E+11,81249,1690375804,879728,960977
2.02305E+11,80880,1690375807,880248,961128
2.02305E+11,81291,1690375808,878457,959748
2.02305E+11,80740,1690375809,878514,959254
2.02305E+11,81330,1690375810,878298,959628
2.02305E+11,81253,1690375811,877824,959077
2.02305E+11,81018,1690375812,875986,957004
2.02305E+11,81044,1690375813,878293,959337
2.02305E+11,81072,1690375814,877349,958421
2.02305E+11,80996,1690375815,879523,960519
2.02305E+11,81024,1690375816,879266,960290
2.02305E+11,81307,1690375817,879509,960816
2.02305E+11,80631,1690375818,879892,960523
2.02305E+11,80625,1690375819,880219,960844
2.02305E+11,80775,1690375820,880261,961036
2.02305E+11,80983,1690375821,878913,959896
2.02305E+11,81418,1690375822,879523,960941
2.02305E+11,81365,1690375823,880274,961639
2.02305E+11,80861,1690375824,878810,959671
2.02305E+11,80875,1690375825,878613,959488
2.02305E+11,80663,1690375826,878428,959091
2.02305E+11,80752,1690375827,877773,958525
2.02305E+11,80942,1690375828,878613,959555
2.02305E+11,81099,1690375829,878325,959424
2.02305E+11,80891,1690375831,878532,959423
2.02305E+11,81140,1690375832,878394,959534
2.02305E+11,80369,1690375834,878780,959149
2.02305E+11,81068,1690375835,878897,959965
2.02305E+11,80920,1690375836,878792,959712
2.02305E+11,81075,1690375837,878916,959991
2.02305E+11,81214,1690375838,878879,960093
2.02305E+11,80849,1690375839,878569,959418
2.02305E+11,80962,1690375840,879576,960538
2.02305E+11,80748,1690375841,878911,959659
2.02305E+11,81313,1690375842,878906,960219
2.02305E+11,81063,1690375843,879141,960204
2.02305E+11,81211,1690375844,878155,959366
2.02305E+11,81259,1690375845,877932,959191
2.02305E+11,81297,1690375846,879014,960311
2.02305E+11,81092,1690375848,879274,960366
2.02305E+11,80923,1690375849,878996,959919
2.02305E+11,81216,1690375850,879303,960519
2.02305E+11,81253,1690375852,877417,958670
2.02305E+11,81113,1690375851,878172,959285
2.02305E+11,81159,1690375853,878892,960051
2.02305E+11,80856,1690375855,879709,960565
2.02305E+11,80871,1690375856,879773,960644
2.02305E+11,80443,1690375858,879255,959698
2.02305E+11,80941,1690375857,878438,959379
2.02305E+11,80946,1690375860,878151,959097
2.02305E+11,81233,1690375859,878203,959436
2.02305E+11,80873,1690375861,879358,960231
2.02305E+11,80944,1690375862,879521,960465
2.02305E+11,81081,1690375863,878417,959498
2.02305E+11,81019,1690375864,878897,959916
2.02305E+11,80821,1690375865,878410,959231
2.02305E+11,81123,1690375866,878214,959337
2.02305E+11,81035,1690375867,878853,959888
2.02305E+11,80738,1690375868,878474,959212
2.02305E+11,81067,1690375869,878249,959316
2.02305E+11,81153,1690375870,878716,959869
2.02305E+11,81054,1690375871,880046,961100
2.02305E+11,81323,1690375873,879869,961192
2.02305E+11,80753,1690375874,878978,959731
2.02305E+11,80928,1690375875,880012,960940
2.02305E+11,81338,1690375876,879595,960933
2.02305E+11,81023,1690375877,879698,960721
2.02305E+11,81421,1690375878,879523,960944
2.02305E+11,81635,1690375879,880351,961986
2.02305E+11,81109,1690375880,880074,961183
2.02305E+11,81694,1690375881,880274,961968
2.02305E+11,81720,1690375882,879735,961455
2.02305E+11,81644,1690375883,880421,962065
2.02305E+11,80961,1690375884,878521,959482
2.02305E+11,81226,1690375885,876246,957472
2.02305E+11,81319,1690375886,876559,957878
2.02305E+11,81092,1690375887,876643,957735
2.02305E+11,80764,1690375888,877711,958475
2.02305E+11,81453,1690375889,877981,959434
2.02305E+11,80800,1690375890,877681,958481
2.02305E+11,81212,1690375891,878098,959310
2.02305E+11,81423,1690375892,878750,960173
2.02305E+11,81022,1690375893,879375,960397
2.02305E+11,81163,1690375894,879084,960247
2.02305E+11,80994,1690375895,878239,959233
2.02305E+11,81001,1690375896,877215,958216
2.02305E+11,81227,1690375897,876520,957747
2.02305E+11,81067,1690375898,879057,960124
2.02305E+11,80730,1690375899,879940,960670
2.02305E+11,80791,1690375900,879100,959891
2.02305E+11,80773,1690375901,880472,961245
2.02305E+11,80963,1690375902,880826,961789
2.02305E+11,80871,1690375903,879911,960782
2.02305E+11,80765,1690375904,880052,960817
2.02305E+11,80821,1690375905,880129,960950
2.02305E+11,80610,1690375906,880480,961090
2.02305E+11,80763,1690375907,881143,961906
2.02305E+11,80780,1690375908,880955,961735
2.02305E+11,80522,1690375909,880599,961121
2.02305E+11,80617,1690375910,879899,960516
2.02305E+11,80804,1690375911,880564,961368
2.02305E+11,80963,1690375912,879634,960597
2.02305E+11,81136,1690375913,879287,960423
2.02305E+11,80857,1690375914,877918,958775
2.02305E+11,80713,1690375915,878363,959076
2.02305E+11,80679,1690375916,879257,959936
2.02305E+11,80888,1690375917,879448,960336
2.02305E+11,80751,1690375918,879672,960423
2.02305E+11,80562,1690375919,879606,960168
2.02305E+11,80741,1690375919,879968,960709
2.02305E+11,81075,1690375920,880249,961324
2.02305E+11,81071,1690375922,881016,962087
2.02305E+11,80845,1690375923,881678,962523
2.02305E+11,81043,1690375924,880874,961917
2.02305E+11,81045,1690375925,880461,961506
2.02305E+11,81256,1690375926,880430,961686
2.02305E+11,81101,1690375927,879839,960940
2.02305E+11,81151,1690375928,880008,961159
2.02305E+11,81270,1690375929,880222,961492
2.02305E+11,81311,1690375930,880121,961432
2.02305E+11,81037,1690375931,879054,960091
2.02305E+11,80748,1690375932,879252,960000
2.02305E+11,81532,1690375933,878930,960462
2.02305E+11,80993,1690375934,879157,960150
2.02305E+11,80751,1690375935,879315,960066
2.02305E+11,81233,1690375936,879938,961171
2.02305E+11,80872,1690375937,879599,960471
2.02305E+11,80943,1690375938,880002,960945
2.02305E+11,80375,1690375939,879999,960374
2.02305E+11,81048,1690375940,879837,960885
2.02305E+11,80872,1690375941,880133,961005
2.02305E+11,80940,1690375942,880880,961820
2.02305E+11,80887,1690375943,880677,961564
2.02305E+11,80998,1690375944,879710,960708
2.02305E+11,80851,1690375945,880860,961711
2.02305E+11,80887,1690375946,880421,961308
2.02305E+11,80627,1690375947,881037,961664
2.02305E+11,81252,1690375948,880329,961581
2.02305E+11,80952,1690375949,881106,962058
2.02305E+11,81163,1690375950,880419,961582
2.02305E+11,80881,1690375951,880257,961138
2.02305E+11,80879,1690375952,880119,960998
2.02305E+11,80842,1690375953,879676,960518
2.02305E+11,81242,1690375954,879447,960689
2.02305E+11,80982,1690375955,879903,960885
2.02305E+11,81052,1690375956,880630,961682
2.02305E+11,81293,1690375957,879520,960813
2.02305E+11,81147,1690375958,880430,961577
2.02305E+11,80867,1690375959,880621,961488
2.02305E+11,80437,1690375960,879902,960339
2.02305E+11,81043,1690375961,879949,960992
2.02305E+11,81154,1690375962,879343,960497
2.02305E+11,80930,1690375963,880325,961255
2.02305E+11,80657,1690375964,879622,960279
2.02305E+11,80926,1690375965,880865,961791
2.02305E+11,80690,1690375966,881039,961729
2.02305E+11,81288,1690375967,880773,962061
2.02305E+11,80992,1690375968,880011,961003
2.02305E+11,81095,1690375969,879434,960529
2.02305E+11,80966,1690375970,880269,961235
2.02305E+11,81225,1690375971,879961,961186
2.02305E+11,81451,1690375972,879589,961040
2.02305E+11,81059,1690375973,879479,960538
2.02305E+11,81341,1690375974,879868,961209
2.02305E+11,80753,1690375975,878843,959596
2.02305E+11,80937,1690375976,879595,960532
2.02305E+11,80848,1690375977,880446,961294
2.02305E+11,81217,1690375978,879431,960648
2.02305E+11,81183,1690375979,878148,959331
2.02305E+11,81065,1690375980,878865,959930
2.02305E+11,81106,1690375981,879086,960192
2.02305E+11,81250,1690375982,879368,960618
2.02305E+11,81009,1690375983,880229,961238
2.02305E+11,80961,1690375984,880615,961576
2.02305E+11,81167,1690375985,879114,960281
2.02305E+11,81157,1690375986,879784,960941
2.02305E+11,81091,1690375987,879638,960729
2.02305E+11,81093,1690375988,879974,961067
2.02305E+11,80987,1690375989,880348,961335
2.02305E+11,80943,1690375990,878545,959488
2.02305E+11,81016,1690375991,877914,958930
2.02305E+11,80822,1690375992,879123,959945
2.02305E+11,80969,1690375993,879784,960753
2.02305E+11,80895,1690375994,879743,960638
2.02305E+11,80464,1690375995,880190,960654
2.02305E+11,80487,1690375996,880457,960944
2.02305E+11,80933,1690375997,879982,960915
2.02305E+11,80679,1690375998,880867,961546
2.02305E+11,80883,1690375999,881299,962182
2.02305E+11,81032,1690376000,879691,960723
2.02305E+11,81041,1690376001,879958,960999
2.02305E+11,80872,1690376002,880459,961331
2.02305E+11,80886,1690376003,880307,961193
2.02305E+11,81249,1690376004,879335,960584
2.02305E+11,81084,1690376005,879756,960840
2.02305E+11,80686,1690376006,880009,960695
2.02305E+11,81148,1690376007,879130,960278
2.02305E+11,81434,1690376008,880175,961609
2.02305E+11,81000,1690376009,879788,960788
2.02305E+11,80973,1690376011,878398,959371
2.02305E+11,81141,1690376010,880085,961226
2.02305E+11,80854,1690376012,880019,960873
2.02305E+11,80943,1690376013,880147,961090
2.02305E+11,80816,1690376014,880556,961372
2.02305E+11,81176,1690376015,879891,961067
2.02305E+11,81120,1690376016,879640,960760
2.02305E+11,80948,1690376017,882183,963131
2.02305E+11,80547,1690376018,880934,961481
2.02305E+11,81263,1690376019,881139,962402
2.02305E+11,81321,1690376020,880539,961860
2.02305E+11,81418,1690376021,878389,959807
2.02305E+11,81330,1690376022,879566,960896
2.02305E+11,80946,1690376023,879741,960687
2.02305E+11,80959,1690376024,880919,961878
2.02305E+11,81322,1690376026,880271,961593
2.02305E+11,81506,1690376025,881534,963040
2.02305E+11,81041,1690376027,881376,962417
2.02305E+11,81197,1690376029,541073,622270
2.02305E+11,81131,1690376028,541173,622304
2.02305E+11,81185,1690376031,540839,622024
2.02305E+11,80825,1690376030,541163,621988
2.02305E+11,80981,1690376032,540586,621567
2.02305E+11,81265,1690376033,540262,621527
2.02305E+11,81254,1690376034,539365,620619
2.02305E+11,80928,1690376035,540075,621003
2.02305E+11,81181,1690376036,540110,621291
2.02305E+11,81254,1690376037,539924,621178
2.02305E+11,81161,1690376038,539562,620723
2.02305E+11,80814,1690376039,541050,621864
2.02305E+11,80854,1690376040,540754,621608
2.02305E+11,80737,1690376041,540967,621704
2.02305E+11,80997,1690376042,540859,621856
2.02305E+11,80439,1690376043,541049,621488
2.02305E+11,80809,1690376044,541591,622400
2.02305E+11,80988,1690376045,540873,621861
2.02305E+11,80586,1690376046,540951,621537
2.02305E+11,80966,1690376047,540914,621880
2.02305E+11,80992,1690376048,541184,622176
2.02305E+11,80930,1690376049,540902,621832
2.02305E+11,80849,1690376050,540937,621786
2.02305E+11,81045,1690376051,541180,622225
2.02305E+11,81209,1690376052,541045,622254
2.02305E+11,81250,1690376053,540942,622192
2.02305E+11,80636,1690376054,540516,621152
2.02305E+11,81162,1690376055,540986,622148
2.02305E+11,81269,1690376056,540588,621857
2.02305E+11,81106,1690376057,540531,621637
2.02305E+11,81058,1690376058,540128,621186
2.02305E+11,81087,1690376059,540067,621154
2.02305E+11,81150,1690376060,540245,621395
2.02305E+11,81206,1690376061,540303,621509
2.02305E+11,80936,1690376062,539733,620669
2.02305E+11,81326,1690376063,540728,622054
2.02305E+11,80983,1690376064,540587,621570
2.02305E+11,80881,1690376065,541185,622066
2.02305E+11,81322,1690376066,540885,622207
2.02305E+11,81326,1690376067,540212,621538
2.02305E+11,81364,1690376068,539936,621300
2.02305E+11,81227,1690376069,540214,621441
2.02305E+11,81420,1690376070,539445,620865
2.02305E+11,81457,1690376071,540673,622130
2.02305E+11,80929,1690376072,540667,621596
2.02305E+11,81100,1690376074,540645,621745
2.02305E+11,80972,1690376075,540091,621063
2.02305E+11,81094,1690376076,540362,621456
2.02305E+11,81094,1690376077,540704,621798
2.02305E+11,81364,1690376078,540034,621398
2.02305E+11,81303,1690376079,541230,622533
2.02305E+11,81110,1690376080,540480,621590
2.02305E+11,80780,1690376081,540650,621430
2.02305E+11,80718,1690376082,540825,621543
2.02305E+11,80671,1690376083,540892,621563
2.02305E+11,81316,1690376084,539552,620868
2.02305E+11,80619,1690376085,540455,621074
2.02305E+11,81036,1690376086,538725,619761
2.02305E+11,80269,1690376087,540108,620377
2.02305E+11,80698,1690376088,539734,620432
2.02305E+11,80922,1690376090,539768,620690
2.02305E+11,81469,1690376089,540022,621491
2.02305E+11,81250,1690376091,539954,621204
2.02305E+11,81105,1690376093,540563,621668
2.02305E+11,80947,1690376092,540414,621361
2.02305E+11,81042,1690376094,540033,621075
2.02305E+11,81535,1690376095,540235,621770
2.02305E+11,80796,1690376096,540292,621088
2.02305E+11,80986,1690376097,539744,620730
2.02305E+11,81338,1690376098,539499,620837
2.02305E+11,81227,1690376099,538184,619411
2.02305E+11,80966,1690376100,538154,619120
2.02305E+11,81244,1690376101,539806,621050
2.02305E+11,81188,1690376102,539101,620289
2.02305E+11,81379,1690376103,539787,621166
2.02305E+11,81261,1690376104,540304,621565
2.02305E+11,81338,1690376105,539662,621000
2.02305E+11,80959,1690376106,539733,620692
2.02305E+11,81645,1690376107,540454,622099
2.02305E+11,80580,1690376108,540070,620650
2.02305E+11,80586,1690376109,540652,621238
2.02305E+11,81423,1690376110,540245,621668
2.02305E+11,81105,1690376111,539986,621091
2.02305E+11,81228,1690376112,539813,621041
2.02305E+11,81173,1690376113,539327,620500
2.02305E+11,81356,1690376114,539713,621069
2.02305E+11,81326,1690376115,539621,620947
2.02305E+11,81168,1690376116,539285,620453
2.02305E+11,81030,1690376117,539640,620670
2.02305E+11,81359,1690376118,539370,620729
2.02305E+11,80911,1690376119,540337,621248
2.02305E+11,81261,1690376120,539813,621074
2.02305E+11,80965,1690376121,540205,621170
2.02305E+11,80689,1690376122,539957,620646
2.02305E+11,80810,1690376123,539849,620659
2.02305E+11,81405,1690376124,539516,620921
2.02305E+11,81142,1690376125,539340,620482
2.02305E+11,80522,1690376126,538915,619437
2.02305E+11,81078,1690376127,539114,620192
2.02305E+11,81207,1690376128,538095,619302
2.02305E+11,81313,1690376129,538583,619896
2.02305E+11,81156,1690376130,539754,620910
2.02305E+11,81295,1690376131,539038,620333
2.02305E+11,81106,1690376132,539635,620741
2.02305E+11,81072,1690376133,540149,621221
2.02305E+11,80754,1690376134,540796,621550
2.02305E+11,80878,1690376135,539925,620803
2.02305E+11,81022,1690376136,539967,620989
2.02305E+11,80851,1690376137,540080,620931
2.02305E+11,81155,1690376139,539839,620994
2.02305E+11,81142,1690376140,540121,621263
2.02305E+11,80992,1690376142,539230,620222
2.02305E+11,81089,1690376143,539275,620364
2.02305E+11,80653,1690376145,539606,620259
2.02305E+11,81355,1690376146,538975,620330
2.02305E+11,80909,1690376147,538590,619499
2.02305E+11,80916,1690376148,538852,619768
2.02305E+11,81149,1690376149,539487,620636
2.02305E+11,81123,1690376150,538670,619793
2.02305E+11,80560,1690376151,540144,620704
2.02305E+11,80607,1690376152,539683,620290
2.02305E+11,81090,1690376153,539537,620627
2.02305E+11,81007,1690376154,539699,620706
2.02305E+11,80943,1690376155,540812,621755
2.02305E+11,81141,1690376156,539785,620926
2.02305E+11,81170,1690376157,539286,620456
2.02305E+11,81263,1690376158,539401,620664
2.02305E+11,81116,1690376159,538943,620059
2.02305E+11,81288,1690376160,539648,620936
2.02305E+11,81198,1690376161,539413,620611
2.02305E+11,81260,1690376162,539893,621153
2.02305E+11,80740,1690376163,538750,619490
2.02305E+11,81332,1690376164,539174,620506
2.02305E+11,80682,1690376165,539267,619949
2.02305E+11,80788,1690376166,539830,620618
2.02305E+11,81201,1690376167,540758,621959
2.02305E+11,80900,1690376168,540383,621283
2.02305E+11,81275,1690376169,540238,621513
2.02305E+11,81059,1690376170,540371,621430
2.02305E+11,81176,1690376171,540114,621290
2.02305E+11,81081,1690376172,539639,620720
2.02305E+11,80989,1690376173,539693,620682
2.02305E+11,81125,1690376174,538987,620112
2.02305E+11,81430,1690376175,538512,619942
2.02305E+11,81230,1690376177,538132,619362
2.02305E+11,81041,1690376176,538184,619225
2.02305E+11,81358,1690376178,539106,620464
2.02305E+11,81310,1690376179,539789,621099
2.02305E+11,80715,1690376180,539264,619979
2.02305E+11,80909,1690376181,539216,620125
2.02305E+11,81205,1690376182,539345,620550
2.02305E+11,81435,1690376183,540373,621808
2.02305E+11,81286,1690376184,540039,621325
2.02305E+11,81469,1690376185,540175,621644
2.02305E+11,80911,1690376186,540062,620973
2.02305E+11,81256,1690376187,539037,620293
2.02305E+11,81124,1690376188,539034,620158
2.02305E+11,81254,1690376189,538938,620192
2.02305E+11,81104,1690376190,538772,619876
2.02305E+11,80593,1690376191,538627,619220
2.02305E+11,81152,1690376192,538269,619421
2.02305E+11,81188,1690376193,538516,619704
2.02305E+11,81323,1690376194,539262,620585
2.02305E+11,81234,1690376195,538909,620143
2.02305E+11,81080,1690376196,539600,620680
2.02305E+11,81019,1690376197,539895,620914
2.02305E+11,81216,1690376198,540000,621216
2.02305E+11,81106,1690376199,539642,620748
2.02305E+11,81074,1690376200,540498,621572
2.02305E+11,81053,1690376201,540099,621152
2.02305E+11,81080,1690376202,539367,620447
2.02305E+11,80755,1690376203,539350,620105
2.02305E+11,81137,1690376204,539404,620541
2.02305E+11,80810,1690376205,539062,619872
2.02305E+11,81153,1690376206,538759,619912
2.02305E+11,80850,1690376207,539956,620806
2.02305E+11,81223,1690376209,539612,620835
2.02305E+11,81147,1690376208,540063,621210
2.02305E+11,81006,1690376210,539351,620357
2.02305E+11,80634,1690376211,539354,619988
2.02305E+11,80559,1690376212,540153,620712
2.02305E+11,81087,1690376213,539943,621030
2.02305E+11,81150,1690376214,540947,622097
2.02305E+11,80730,1690376215,539162,619892
2.02305E+11,81041,1690376216,539279,620320
2.02305E+11,81298,1690376217,539540,620838
2.02305E+11,81112,1690376218,538872,619984
2.02305E+11,81064,1690376219,539215,620279
2.02305E+11,80769,1690376220,538761,619530
2.02305E+11,80911,1690376220,538533,619444
2.02305E+11,81140,1690376222,539376,620516
2.02305E+11,81184,1690376223,539332,620516
2.02305E+11,80944,1690376224,540111,621055
2.02305E+11,81361,1690376225,539722,621083
2.02305E+11,81304,1690376226,540332,621636
2.02305E+11,81176,1690376227,538908,620084
2.02305E+11,81031,1690376228,539901,620932
2.02305E+11,81084,1690376229,540550,621634
2.02305E+11,81160,1690376230,540680,621840
2.02305E+11,81157,1690376231,540613,621770
2.02305E+11,81055,1690376232,539629,620684
2.02305E+11,80955,1690376234,540390,621345
2.02305E+11,80936,1690376233,539674,620610
2.02305E+11,81196,1690376235,539742,620938
2.02305E+11,81016,1690376236,539603,620619
2.02305E+11,81118,1690376237,539377,620495
2.02305E+11,81074,1690376238,539422,620496
2.02305E+11,81093,1690376239,538788,619881
2.02305E+11,81074,1690376240,538792,619866
2.02305E+11,80782,1690376241,539310,620092
2.02305E+11,81142,1690376242,539170,620312
2.02305E+11,81015,1690376243,539179,620194
2.02305E+11,81049,1690376244,539752,620801
2.02305E+11,80746,1690376245,538795,619541
2.02305E+11,81193,1690376246,538595,619788
2.02305E+11,80896,1690376247,539444,620340
2.02305E+11,80831,1690376248,539261,620092
2.02305E+11,81318,1690376249,539634,620952
2.02305E+11,81163,1690376250,539002,620165
2.02305E+11,81455,1690376252,539541,620996
2.02305E+11,81213,1690376251,538983,620196
2.02305E+11,80842,1690376253,538459,619301
2.02305E+11,81153,1690376254,539144,620297
2.02305E+11,81003,1690376255,539191,620194
2.02305E+11,81082,1690376256,538322,619404
2.02305E+11,81094,1690376257,538664,619758
2.02305E+11,81021,1690376258,538496,619517
2.02305E+11,81196,1690376259,538466,619662
2.02305E+11,80994,1690376260,538843,619837
2.02305E+11,81191,1690376261,539357,620548
2.02305E+11,81249,1690376262,539867,621116
2.02305E+11,81005,1690376263,539793,620798
2.02305E+11,81395,1690376264,539905,621300
2.02305E+11,81253,1690376265,539168,620421
2.02305E+11,81076,1690376266,539581,620657
2.02305E+11,80940,1690376267,539757,620697
2.02305E+11,81149,1690376268,539281,620430
2.02305E+11,81318,1690376269,539081,620399
2.02305E+11,81160,1690376270,539177,620337
2.02305E+11,80939,1690376271,539355,620294
2.02305E+11,81094,1690376272,539453,620547
2.02305E+11,80999,1690376273,539146,620145
2.02305E+11,80977,1690376274,538510,619487
2.02305E+11,81241,1690376275,539095,620336
2.02305E+11,80796,1690376276,538429,619225
2.02305E+11,80929,1690376277,539926,620855
2.02305E+11,81295,1690376278,539391,620686
2.02305E+11,81371,1690376279,538947,620318
2.02305E+11,81144,1690376280,538597,619741
2.02305E+11,81040,1690376281,538729,619769
2.02305E+11,80908,1690376282,539364,620272
2.02305E+11,81012,1690376283,539475,620487
2.02305E+11,80970,1690376284,540047,621017
2.02305E+11,81454,1690376285,539109,620563
2.02305E+11,81587,1690376286,539408,620995
2.02305E+11,80701,1690376287,539558,620259
2.02305E+11,81015,1690376288,539495,620510
2.02305E+11,81254,1690376289,540144,621398
2.02305E+11,81403,1690376290,538893,620296
2.02305E+11,81489,1690376291,539069,620558
2.02305E+11,81505,1690376292,539340,620845
2.02305E+11,81240,1690376293,538664,619904
2.02305E+11,81521,1690376294,538429,619950
2.02305E+11,81010,1690376295,539066,620076
2.02305E+11,81100,1690376296,539773,620873
2.02305E+11,80799,1690376297,540161,620960
2.02305E+11,81110,1690376298,539292,620402
2.02305E+11,81245,1690376299,540095,621340
2.02305E+11,81209,1690376300,539151,620360
2.02305E+11,80577,1690376301,539368,619945
2.02305E+11,80893,1690376302,539549,620442
2.02305E+11,81342,1690376303,539779,621121
2.02305E+11,81113,1690376304,0,81113
2.02305E+11,80969,1690376305,0,80969
2.02305E+11,81408,1690376306,0,81408
2.02305E+11,81217,1690376307,0,81217
2.02305E+11,81145,1690376308,0,81145
2.02305E+11,81051,1690376309,0,81051
2.02305E+11,81126,1690376310,0,81126
2.02305E+11,80577,1690376311,542094,622671
2.02305E+11,81030,1690376313,538211,619241
2.02305E+11,80881,1690376312,538596,619477
2.02305E+11,80683,1690376314,538409,619092
2.02305E+11,80908,1690376315,537895,618803
2.02305E+11,81254,1690376316,537586,618840
2.02305E+11,81707,1690376317,537894,619601
2.02305E+11,81152,1690376318,537961,619113
2.02305E+11,81275,1690376319,537527,618802
2.02305E+11,81160,1690376320,537263,618423
2.02305E+11,81574,1690376321,537408,618982
2.02305E+11,81557,1690376322,538320,619877
2.02305E+11,81229,1690376324,537050,618279
2.02305E+11,81275,1690376325,536210,617485
2.02305E+11,81312,1690376326,536640,617952
2.02305E+11,81100,1690376327,537368,618468
2.02305E+11,81322,1690376328,537965,619287
2.02305E+11,81181,1690376329,537037,618218
2.02305E+11,80800,1690376330,536828,617628
2.02305E+11,81148,1690376331,537829,618977
2.02305E+11,80743,1690376332,537965,618708
2.02305E+11,81197,1690376333,538403,619600
2.02305E+11,81961,1690376334,538574,620535
2.02305E+11,81126,1690376335,538310,619436
2.02305E+11,80671,1690376336,538034,618705
2.02305E+11,81155,1690376337,539176,620331
2.02305E+11,81018,1690376338,537664,618682
2.02305E+11,80869,1690376339,538338,619207
2.02305E+11,81038,1690376340,537001,618039
2.02305E+11,81219,1690376341,537485,618704
2.02305E+11,81172,1690376342,537503,618675
2.02305E+11,81226,1690376343,536731,617957
2.02305E+11,81477,1690376344,536865,618342
2.02305E+11,80820,1690376345,536785,617605
2.02305E+11,81258,1690376346,537274,618532
2.02305E+11,80958,1690376347,536416,617374
2.02305E+11,81230,1690376348,535883,617113
2.02305E+11,81325,1690376349,536030,617355
2.02305E+11,81166,1690376350,536490,617656
2.02305E+11,81114,1690376351,536883,617997
2.02305E+11,81087,1690376352,536891,617978
2.02305E+11,80681,1690376353,536340,617021
2.02305E+11,81039,1690376354,536200,617239
2.02305E+11,81289,1690376355,536259,617548
2.02305E+11,81391,1690376356,536591,617982
2.02305E+11,81291,1690376357,536705,617996
2.02305E+11,81294,1690376358,537295,618589
2.02305E+11,81259,1690376359,536997,618256
2.02305E+11,81161,1690376360,537194,618355
2.02305E+11,81605,1690376361,537029,618634
2.02305E+11,81200,1690376362,536948,618148
2.02305E+11,81433,1690376363,536114,617547
2.02305E+11,81368,1690376364,537021,618389
2.02305E+11,81388,1690376365,536106,617494
2.02305E+11,81170,1690376366,535766,616936
2.02305E+11,81411,1690376367,535696,617107
2.02305E+11,81095,1690376368,535450,616545
2.02305E+11,80844,1690376369,536110,616954
2.02305E+11,81275,1690376370,536403,617678
2.02305E+11,81276,1690376371,536287,617563
2.02305E+11,81456,1690376372,536907,618363
2.02305E+11,81026,1690376373,536801,617827
2.02305E+11,81119,1690376374,537507,618626
2.02305E+11,81383,1690376375,537210,618593
2.02305E+11,81101,1690376376,536427,617528
2.02305E+11,81350,1690376377,536674,618024
2.02305E+11,81397,1690376378,536516,617913
2.02305E+11,81062,1690376379,536316,617378
2.02305E+11,81254,1690376380,535953,617207
2.02305E+11,80878,1690376381,536462,617340
2.02305E+11,81126,1690376382,535936,617062
2.02305E+11,80626,1690376383,535714,616340
2.02305E+11,80968,1690376384,536005,616973
2.02305E+11,81158,1690376385,535807,616965
2.02305E+11,80968,1690376386,536331,617299
2.02305E+11,80882,1690376387,535842,616724
2.02305E+11,81426,1690376388,536527,617953
2.02305E+11,81432,1690376389,537395,618827
2.02305E+11,80923,1690376390,536813,617736
2.02305E+11,80695,1690376391,536638,617333
2.02305E+11,81452,1690376392,536293,617745
2.02305E+11,81241,1690376393,535399,616640
2.02305E+11,80920,1690376394,536434,617354
2.02305E+11,81364,1690376395,536432,617796
2.02305E+11,81045,1690376396,535673,616718
2.02305E+11,81394,1690376397,536158,617552
2.02305E+11,81283,1690376398,535051,616334
2.02305E+11,81101,1690376399,535938,617039
2.02305E+11,81564,1690376400,536040,617604
2.02305E+11,81190,1690376401,536011,617201
2.02305E+11,80943,1690376402,535561,616504
2.02305E+11,81081,1690376403,537081,618162
2.02305E+11,81227,1690376404,536782,618009
2.02305E+11,81347,1690376405,536207,617554
2.02305E+11,81251,1690376406,536558,617809
2.02305E+11,81105,1690376407,535306,616411
2.02305E+11,81066,1690376408,536020,617086
2.02305E+11,80507,1690376409,535672,616179
2.02305E+11,81170,1690376410,536707,617877
2.02305E+11,80819,1690376411,536867,617686
2.02305E+11,81137,1690376412,536350,617487
2.02305E+11,81180,1690376413,536645,617825
2.02305E+11,81263,1690376414,535664,616927
2.02305E+11,81393,1690376415,535818,617211
2.02305E+11,81406,1690376416,535086,616492
2.02305E+11,80945,1690376417,535009,615954
2.02305E+11,80921,1690376418,535728,616649
2.02305E+11,81268,1690376419,535243,616511
2.02305E+11,80768,1690376420,534585,615353
2.02305E+11,81319,1690376421,534258,615577
2.02305E+11,81238,1690376422,534888,616126
2.02305E+11,81283,1690376423,534881,616164
2.02305E+11,81031,1690376424,534939,615970
2.02305E+11,81237,1690376425,534498,615735
2.02305E+11,81081,1690376426,536590,617671
2.02305E+11,81072,1690376427,536329,617401
2.02305E+11,81265,1690376428,536785,618050
2.02305E+11,81033,1690376429,536967,618000
2.02305E+11,81141,1690376430,536418,617559
2.02305E+11,81057,1690376431,536472,617529
2.02305E+11,80894,1690376432,536258,617152
2.02305E+11,81352,1690376433,535827,617179
2.02305E+11,81454,1690376434,535941,617395
2.02305E+11,80854,1690376435,534659,615513
2.02305E+11,81171,1690376436,534935,616106
2.02305E+11,81138,1690376437,535841,616979
2.02305E+11,81397,1690376438,535307,616704
2.02305E+11,81316,1690376439,535906,617222
2.02305E+11,81023,1690376440,535709,616732
2.02305E+11,81435,1690376441,535720,617155
2.02305E+11,80758,1690376442,535853,616611
2.02305E+11,81149,1690376443,536363,617512
2.02305E+11,81217,1690376444,536222,617439
2.02305E+11,81394,1690376445,536961,618355
2.02305E+11,81074,1690376446,536935,618009
2.02305E+11,81259,1690376447,536674,617933
2.02305E+11,81617,1690376448,536313,617930
2.02305E+11,81255,1690376449,537069,618324
2.02305E+11,81446,1690376450,536295,617741
2.02305E+11,81398,1690376451,537590,618988
2.02305E+11,81202,1690376452,536974,618176
2.02305E+11,81600,1690376453,536576,618176
2.02305E+11,81573,1690376454,537149,618722
2.02305E+11,81372,1690376455,537609,618981
2.02305E+11,81153,1690376456,537696,618849
2.02305E+11,81401,1690376457,536658,618059
2.02305E+11,81328,1690376458,536796,618124
2.02305E+11,81228,1690376459,535139,616367
2.02305E+11,81182,1690376460,535242,616424
2.02305E+11,81215,1690376461,534069,615284
2.02305E+11,81312,1690376462,533779,615091
2.02305E+11,80916,1690376463,533748,614664
2.02305E+11,80761,1690376464,534396,615157
2.02305E+11,81182,1690376465,534387,615569
2.02305E+11,81068,1690376466,535144,616212
2.02305E+11,81039,1690376467,534758,615797
2.02305E+11,81293,1690376468,534529,615822
2.02305E+11,80880,1690376469,534584,615464
2.02305E+11,81045,1690376470,535061,616106
2.02305E+11,80898,1690376471,536133,617031
2.02305E+11,80789,1690376472,535885,616674
2.02305E+11,81018,1690376473,536166,617184
2.02305E+11,81069,1690376474,536182,617251
2.02305E+11,81381,1690376475,535818,617199
2.02305E+11,81022,1690376476,534762,615784
2.02305E+11,80983,1690376477,535143,616126
2.02305E+11,80779,1690376478,535819,616598
2.02305E+11,81340,1690376479,535947,617287
2.02305E+11,80852,1690376480,534962,615814
2.02305E+11,80643,1690376481,535286,615929
2.02305E+11,81018,1690376482,535684,616702
2.02305E+11,81063,1690376483,536029,617092
2.02305E+11,81189,1690376484,536188,617377
2.02305E+11,80954,1690376485,535398,616352
2.02305E+11,80984,1690376486,536172,617156
2.02305E+11,80735,1690376487,535297,616032
2.02305E+11,80908,1690376488,535946,616854
2.02305E+11,80807,1690376489,535953,616760
2.02305E+11,81090,1690376490,535778,616868
2.02305E+11,81404,1690376491,535944,617348
2.02305E+11,81013,1690376492,535849,616862
2.02305E+11,80869,1690376494,535502,616371
2.02305E+11,81031,1690376495,536015,617046
2.02305E+11,80946,1690376496,536506,617452
2.02305E+11,81048,1690376497,536175,617223
2.02305E+11,81129,1690376498,534928,616057
2.02305E+11,81176,1690376499,535912,617088
2.02305E+11,80865,1690376500,535709,616574
2.02305E+11,81340,1690376501,535194,616534
2.02305E+11,81170,1690376502,535631,616801
2.02305E+11,80996,1690376503,535127,616123
2.02305E+11,81531,1690376504,535486,617017
2.02305E+11,81317,1690376505,535261,616578
2.02305E+11,81276,1690376506,535235,616511
2.02305E+11,81241,1690376507,534866,616107
2.02305E+11,81320,1690376508,533895,615215
2.02305E+11,81575,1690376509,534632,616207
2.02305E+11,81215,1690376510,535027,616242
2.02305E+11,81639,1690376511,534649,616288
2.02305E+11,81430,1690376512,534605,616035
2.02305E+11,81196,1690376513,534753,615949
2.02305E+11,81036,1690376514,534862,615898
2.02305E+11,81171,1690376515,533993,615164
2.02305E+11,81349,1690376516,1577086,1658435
2.02305E+11,81169,1690376517,1579843,1661012
2.02305E+11,81214,1690376519,1578686,1659900
2.02305E+11,80998,1690376520,534163,615161
2.02305E+11,81091,1690376521,872492,953583
2.02305E+11,81432,1690376523,873156,954588
2.02305E+11,81366,1690376525,872631,953997
2.02305E+11,81097,1690376524,872453,953550
2.02305E+11,81429,1690376526,873218,954647
2.02305E+11,80705,1690376527,873560,954265
2.02305E+11,81221,1690376528,872931,954152
2.02305E+11,81105,1690376529,872926,954031
2.02305E+11,80998,1690376530,873185,954183
2.02305E+11,81329,1690376531,873744,955073
2.02305E+11,80944,1690376532,873661,954605
2.02305E+11,81086,1690376533,873463,954549
2.02305E+11,81399,1690376534,873289,954688
2.02305E+11,81157,1690376535,872996,954153
2.02305E+11,81025,1690376536,872813,953838
2.02305E+11,80827,1690376537,873277,954104
2.02305E+11,81067,1690376538,873700,954767
2.02305E+11,80819,1690376539,873656,954475
2.02305E+11,80754,1690376540,873806,954560
2.02305E+11,81124,1690376541,873573,954697
2.02305E+11,80931,1690376542,872645,953576
2.02305E+11,81280,1690376543,872429,953709
2.02305E+11,80726,1690376544,873224,953950
2.02305E+11,80963,1690376545,873010,953973
2.02305E+11,81272,1690376546,872209,953481
2.02305E+11,81210,1690376547,873041,954251
2.02305E+11,81073,1690376548,873321,954394
2.02305E+11,80711,1690376549,872802,953513
2.02305E+11,80766,1690376550,873413,954179
2.02305E+11,81238,1690376551,874054,955292
2.02305E+11,81320,1690376552,873234,954554
2.02305E+11,80821,1690376553,872927,953748
2.02305E+11,81140,1690376554,871955,953095
2.02305E+11,81097,1690376555,871483,952580
2.02305E+11,80971,1690376556,870337,951308
2.02305E+11,81256,1690376557,870439,951695
2.02305E+11,81356,1690376558,872129,953485
2.02305E+11,81191,1690376559,872339,953530
2.02305E+11,81348,1690376560,872958,954306
2.02305E+11,81113,1690376561,873480,954593
2.02305E+11,80920,1690376562,874090,955010
2.02305E+11,81085,1690376563,876431,957516
2.02305E+11,80913,1690376564,876504,957417
2.02305E+11,81490,1690376565,875560,957050
2.02305E+11,81116,1690376566,874791,955907
2.02305E+11,81042,1690376567,874872,955914
2.02305E+11,81366,1690376568,875717,957083
2.02305E+11,81203,1690376569,874556,955759
2.02305E+11,81159,1690376570,874694,955853
2.02305E+11,80947,1690376571,875062,956009
2.02305E+11,81336,1690376572,875050,956386
2.02305E+11,80939,1690376573,875240,956179
2.02305E+11,81299,1690376574,874903,956202
2.02305E+11,81104,1690376575,875946,957050
2.02305E+11,81327,1690376576,875447,956774
2.02305E+11,80977,1690376577,875533,956510
2.02305E+11,80835,1690376578,874991,955826
2.02305E+11,81458,1690376579,876099,957557
2.02305E+11,81518,1690376580,876203,957721
2.02305E+11,81396,1690376582,876790,958186
2.02305E+11,81343,1690376581,876611,957954
2.02305E+11,80988,1690376583,876804,957792
2.02305E+11,81211,1690376585,876785,957996
2.02305E+11,81505,1690376587,875613,957118
2.02305E+11,81323,1690376586,872768,954091
2.02305E+11,81038,1690376588,874289,955327
2.02305E+11,81609,1690376589,875534,957143
2.02305E+11,81256,1690376590,874782,956038
2.02305E+11,81203,1690376591,875049,956252
2.02305E+11,81167,1690376592,874862,956029
2.02305E+11,80943,1690376593,873571,954514
2.02305E+11,81662,1690376594,873786,955448
2.02305E+11,81354,1690376595,873542,954896
2.02305E+11,80846,1690376596,874318,955164
2.02305E+11,81084,1690376597,875027,956111
2.02305E+11,81283,1690376598,874413,955696
2.02305E+11,81132,1690376599,874289,955421
2.02305E+11,81212,1690376600,875023,956235
2.02305E+11,81057,1690376601,876253,957310
2.02305E+11,81018,1690376602,876642,957660
2.02305E+11,81027,1690376603,875938,956965
2.02305E+11,81306,1690376604,875790,957096
2.02305E+11,80628,1690376605,876742,957370
2.02305E+11,80698,1690376606,876160,956858
2.02305E+11,80829,1690376607,876715,957544
2.02305E+11,81340,1690376608,875915,957255
2.02305E+11,81222,1690376609,876623,957845
2.02305E+11,81162,1690376610,876473,957635
2.02305E+11,81538,1690376611,876172,957710
2.02305E+11,81273,1690376612,875458,956731
2.02305E+11,81078,1690376613,875907,956985
2.02305E+11,81265,1690376614,876305,957570
2.02305E+11,81293,1690376615,875534,956827
2.02305E+11,81094,1690376616,876221,957315
2.02305E+11,81081,1690376617,876435,957516
2.02305E+11,81252,1690376618,874548,955800
2.02305E+11,81186,1690376619,875119,956305
2.02305E+11,81529,1690376620,874791,956320
2.02305E+11,81230,1690376621,875343,956573
2.02305E+11,81294,1690376622,875560,956854
2.02305E+11,81422,1690376623,875504,956926
2.02305E+11,81297,1690376624,876634,957931
2.02305E+11,81034,1690376626,875182,956216
2.02305E+11,81402,1690376625,875048,956450
2.02305E+11,81183,1690376627,875853,957036
2.02305E+11,81310,1690376629,874740,956050
2.02305E+11,81330,1690376628,875169,956499
2.02305E+11,81075,1690376630,875162,956237
2.02305E+11,81199,1690376631,874769,955968
2.02305E+11,81251,1690376632,875546,956797
2.02305E+11,81326,1690376633,875720,957046
2.02305E+11,80820,1690376634,873943,954763
2.02305E+11,80705,1690376635,873943,954648
2.02305E+11,80761,1690376636,874115,954876
2.02305E+11,81100,1690376637,873638,954738
2.02305E+11,80743,1690376638,873309,954052
2.02305E+11,81115,1690376639,873727,954842
2.02305E+11,81048,1690376640,873870,954918
2.02305E+11,80926,1690376641,873726,954652
2.02305E+11,81028,1690376642,873713,954741
2.02305E+11,81300,1690376643,874340,955640
2.02305E+11,81237,1690376644,873953,955190
2.02305E+11,81466,1690376645,873781,955247
2.02305E+11,81210,1690376646,872638,953848
2.02305E+11,81073,1690376647,873956,955029
2.02305E+11,81525,1690376648,872824,954349
2.02305E+11,80982,1690376649,873590,954572
2.02305E+11,81371,1690376650,873437,954808
2.02305E+11,81339,1690376651,874292,955631
2.02305E+11,81139,1690376652,874269,955408
2.02305E+11,81295,1690376653,874959,956254
2.02305E+11,81046,1690376654,874339,955385
2.02305E+11,81273,1690376655,874355,955628
2.02305E+11,81204,1690376656,875446,956650
2.02305E+11,81395,1690376657,876152,957547
2.02305E+11,81336,1690376658,875970,957306
2.02305E+11,81279,1690376659,875990,957269
2.02305E+11,80803,1690376660,875875,956678
2.02305E+11,81381,1690376661,875586,956967
2.02305E+11,81731,1690376662,874298,956029
2.02305E+11,81199,1690376663,874012,955211
2.02305E+11,81108,1690376664,874100,955208
2.02305E+11,81322,1690376665,875327,956649
2.02305E+11,81388,1690376666,875434,956822
2.02305E+11,81449,1690376667,875186,956635
2.02305E+11,81166,1690376668,874453,955619
2.02305E+11,81041,1690376669,875186,956227
2.02305E+11,81252,1690376670,874605,955857
2.02305E+11,81424,1690376671,874123,955547
2.02305E+11,81287,1690376672,874713,956000
2.02305E+11,81196,1690376673,874734,955930
2.02305E+11,81357,1690376674,876237,957594
2.02305E+11,81433,1690376675,876502,957935
2.02305E+11,81159,1690376676,875205,956364
2.02305E+11,81500,1690376677,872036,953536
2.02305E+11,81112,1690376678,873792,954904
2.02305E+11,81166,1690376679,873627,954793
2.02305E+11,80463,1690376680,874123,954586
2.02305E+11,81194,1690376681,873794,954988
2.02305E+11,81064,1690376682,871345,952409
2.02305E+11,81202,1690376683,872374,953576
2.02305E+11,80769,1690376684,874017,954786
2.02305E+11,80940,1690376685,874586,955526
2.02305E+11,80738,1690376686,875268,956006
2.02305E+11,81202,1690376687,875120,956322
2.02305E+11,80951,1690376688,875301,956252
2.02305E+11,80836,1690376689,874298,955134
2.02305E+11,81133,1690376690,873884,955017
2.02305E+11,81039,1690376691,875412,956451
2.02305E+11,81452,1690376692,874821,956273
2.02305E+11,81313,1690376693,874714,956027
2.02305E+11,80354,1690376694,874632,954986
2.02305E+11,81136,1690376695,874452,955588
2.02305E+11,81150,1690376696,875268,956418
2.02305E+11,81300,1690376697,873887,955187
2.02305E+11,81215,1690376698,874753,955968
2.02305E+11,81234,1690376699,875222,956456
2.02305E+11,80770,1690376700,875598,956368
2.02305E+11,81184,1690376701,874042,955226
2.02305E+11,80678,1690376702,874517,955195
2.02305E+11,81129,1690376703,874723,955852
2.02305E+11,81409,1690376704,874407,955816
2.02305E+11,80974,1690376705,875161,956135
2.02305E+11,81100,1690376706,874641,955741
2.02305E+11,81208,1690376707,874346,955554
2.02305E+11,81106,1690376708,870757,951863
2.02305E+11,81212,1690376709,875400,956612
2.02305E+11,81186,1690376710,875376,956562
2.02305E+11,81345,1690376711,874980,956325
2.02305E+11,81500,1690376712,874505,956005
2.02305E+11,81294,1690376713,872978,954272
2.02305E+11,81462,1690376714,874639,956101
2.02305E+11,81456,1690376715,874454,955910
2.02305E+11,81558,1690376716,875508,957066
2.02305E+11,81390,1690376717,874915,956305
2.02305E+11,81518,1690376718,874218,955736
2.02305E+11,81692,1690376719,875313,957005
2.02305E+11,81285,1690376720,874544,955829
2.02305E+11,81492,1690376721,874382,955874
2.02305E+11,81585,1690376722,875959,957544
2.02305E+11,81339,1690376724,874133,955472
2.02305E+11,81262,1690376725,874872,956134
2.02305E+11,81496,1690376726,874247,955743
2.02305E+11,81583,1690376727,874218,955801
2.02305E+11,81219,1690376728,874467,955686
2.02305E+11,81032,1690376729,874077,955109
2.02305E+11,81550,1690376730,873815,955365
2.02305E+11,81432,1690376731,874518,955950
2.02305E+11,81750,1690376732,873420,955170
2.02305E+11,81219,1690376733,873926,955145
2.02305E+11,81495,1690376734,874890,956385
2.02305E+11,81382,1690376735,873835,955217
2.02305E+11,81209,1690376736,875363,956572
2.02305E+11,81173,1690376737,873967,955140
2.02305E+11,81697,1690376738,874630,956327
2.02305E+11,81459,1690376739,874796,956255
2.02305E+11,81455,1690376740,874380,955835
2.02305E+11,81438,1690376741,874745,956183
2.02305E+11,81577,1690376742,875419,956996
2.02305E+11,81672,1690376743,874109,955781
2.02305E+11,81691,1690376744,875402,957093
2.02305E+11,81131,1690376745,872305,953436
2.02305E+11,81093,1690376746,875086,956179
2.02305E+11,81643,1690376747,875382,957025
2.02305E+11,81509,1690376748,874864,956373
2.02305E+11,81541,1690376749,875017,956558
2.02305E+11,81472,1690376750,874576,956048
2.02305E+11,81414,1690376751,875139,956553
2.02305E+11,81486,1690376752,874188,955674
2.02305E+11,81483,1690376753,875173,956656
2.02305E+11,81311,1690376754,874964,956275
2.02305E+11,81297,1690376755,876395,957692
2.02305E+11,81348,1690376756,875853,957201
2.02305E+11,81203,1690376757,874583,955786
2.02305E+11,81233,1690376758,876797,958030
2.02305E+11,81226,1690376759,875405,956631
2.02305E+11,81308,1690376760,875723,957031
2.02305E+11,81183,1690376761,875793,956976
2.02305E+11,81433,1690376762,876675,958108
2.02305E+11,81213,1690376763,877121,958334
2.02305E+11,81117,1690376764,876779,957896
2.02305E+11,81209,1690376765,875618,956827
2.02305E+11,81223,1690376767,875931,957154
2.02305E+11,81085,1690376766,876157,957242
2.02305E+11,81273,1690376768,874944,956217
2.02305E+11,81209,1690376770,874484,955693
2.02305E+11,80968,1690376769,875464,956432
2.02305E+11,81062,1690376771,874707,955769
2.02305E+11,81220,1690376772,874911,956131
2.02305E+11,80777,1690376773,874081,954858
2.02305E+11,81363,1690376774,874020,955383
2.02305E+11,81020,1690376775,874502,955522
2.02305E+11,80916,1690376776,875063,955979
2.02305E+11,80950,1690376777,875905,956855
2.02305E+11,81238,1690376778,876019,957257
2.02305E+11,81104,1690376779,875072,956176
2.02305E+11,80800,1690376780,875305,956105
2.02305E+11,81031,1690376781,875192,956223
2.02305E+11,81262,1690376782,876262,957524
2.02305E+11,80823,1690376783,875234,956057
2.02305E+11,80786,1690376784,875992,956778
2.02305E+11,81363,1690376785,875654,957017
2.02305E+11,81268,1690376786,875388,956656
2.02305E+11,81148,1690376787,875625,956773
2.02305E+11,81501,1690376788,875247,956748
2.02305E+11,81513,1690376789,874866,956379
2.02305E+11,81458,1690376790,874877,956335
2.02305E+11,81478,1690376791,874929,956407
2.02305E+11,81057,1690376792,874556,955613
2.02305E+11,81532,1690376793,874788,956320
2.02305E+11,80778,1690376794,875109,955887
2.02305E+11,81359,1690376795,874685,956044
2.02305E+11,81295,1690376796,874027,955322
2.02305E+11,81460,1690376797,875288,956748
2.02305E+11,81448,1690376798,875592,957040
2.02305E+11,81583,1690376799,875349,956932
2.02305E+11,81148,1690376800,876112,957260
2.02305E+11,81429,1690376801,875750,957179
2.02305E+11,81511,1690376802,874701,956212
2.02305E+11,81388,1690376803,875602,956990
2.02305E+11,80804,1690376804,875021,955825
2.02305E+11,81653,1690376805,875713,957366
2.02305E+11,80931,1690376806,875926,956857
2.02305E+11,81314,1690376807,875527,956841
2.02305E+11,81425,1690376808,875435,956860
2.02305E+11,80828,1690376809,875568,956396
2.02305E+11,81097,1690376810,875282,956379
2.02305E+11,81418,1690376811,874149,955567
2.02305E+11,81524,1690376812,874809,956333
2.02305E+11,81412,1690376813,874810,956222
2.02305E+11,81072,1690376814,875489,956561
2.02305E+11,81431,1690376815,875774,957205
2.02305E+11,80451,1690376816,875709,956160
2.02305E+11,80657,1690376817,874641,955298
2.02305E+11,81329,1690376818,875132,956461
2.02305E+11,80977,1690376819,874709,955686
2.02305E+11,81093,1690376820,874760,955853
2.02305E+11,81286,1690376821,875019,956305
2.02305E+11,81276,1690376821,875416,956692
2.02305E+11,81363,1690376822,874252,955615
2.02305E+11,80592,1690376824,874211,954803
2.02305E+11,81140,1690376825,874835,955975
2.02305E+11,81391,1690376826,875296,956687
2.02305E+11,81057,1690376827,875102,956159
2.02305E+11,81375,1690376828,875340,956715
2.02305E+11,80939,1690376829,874419,955358
2.02305E+11,81082,1690376830,875242,956324
2.02305E+11,81196,1690376831,874935,956131
2.02305E+11,81384,1690376832,875154,956538
2.02305E+11,80835,1690376833,875395,956230
2.02305E+11,81141,1690376834,874873,956014
2.02305E+11,81048,1690376835,876013,957061
2.02305E+11,80923,1690376836,875757,956680
2.02305E+11,80642,1690376837,875002,955644
2.02305E+11,81145,1690376838,875950,957095
2.02305E+11,81160,1690376839,874459,955619
2.02305E+11,81045,1690376840,874779,955824
2.02305E+11,81527,1690376841,874865,956392
2.02305E+11,81240,1690376842,875755,956995
2.02305E+11,81116,1690376843,875117,956233
2.02305E+11,80905,1690376844,874826,955731
2.02305E+11,81524,1690376845,874770,956294
2.02305E+11,81514,1690376846,874285,955799
2.02305E+11,81195,1690376847,874865,956060
2.02305E+11,80880,1690376848,875259,956139
2.02305E+11,81680,1690376849,875094,956774
2.02305E+11,81493,1690376850,876406,957899
2.02305E+11,81557,1690376851,874792,956349
2.02305E+11,81461,1690376852,875165,956626
2.02305E+11,81400,1690376853,874147,955547
2.02305E+11,81358,1690376854,874619,955977
2.02305E+11,80906,1690376855,874104,955010
2.02305E+11,81495,1690376856,874616,956111
2.02305E+11,81310,1690376857,874746,956056
2.02305E+11,81436,1690376858,874190,955626
2.02305E+11,81285,1690376859,874202,955487
2.02305E+11,80892,1690376860,873280,954172
2.02305E+11,81054,1690376861,873627,954681
2.02305E+11,81193,1690376862,873683,954876
2.02305E+11,80986,1690376863,874072,955058
2.02305E+11,81061,1690376864,873986,955047
2.02305E+11,81110,1690376865,873755,954865
2.02305E+11,81066,1690376866,874248,955314
2.02305E+11,81056,1690376867,875042,956098
2.02305E+11,81068,1690376868,875235,956303
2.02305E+11,80764,1690376869,873978,954742
2.02305E+11,81085,1690376870,874890,955975
2.02305E+11,81107,1690376871,874396,955503
2.02305E+11,80993,1690376872,874516,955509
2.02305E+11,80709,1690376873,875213,955922
2.02305E+11,80389,1690376874,874392,954781
2.02305E+11,81058,1690376875,874161,955219
2.02305E+11,81126,1690376876,874106,955232
2.02305E+11,81200,1690376877,874141,955341
2.02305E+11,80631,1690376878,873960,954591
2.02305E+11,81019,1690376879,874185,955204
2.02305E+11,0,1690376880,872420,872420
2.02305E+11,0,1690376881,874037,874037
2.02305E+11,0,1690376882,874215,874215
2.02305E+11,0,1690376883,874567,874567
2.02305E+11,0,1690376885,874477,874477
2.02305E+11,0,1690376886,875148,875148
2.02305E+11,0,1690376887,875529,875529
2.02305E+11,0,1690376888,876431,876431
2.02305E+11,0,1690376889,876143,876143
2.02305E+11,0,1690376890,874575,874575
2.02305E+11,0,1690376891,874886,874886
2.02305E+11,0,1690376892,875159,875159
2.02305E+11,0,1690376893,875102,875102
2.02305E+11,0,1690376894,875428,875428
2.02305E+11,0,1690376895,874196,874196
2.02305E+11,0,1690376896,874349,874349
2.02305E+11,0,1690376897,874955,874955
2.02305E+11,0,1690376898,874299,874299
2.02305E+11,0,1690376899,874685,874685
2.02305E+11,0,1690376900,875231,875231
2.02305E+11,0,1690376901,874846,874846
2.02305E+11,0,1690376902,875633,875633
2.02305E+11,0,1690376903,874580,874580
2.02305E+11,0,1690376904,874796,874796
2.02305E+11,0,1690376905,874652,874652
2.02305E+11,0,1690376906,874999,874999
2.02305E+11,0,1690376907,874580,874580
2.02305E+11,0,1690376908,874788,874788
2.02305E+11,0,1690376909,875019,875019
2.02305E+11,0,1690376910,874555,874555
2.02305E+11,0,1690376911,875395,875395
2.02305E+11,0,1690376912,874222,874222
2.02305E+11,0,1690376913,873301,873301
2.02305E+11,0,1690376914,873182,873182
2.02305E+11,0,1690376915,871361,871361
2.02305E+11,0,1690376916,873009,873009
2.02305E+11,0,1690376917,872384,872384
2.02305E+11,0,1690376918,873052,873052
2.02305E+11,0,1690376919,873996,873996
2.02305E+11,0,1690376920,875397,875397
2.02305E+11,0,1690376921,875607,875607
2.02305E+11,0,1690376922,876101,876101
2.02305E+11,0,1690376923,875232,875232
2.02305E+11,0,1690376924,874309,874309
2.02305E+11,0,1690376925,875433,875433
2.02305E+11,0,1690376926,875789,875789
2.02305E+11,0,1690376927,875947,875947
2.02305E+11,0,1690376928,874797,874797
2.02305E+11,0,1690376929,874950,874950
2.02305E+11,0,1690376930,875109,875109
2.02305E+11,0,1690376931,875136,875136
2.02305E+11,0,1690376932,875662,875662
2.02305E+11,0,1690376933,875920,875920
2.02305E+11,0,1690376934,875913,875913
2.02305E+11,0,1690376935,876316,876316
2.02305E+11,0,1690376936,876884,876884
2.02305E+11,0,1690376937,875396,875396
2.02305E+11,0,1690376938,875668,875668
2.02305E+11,0,1690376939,876542,876542
2.02305E+11,0,1690376940,876046,876046
2.02305E+11,0,1690376941,877149,877149
2.02305E+11,0,1690376942,876556,876556
2.02305E+11,0,1690376943,876360,876360
2.02305E+11,0,1690376944,876257,876257
2.02305E+11,0,1690376945,877207,877207
2.02305E+11,0,1690376946,876835,876835
2.02305E+11,0,1690376947,873928,873928
2.02305E+11,0,1690376948,876683,876683
2.02305E+11,0,1690376949,876491,876491
2.02305E+11,0,1690376950,876946,876946
2.02305E+11,0,1690376951,877206,877206
2.02305E+11,0,1690376952,876525,876525
2.02305E+11,0,1690376953,877745,877745
2.02305E+11,0,1690376954,876405,876405
2.02305E+11,0,1690376955,876481,876481
2.02305E+11,0,1690376956,876107,876107
2.02305E+11,0,1690376957,876189,876189
2.02305E+11,0,1690376958,876360,876360
2.02305E+11,0,1690376959,875940,875940
2.02305E+11,0,1690376960,876198,876198
2.02305E+11,0,1690376961,875768,875768
2.02305E+11,0,1690376962,876183,876183
2.02305E+11,0,1690376963,876242,876242
2.02305E+11,0,1690376964,875383,875383
2.02305E+11,0,1690376965,875909,875909
2.02305E+11,0,1690376966,875720,875720
2.02305E+11,0,1690376967,874722,874722
2.02305E+11,0,1690376968,875243,875243
2.02305E+11,0,1690376969,876416,876416
2.02305E+11,0,1690376970,875365,875365
2.02305E+11,0,1690376971,875995,875995
2.02305E+11,0,1690376972,875191,875191
2.02305E+11,0,1690376973,875465,875465
2.02305E+11,0,1690376974,875430,875430
2.02305E+11,0,1690376975,875548,875548
2.02305E+11,0,1690376976,876126,876126
2.02305E+11,0,1690376977,875969,875969
2.02305E+11,0,1690376978,875327,875327
2.02305E+11,0,1690376979,876339,876339
2.02305E+11,0,1690376980,875060,875060
2.02305E+11,0,1690376981,874682,874682
2.02305E+11,0,1690376982,875097,875097
2.02305E+11,0,1690376983,875095,875095
2.02305E+11,0,1690376984,875694,875694
2.02305E+11,0,1690376985,876210,876210
2.02305E+11,0,1690376986,876912,876912
2.02305E+11,0,1690376987,877244,877244
2.02305E+11,0,1690376988,876007,876007
2.02305E+11,0,1690376989,875841,875841
2.02305E+11,0,1690376990,876039,876039
2.02305E+11,0,1690376991,872596,872596
2.02305E+11,0,1690376992,875473,875473
2.02305E+11,0,1690376993,874549,874549
2.02305E+11,0,1690376994,875260,875260
2.02305E+11,0,1690376995,873669,873669
2.02305E+11,0,1690376996,875925,875925
2.02305E+11,0,1690376997,874449,874449
2.02305E+11,0,1690376998,875776,875776
2.02305E+11,0,1690376999,876658,876658
2.02305E+11,0,1690377000,875874,875874
2.02305E+11,0,1690377001,876225,876225
2.02305E+11,0,1690377002,876817,876817
2.02305E+11,0,1690377003,877079,877079
2.02305E+11,0,1690377004,875455,875455
2.02305E+11,0,1690377005,876408,876408
2.02305E+11,0,1690377006,876191,876191
2.02305E+11,0,1690377007,875313,875313
2.02305E+11,0,1690377008,874582,874582
2.02305E+11,0,1690377009,875074,875074
2.02305E+11,0,1690377010,875306,875306
2.02305E+11,0,1690377011,875242,875242
2.02305E+11,0,1690377012,874815,874815
2.02305E+11,0,1690377013,874591,874591
2.02305E+11,0,1690377014,874548,874548
2.02305E+11,0,1690377015,875129,875129
2.02305E+11,0,1690377016,876035,876035
2.02305E+11,0,1690377017,875761,875761
2.02305E+11,0,1690377018,875842,875842
2.02305E+11,0,1690377019,875819,875819
2.02305E+11,0,1690377020,875857,875857
2.02305E+11,0,1690377021,875353,875353
2.02305E+11,0,1690377022,875484,875484
2.02305E+11,0,1690377023,875103,875103
2.02305E+11,0,1690377024,874941,874941
2.02305E+11,0,1690377025,874455,874455
2.02305E+11,0,1690377026,873334,873334
2.02305E+11,0,1690377027,874277,874277
2.02305E+11,0,1690377028,874357,874357
2.02305E+11,0,1690377029,875418,875418
2.02305E+11,0,1690377030,876756,876756
2.02305E+11,0,1690377031,874817,874817
2.02305E+11,0,1690377032,876170,876170
2.02305E+11,0,1690377033,874875,874875
2.02305E+11,0,1690377034,876260,876260
2.02305E+11,0,1690377035,876334,876334
2.02305E+11,0,1690377036,875734,875734
2.02305E+11,0,1690377037,875587,875587
2.02305E+11,0,1690377038,874573,874573
2.02305E+11,0,1690377039,875474,875474
2.02305E+11,0,1690377040,875337,875337
2.02305E+11,0,1690377041,876215,876215
2.02305E+11,0,1690377042,875891,875891
2.02305E+11,0,1690377043,875931,875931
2.02305E+11,0,1690377044,875192,875192
2.02305E+11,0,1690377045,874216,874216
2.02305E+11,0,1690377046,874710,874710
2.02305E+11,0,1690377047,873470,873470
2.02305E+11,0,1690377048,873817,873817
2.02305E+11,0,1690377049,873468,873468
2.02305E+11,0,1690377050,874004,874004
2.02305E+11,0,1690377051,874185,874185
2.02305E+11,0,1690377052,874962,874962
2.02305E+11,0,1690377053,875391,875391
2.02305E+11,0,1690377054,875101,875101
2.02305E+11,0,1690377055,875688,875688
2.02305E+11,0,1690377056,875666,875666
2.02305E+11,0,1690377057,876860,876860
2.02305E+11,0,1690377058,1584363,1584363
2.02305E+11,0,1690377059,1583012,1583012
2.02305E+11,0,1690377060,1583713,1583713
2.02305E+11,0,1690377061,1583406,1583406
2.02305E+11,0,1690377062,1583177,1583177
2.02305E+11,0,1690377063,1582262,1582262
2.02305E+11,0,1690377064,1581867,1581867
2.02305E+11,0,1690377065,1580231,1580231
2.02305E+11,0,1690377066,1579783,1579783
2.02305E+11,0,1690377067,1581880,1581880
2.02305E+11,0,1690377068,1581330,1581330
2.02305E+11,0,1690377069,1581880,1581880
2.02305E+11,0,1690377070,1582443,1582443
2.02305E+11,0,1690377071,1581656,1581656
2.02305E+11,0,1690377072,1584098,1584098
2.02305E+11,0,1690377073,1582575,1582575
2.02305E+11,0,1690377074,1583580,1583580
2.02305E+11,0,1690377075,1582645,1582645
2.02305E+11,0,1690377076,1583561,1583561
2.02305E+11,0,1690377077,1583559,1583559
2.02305E+11,0,1690377078,1582363,1582363
2.02305E+11,0,1690377079,1582383,1582383
2.02305E+11,0,1690377080,1580680,1580680
2.02305E+11,0,1690377081,1581935,1581935
2.02305E+11,0,1690377082,1580977,1580977
2.02305E+11,0,1690377083,1581404,1581404
2.02305E+11,0,1690377084,1580607,1580607
2.02305E+11,0,1690377085,1582934,1582934
2.02305E+11,0,1690377086,1582397,1582397
2.02305E+11,0,1690377087,1581123,1581123
2.02305E+11,0,1690377088,1582772,1582772
2.02305E+11,0,1690377089,1584042,1584042
2.02305E+11,0,1690377090,1583915,1583915
2.02305E+11,0,1690377091,1584641,1584641
2.02305E+11,0,1690377092,1584544,1584544
2.02305E+11,0,1690377093,1583928,1583928
2.02305E+11,0,1690377094,1583679,1583679
2.02305E+11,0,1690377095,1582873,1582873
2.02305E+11,0,1690377096,1582086,1582086
2.02305E+11,0,1690377097,1582109,1582109
2.02305E+11,0,1690377098,1580344,1580344
2.02305E+11,0,1690377099,1582302,1582302
2.02305E+11,0,1690377100,1582315,1582315
2.02305E+11,0,1690377101,1581355,1581355
2.02305E+11,0,1690377102,1582690,1582690
2.02305E+11,0,1690377103,1581958,1581958
2.02305E+11,0,1690377104,1583409,1583409
2.02305E+11,0,1690377105,1583459,1583459
2.02305E+11,0,1690377106,1583500,1583500
2.02305E+11,0,1690377107,1584332,1584332
2.02305E+11,0,1690377108,1583253,1583253
2.02305E+11,0,1690377109,1584508,1584508
2.02305E+11,0,1690377110,1583108,1583108
2.02305E+11,0,1690377111,1583238,1583238
2.02305E+11,0,1690377112,1584148,1584148
2.02305E+11,0,1690377113,1582328,1582328
2.02305E+11,0,1690377114,1583913,1583913
2.02305E+11,0,1690377115,1582632,1582632
2.02305E+11,0,1690377116,1581812,1581812
2.02305E+11,0,1690377117,1582629,1582629
2.02305E+11,0,1690377118,1580768,1580768
2.02305E+11,0,1690377119,1580999,1580999
2.02305E+11,0,1690377120,1579669,1579669
2.02305E+11,0,1690377121,1580684,1580684
2.02305E+11,0,1690377122,1582188,1582188
2.02305E+11,0,1690377122,1580927,1580927
2.02305E+11,0,1690377124,1580373,1580373
2.02305E+11,0,1690377125,1580141,1580141
2.02305E+11,0,1690377126,1580796,1580796
2.02305E+11,0,1690377127,1579935,1579935
2.02305E+11,0,1690377128,1580262,1580262
2.02305E+11,0,1690377129,873848,873848
2.02305E+11,0,1690377130,874684,874684
2.02305E+11,0,1690377131,874592,874592
2.02305E+11,0,1690377132,876171,876171
2.02305E+11,0,1690377133,876554,876554
2.02305E+11,0,1690377134,876602,876602
2.02305E+11,0,1690377135,875972,875972
2.02305E+11,0,1690377136,875976,875976
2.02305E+11,0,1690377137,875242,875242
2.02305E+11,0,1690377138,875847,875847
2.02305E+11,0,1690377139,875325,875325
2.02305E+11,0,1690377140,876233,876233
2.02305E+11,0,1690377141,876208,876208
2.02305E+11,0,1690377145,875687,875687
2.02305E+11,0,1690377146,876624,876624
2.02305E+11,0,1690377147,876224,876224
2.02305E+11,0,1690377148,876911,876911
2.02305E+11,0,1690377149,876760,876760
2.02305E+11,0,1690377150,876336,876336
2.02305E+11,0,1690377151,875680,875680
2.02305E+11,0,1690377152,876287,876287
2.02305E+11,0,1690377153,876713,876713
2.02305E+11,0,1690377154,877816,877816
2.02305E+11,0,1690377155,876417,876417
2.02305E+11,0,1690377156,876317,876317
2.02305E+11,0,1690377157,876757,876757
2.02305E+11,0,1690377158,877067,877067
2.02305E+11,0,1690377159,874567,874567
2.02305E+11,0,1690377160,874864,874864
2.02305E+11,0,1690377161,874061,874061
2.02305E+11,0,1690377162,874745,874745
2.02305E+11,0,1690377163,874976,874976
2.02305E+11,0,1690377164,875620,875620
2.02305E+11,0,1690377165,875400,875400
2.02305E+11,0,1690377166,876344,876344
2.02305E+11,0,1690377167,876756,876756
2.02305E+11,0,1690377168,877575,877575
2.02305E+11,0,1690377169,876700,876700
2.02305E+11,0,1690377170,877263,877263
2.02305E+11,0,1690377171,876226,876226
2.02305E+11,0,1690377172,876189,876189
2.02305E+11,0,1690377173,875434,875434
2.02305E+11,0,1690377174,875079,875079
2.02305E+11,0,1690377175,875437,875437
2.02305E+11,0,1690377176,875271,875271
2.02305E+11,0,1690377177,875270,875270
2.02305E+11,0,1690377178,875054,875054
2.02305E+11,0,1690377179,874584,874584
2.02305E+11,0,1690377180,874659,874659
2.02305E+11,0,1690377181,875564,875564
2.02305E+11,0,1690377182,876051,876051
2.02305E+11,0,1690377183,876355,876355
2.02305E+11,0,1690377184,876322,876322
2.02305E+11,0,1690377185,876150,876150
2.02305E+11,0,1690377186,876698,876698
2.02305E+11,0,1690377187,875687,875687
2.02305E+11,0,1690377188,874958,874958
2.02305E+11,0,1690377189,873901,873901
2.02305E+11,0,1690377190,873320,873320
2.02305E+11,0,1690377191,873843,873843
2.02305E+11,0,1690377192,875113,875113
2.02305E+11,0,1690377193,874358,874358
2.02305E+11,0,1690377194,875019,875019
2.02305E+11,0,1690377195,875566,875566
2.02305E+11,0,1690377196,876547,876547
2.02305E+11,0,1690377197,875369,875369
2.02305E+11,0,1690377198,874863,874863
2.02305E+11,0,1690377199,875906,875906
2.02305E+11,0,1690377200,876230,876230
2.02305E+11,0,1690377201,876622,876622
2.02305E+11,0,1690377202,875728,875728
2.02305E+11,0,1690377203,875194,875194
2.02305E+11,0,1690377204,876046,876046
2.02305E+11,0,1690377205,875643,875643
2.02305E+11,0,1690377206,876639,876639
2.02305E+11,0,1690377207,876428,876428
2.02305E+11,0,1690377208,877076,877076
2.02305E+11,0,1690377209,875692,875692
2.02305E+11,0,1690377210,875407,875407
2.02305E+11,0,1690377211,874724,874724
2.02305E+11,0,1690377212,875814,875814
2.02305E+11,0,1690377213,875854,875854
2.02305E+11,0,1690377214,877242,877242
2.02305E+11,0,1690377215,877109,877109
2.02305E+11,0,1690377216,876851,876851
2.02305E+11,0,1690377217,872276,872276
2.02305E+11,0,1690377218,875572,875572
2.02305E+11,0,1690377219,875032,875032
2.02305E+11,0,1690377220,874079,874079
2.02305E+11,0,1690377221,874005,874005
2.02305E+11,0,1690377222,872752,872752
2.02305E+11,0,1690377223,873434,873434
2.02305E+11,0,1690377224,873472,873472
2.02305E+11,0,1690377225,874744,874744
2.02305E+11,0,1690377226,875070,875070
2.02305E+11,0,1690377227,876228,876228
2.02305E+11,0,1690377228,876295,876295
2.02305E+11,0,1690377229,876593,876593
2.02305E+11,0,1690377230,875480,875480
2.02305E+11,0,1690377231,875985,875985
2.02305E+11,0,1690377232,876223,876223
2.02305E+11,0,1690377233,875667,875667
2.02305E+11,0,1690377234,876188,876188
2.02305E+11,0,1690377235,875741,875741
2.02305E+11,0,1690377236,876174,876174
2.02305E+11,0,1690377237,876009,876009
2.02305E+11,0,1690377238,876143,876143
2.02305E+11,0,1690377239,876029,876029
2.02305E+11,0,1690377240,876264,876264
2.02305E+11,0,1690377241,876251,876251
2.02305E+11,0,1690377242,876336,876336
2.02305E+11,0,1690377243,876720,876720
2.02305E+11,0,1690377244,878093,878093
2.02305E+11,0,1690377245,878578,878578
2.02305E+11,0,1690377246,877873,877873
2.02305E+11,0,1690377247,877641,877641
2.02305E+11,0,1690377248,876538,876538
2.02305E+11,0,1690377249,876918,876918
2.02305E+11,0,1690377250,875306,875306
2.02305E+11,0,1690377251,875573,875573
2.02305E+11,0,1690377252,876605,876605
2.02305E+11,0,1690377253,876577,876577
2.02305E+11,0,1690377254,877710,877710
2.02305E+11,0,1690377255,877026,877026
2.02305E+11,0,1690377256,878645,878645
2.02305E+11,0,1690377257,878884,878884
2.02305E+11,0,1690377258,878954,878954
2.02305E+11,0,1690377259,879160,879160
2.02305E+11,0,1690377260,877909,877909
2.02305E+11,0,1690377261,878819,878819
2.02305E+11,0,1690377262,878776,878776
2.02305E+11,0,1690377263,877856,877856
2.02305E+11,0,1690377264,876254,876254
2.02305E+11,0,1690377265,877363,877363
2.02305E+11,0,1690377266,877925,877925
2.02305E+11,0,1690377267,877743,877743
2.02305E+11,0,1690377268,877792,877792
2.02305E+11,0,1690377269,878422,878422
2.02305E+11,0,1690377270,877956,877956
2.02305E+11,0,1690377271,878079,878079
2.02305E+11,0,1690377272,877624,877624
2.02305E+11,0,1690377273,878110,878110
2.02305E+11,0,1690377274,879140,879140
2.02305E+11,0,1690377275,879193,879193
2.02305E+11,0,1690377276,879157,879157
2.02305E+11,0,1690377277,877652,877652
2.02305E+11,0,1690377278,878009,878009
2.02305E+11,0,1690377279,877805,877805
2.02305E+11,0,1690377280,877813,877813
2.02305E+11,0,1690377281,875625,875625
2.02305E+11,0,1690377282,877270,877270
2.02305E+11,0,1690377283,877701,877701
2.02305E+11,0,1690377284,876746,876746
2.02305E+11,0,1690377285,877484,877484
2.02305E+11,0,1690377286,878281,878281
2.02305E+11,0,1690377287,879395,879395
2.02305E+11,0,1690377288,878876,878876
2.02305E+11,0,1690377289,877660,877660
2.02305E+11,0,1690377290,879176,879176
2.02305E+11,0,1690377291,878445,878445
2.02305E+11,0,1690377292,878041,878041
2.02305E+11,0,1690377293,877838,877838
2.02305E+11,0,1690377294,877624,877624
2.02305E+11,0,1690377295,878242,878242
2.02305E+11,0,1690377296,877524,877524
2.02305E+11,0,1690377297,878205,878205
2.02305E+11,0,1690377298,878858,878858
2.02305E+11,0,1690377299,878373,878373
2.02305E+11,0,1690377300,878580,878580
2.02305E+11,0,1690377301,877096,877096
2.02305E+11,0,1690377302,878961,878961
2.02305E+11,0,1690377303,879673,879673
2.02305E+11,0,1690377304,879728,879728
2.02305E+11,0,1690377305,880248,880248
2.02305E+11,0,1690377306,878457,878457
2.02305E+11,0,1690377307,878514,878514
2.02305E+11,0,1690377308,878298,878298
2.02305E+11,0,1690377309,877824,877824
2.02305E+11,0,1690377310,875986,875986
2.02305E+11,0,1690377311,878293,878293
2.02305E+11,0,1690377312,877349,877349
2.02305E+11,0,1690377313,879523,879523
2.02305E+11,0,1690377314,879266,879266
2.02305E+11,0,1690377315,879509,879509
2.02305E+11,0,1690377316,879892,879892
2.02305E+11,0,1690377317,880219,880219
2.02305E+11,0,1690377318,880261,880261
2.02305E+11,0,1690377319,878913,878913
2.02305E+11,0,1690377320,879523,879523
2.02305E+11,0,1690377321,880274,880274
2.02305E+11,0,1690377322,878810,878810
2.02305E+11,0,1690377323,878613,878613
2.02305E+11,0,1690377324,878428,878428
2.02305E+11,0,1690377325,877773,877773
2.02305E+11,0,1690377326,878613,878613
2.02305E+11,0,1690377327,878325,878325
2.02305E+11,0,1690377328,878532,878532
2.02305E+11,0,1690377329,878394,878394
2.02305E+11,0,1690377330,878780,878780
2.02305E+11,0,1690377331,878897,878897
2.02305E+11,0,1690377332,878792,878792
2.02305E+11,0,1690377333,878916,878916
2.02305E+11,0,1690377334,878879,878879
2.02305E+11,0,1690377335,878569,878569
2.02305E+11,0,1690377336,879576,879576
2.02305E+11,0,1690377337,878911,878911
2.02305E+11,0,1690377338,878906,878906
2.02305E+11,0,1690377339,879141,879141
2.02305E+11,0,1690377340,878155,878155
2.02305E+11,0,1690377341,877932,877932
2.02305E+11,0,1690377342,879014,879014
2.02305E+11,0,1690377343,879274,879274
2.02305E+11,0,1690377344,878996,878996
2.02305E+11,0,1690377345,879303,879303
2.02305E+11,0,1690377346,877417,877417
2.02305E+11,0,1690377347,878172,878172
2.02305E+11,0,1690377348,878892,878892
2.02305E+11,0,1690377349,879709,879709
2.02305E+11,0,1690377350,879773,879773
2.02305E+11,0,1690377351,879255,879255
2.02305E+11,0,1690377352,878438,878438
2.02305E+11,0,1690377353,878151,878151
2.02305E+11,0,1690377354,878203,878203
2.02305E+11,0,1690377355,879358,879358
2.02305E+11,0,1690377356,879521,879521
2.02305E+11,0,1690377357,878417,878417
2.02305E+11,0,1690377358,878897,878897
2.02305E+11,0,1690377359,878410,878410
2.02305E+11,0,1690377360,878214,878214
2.02305E+11,0,1690377361,878853,878853
2.02305E+11,0,1690377362,878474,878474
2.02305E+11,0,1690377363,878249,878249
2.02305E+11,0,1690377364,878716,878716
2.02305E+11,0,1690377365,880046,880046
2.02305E+11,0,1690377366,879869,879869
2.02305E+11,0,1690377367,878978,878978
2.02305E+11,0,1690377368,880012,880012
2.02305E+11,0,1690377369,879595,879595
2.02305E+11,0,1690377370,879698,879698
2.02305E+11,0,1690377371,879523,879523
2.02305E+11,0,1690377372,880351,880351
2.02305E+11,0,1690377373,880074,880074
2.02305E+11,0,1690377374,880274,880274
2.02305E+11,0,1690377375,879735,879735
2.02305E+11,0,1690377376,880421,880421
2.02305E+11,0,1690377377,878521,878521
2.02305E+11,0,1690377378,876246,876246
2.02305E+11,0,1690377379,876559,876559
2.02305E+11,0,1690377380,876643,876643
2.02305E+11,0,1690377381,877711,877711
2.02305E+11,0,1690377382,877981,877981
2.02305E+11,0,1690377383,877681,877681
2.02305E+11,0,1690377384,878098,878098
2.02305E+11,0,1690377385,878750,878750
2.02305E+11,0,1690377386,879375,879375
2.02305E+11,0,1690377387,879084,879084
2.02305E+11,0,1690377388,878239,878239
2.02305E+11,0,1690377389,877215,877215
2.02305E+11,0,1690377390,876520,876520
2.02305E+11,0,1690377391,879057,879057
2.02305E+11,0,1690377392,879940,879940
2.02305E+11,0,1690377393,879100,879100
2.02305E+11,0,1690377394,880472,880472
2.02305E+11,0,1690377395,880826,880826
2.02305E+11,0,1690377396,879911,879911
2.02305E+11,0,1690377397,880052,880052
2.02305E+11,0,1690377398,880129,880129
2.02305E+11,0,1690377399,880480,880480
2.02305E+11,0,1690377400,881143,881143
2.02305E+11,0,1690377401,880955,880955
2.02305E+11,0,1690377402,880599,880599
2.02305E+11,0,1690377403,879899,879899
2.02305E+11,0,1690377404,880564,880564
2.02305E+11,0,1690377405,879634,879634
2.02305E+11,0,1690377406,879287,879287
2.02305E+11,0,1690377407,877918,877918
2.02305E+11,0,1690377408,878363,878363
2.02305E+11,0,1690377409,879257,879257
2.02305E+11,0,1690377410,879448,879448
2.02305E+11,0,1690377411,879672,879672
2.02305E+11,0,1690377412,879606,879606
2.02305E+11,0,1690377413,879968,879968
2.02305E+11,0,1690377414,880249,880249
2.02305E+11,65003,1690521789,881016,946019
2.02305E+11,64654,1690521790,881678,946332
2.02305E+11,64331,1690521791,880874,945205
2.02305E+11,64474,1690521792,880461,944935
2.02305E+11,64633,1690521793,880430,945063
2.02305E+11,64806,1690521794,879839,944645
2.02305E+11,64627,1690521795,880008,944635
2.02305E+11,64365,1690521796,880222,944587
2.02305E+11,64613,1690521797,880121,944734
2.02305E+11,64500,1690521798,879054,943554
2.02305E+11,64536,1690521799,879252,943788
2.02305E+11,64210,1690521800,878930,943140
2.02305E+11,64585,1690521801,879157,943742
2.02305E+11,64529,1690521802,879315,943844
2.02305E+11,64773,1690521803,879938,944711
2.02305E+11,64582,1690521804,879599,944181
2.02305E+11,64729,1690521805,880002,944731
2.02305E+11,64483,1690521806,879999,944482
2.02305E+11,64473,1690521807,879837,944310
2.02305E+11,64603,1690521808,880133,944736
2.02305E+11,64530,1690521809,880880,945410
2.02305E+11,64681,1690521810,880677,945358
2.02305E+11,64918,1690521811,879710,944628
2.02305E+11,64356,1690521812,880860,945216
2.02305E+11,64600,1690521813,880421,945021
2.02305E+11,64364,1690521814,881037,945401
2.02305E+11,64776,1690521815,880329,945105
2.02305E+11,64672,1690521816,881106,945778
2.02305E+11,65042,1690521817,880419,945461
2.02305E+11,64734,1690521818,880257,944991
2.02305E+11,65356,1690521819,880119,945475
2.02305E+11,64809,1690521820,879676,944485
2.02305E+11,65272,1690521821,879447,944719
2.02305E+11,64956,1690521822,879903,944859
2.02305E+11,65367,1690521823,880630,945997
2.02305E+11,64852,1690521824,879520,944372
2.02305E+11,64842,1690521825,880430,945272
2.02305E+11,65177,1690521826,880621,945798
2.02305E+11,65245,1690521827,879902,945147
2.02305E+11,65216,1690521828,879949,945165
2.02305E+11,64876,1690521829,879343,944219
2.02305E+11,65088,1690521830,880325,945413
2.02305E+11,64842,1690521831,879622,944464
2.02305E+11,64927,1690521832,880865,945792
2.02305E+11,64755,1690521833,881039,945794
2.02305E+11,64908,1690521834,880773,945681
2.02305E+11,64854,1690521835,880011,944865
2.02305E+11,65095,1690521836,879434,944529
2.02305E+11,64862,1690521837,880269,945131
2.02305E+11,64861,1690521838,879961,944822
2.02305E+11,65154,1690521839,879589,944743
2.02305E+11,65045,1690521840,879479,944524
2.02305E+11,65084,1690521841,879868,944952
2.02305E+11,64916,1690521842,878843,943759
2.02305E+11,65079,1690521843,879595,944674
2.02305E+11,65018,1690521844,880446,945464
2.02305E+11,65187,1690521845,879431,944618
2.02305E+11,64836,1690521846,878148,942984
2.02305E+11,65196,1690521847,878865,944061
2.02305E+11,64864,1690521848,879086,943950
2.02305E+11,65028,1690521849,879368,944396
2.02305E+11,64864,1690521850,880229,945093
2.02305E+11,64900,1690521851,880615,945515
2.02305E+11,64789,1690521852,879114,943903
2.02305E+11,64858,1690521853,879784,944642
2.02305E+11,64554,1690521854,879638,944192
2.02305E+11,64724,1690521855,879974,944698
2.02305E+11,64753,1690521857,880348,945101
2.02305E+11,64379,1690521858,878545,942924
2.02305E+11,64751,1690521859,877914,942665
2.02305E+11,64687,1690521860,879123,943810
2.02305E+11,64494,1690521861,879784,944278
2.02305E+11,64566,1690521862,879743,944309
2.02305E+11,64385,1690521863,880190,944575
2.02305E+11,64530,1690521864,880457,944987
2.02305E+11,64537,1690521865,879982,944519
2.02305E+11,64624,1690521866,880867,945491
2.02305E+11,64912,1690521867,881299,946211
2.02305E+11,64833,1690521868,879691,944524
2.02305E+11,65185,1690521869,879958,945143
2.02305E+11,65125,1690521870,880459,945584
2.02305E+11,64765,1690521871,880307,945072
2.02305E+11,65204,1690521872,879335,944539
2.02305E+11,64851,1690521873,879756,944607
2.02305E+11,65095,1690521874,880009,945104
2.02305E+11,64840,1690521875,879130,943970
2.02305E+11,64705,1690521876,880175,944880
2.02305E+11,64820,1690521877,879788,944608
2.02305E+11,64952,1690521878,878398,943350
2.02305E+11,65289,1690521879,880085,945374
2.02305E+11,65264,1690521880,880019,945283
2.02305E+11,64786,1690521881,880147,944933
2.02305E+11,64905,1690521882,880556,945461
2.02305E+11,65071,1690521883,879891,944962
2.02305E+11,64710,1690521884,879640,944350
2.02305E+11,64939,1690521885,882183,947122
2.02305E+11,64858,1690521886,880934,945792
2.02305E+11,64768,1690521887,881139,945907
2.02305E+11,64804,1690521888,880539,945343
2.02305E+11,64732,1690521889,878389,943121
2.02305E+11,64389,1690521890,879566,943955
2.02305E+11,64882,1690521891,879741,944623
2.02305E+11,64610,1690521892,880919,945529
2.02305E+11,65040,1690521893,880271,945311
2.02305E+11,64892,1690521894,881534,946426
2.02305E+11,64958,1690521895,881376,946334
2.02305E+11,65081,1690521896,541073,606154
2.02305E+11,64585,1690521897,541173,605758
2.02305E+11,64701,1690521898,540839,605540
2.02305E+11,64825,1690521899,541163,605988
2.02305E+11,64739,1690521900,540586,605325
2.02305E+11,64373,1690521901,540262,604635
2.02305E+11,65456,1690521902,539365,604821
2.02305E+11,64901,1690521903,540075,604976
2.02305E+11,64838,1690521904,540110,604948
2.02305E+11,64934,1690521906,539924,604858
2.02305E+11,65408,1690521907,539562,604970
2.02305E+11,64939,1690521908,541050,605989
2.02305E+11,64971,1690521909,540754,605725
2.02305E+11,64670,1690521910,540967,605637
2.02305E+11,64948,1690521911,540859,605807
2.02305E+11,64727,1690521912,541049,605776
2.02305E+11,64663,1690521913,541591,606254
2.02305E+11,64629,1690521914,540873,605502
2.02305E+11,64648,1690521915,540951,605599
2.02305E+11,64845,1690521916,540914,605759
2.02305E+11,64875,1690521917,541184,606059
2.02305E+11,64743,1690521918,540902,605645
2.02305E+11,64578,1690521919,540937,605515
2.02305E+11,64885,1690521920,541180,606065
2.02305E+11,64599,1690521921,541045,605644
2.02305E+11,64553,1690521922,540942,605495
2.02305E+11,64876,1690521923,540516,605392
2.02305E+11,64572,1690521924,540986,605558
2.02305E+11,64468,1690521925,540588,605056
2.02305E+11,64780,1690521926,540531,605311
2.02305E+11,64365,1690521927,540128,604493
2.02305E+11,64546,1690521928,540067,604613
2.02305E+11,64977,1690521929,540245,605222
2.02305E+11,64894,1690521930,540303,605197
2.02305E+11,64435,1690521931,539733,604168
2.02305E+11,64274,1690521932,540728,605002
2.02305E+11,64677,1690521933,540587,605264
2.02305E+11,64910,1690521934,541185,606095
2.02305E+11,64600,1690521935,540885,605485
2.02305E+11,64959,1690521936,540212,605171
2.02305E+11,64999,1690521937,539936,604935
2.02305E+11,65014,1690521938,540214,605228
2.02305E+11,65117,1690521939,539445,604562
2.02305E+11,65062,1690521940,540673,605735
2.02305E+11,64794,1690521941,540667,605461
2.02305E+11,64891,1690521942,540645,605536
2.02305E+11,64965,1690521943,540091,605056
2.02305E+11,64797,1690521944,540362,605159
2.02305E+11,64931,1690521945,540704,605635
2.02305E+11,64941,1690521946,540034,604975
2.02305E+11,64863,1690521947,541230,606093
2.02305E+11,64686,1690521948,540480,605166
2.02305E+11,64593,1690521949,540650,605243
2.02305E+11,64800,1690521950,540825,605625
2.02305E+11,64584,1690521951,540892,605476
2.02305E+11,65197,1690521952,539552,604749
2.02305E+11,64272,1690521953,540455,604727
2.02305E+11,64154,1690521954,538725,602879
2.02305E+11,64561,1690521955,540108,604669
2.02305E+11,64210,1690521956,539734,603944
2.02305E+11,64695,1690521957,539768,604463
2.02305E+11,64462,1690521958,540022,604484
2.02305E+11,64335,1690521959,539954,604289
2.02305E+11,64622,1690521960,540563,605185
2.02305E+11,65098,1690521961,540414,605512
2.02305E+11,64498,1690521962,540033,604531
2.02305E+11,64779,1690521963,540235,605014
2.02305E+11,64986,1690521964,540292,605278
2.02305E+11,64435,1690521965,539744,604179
2.02305E+11,64765,1690521966,539499,604264
2.02305E+11,65036,1690521967,538184,603220
2.02305E+11,64871,1690521968,538154,603025
2.02305E+11,64779,1690521969,539806,604585
2.02305E+11,64947,1690521970,539101,604048
2.02305E+11,64973,1690521971,539787,604760
2.02305E+11,65183,1690521972,540304,605487
2.02305E+11,64835,1690521973,539662,604497
2.02305E+11,64802,1690521974,539733,604535
2.02305E+11,64698,1690521975,540454,605152
2.02305E+11,64870,1690521976,540070,604940
2.02305E+11,64786,1690521977,540652,605438
2.02305E+11,64714,1690521978,540245,604959
2.02305E+11,64700,1690521979,539986,604686
2.02305E+11,64723,1690521980,539813,604536
2.02305E+11,64503,1690521981,539327,603830
2.02305E+11,64743,1690521982,539713,604456
2.02305E+11,64754,1690521983,539621,604375
2.02305E+11,64588,1690521984,539285,603873
2.02305E+11,64490,1690521985,539640,604130
2.02305E+11,64685,1690521986,539370,604055
2.02305E+11,64579,1690521987,540337,604916
2.02305E+11,64754,1690521988,539813,604567
2.02305E+11,64361,1690521989,540205,604566
2.02305E+11,64556,1690521990,539957,604513
2.02305E+11,64684,1690521991,539849,604533
2.02305E+11,64434,1690521992,539516,603950
2.02305E+11,64321,1690521993,539340,603661
2.02305E+11,64563,1690521994,538915,603478
2.02305E+11,64271,1690521995,539114,603385
2.02305E+11,64666,1690521996,538095,602761
2.02305E+11,64861,1690521997,538583,603444
2.02305E+11,64695,1690521998,539754,604449
2.02305E+11,64719,1690521999,539038,603757
2.02305E+11,64494,1690522000,539635,604129
2.02305E+11,64319,1690522001,540149,604468
2.02305E+11,64696,1690522002,540796,605492
2.02305E+11,64706,1690522003,539925,604631
2.02305E+11,64471,1690522004,539967,604438
2.02305E+11,64543,1690522005,540080,604623
2.02305E+11,64593,1690522006,539839,604432
2.02305E+11,64961,1690522007,540121,605082
2.02305E+11,64595,1690522008,539230,603825
2.02305E+11,64227,1690522009,539275,603502
2.02305E+11,64911,1690522009,539606,604517
2.02305E+11,64878,1690522010,538975,603853
2.02305E+11,64759,1690522012,538590,603349
2.02305E+11,64306,1690522013,538852,603158
2.02305E+11,64627,1690522014,539487,604114
2.02305E+11,64779,1690522015,538670,603449
2.02305E+11,64948,1690522016,540144,605092
2.02305E+11,64642,1690522017,539683,604325
2.02305E+11,64624,1690522018,539537,604161
2.02305E+11,64950,1690522019,539699,604649
2.02305E+11,64650,1690522020,540812,605462
2.02305E+11,64915,1690522021,539785,604700
2.02305E+11,64961,1690522022,539286,604247
2.02305E+11,65174,1690522023,539401,604575
2.02305E+11,64897,1690522024,538943,603840
2.02305E+11,65222,1690522025,539648,604870
2.02305E+11,64841,1690522026,539413,604254
2.02305E+11,64916,1690522027,539893,604809
2.02305E+11,64913,1690522028,538750,603663
2.02305E+11,65302,1690522029,539174,604476
2.02305E+11,64825,1690522030,539267,604092
2.02305E+11,64569,1690522031,539830,604399
2.02305E+11,65145,1690522032,540758,605903
2.02305E+11,64997,1690522033,540383,605380
2.02305E+11,64776,1690522034,540238,605014
2.02305E+11,64967,1690522035,540371,605338
2.02305E+11,65067,1690522036,540114,605181
2.02305E+11,64823,1690522037,539639,604462
2.02305E+11,64525,1690522038,539693,604218
2.02305E+11,65019,1690522039,538987,604006
2.02305E+11,65095,1690522040,538512,603607
2.02305E+11,64580,1690522041,538132,602712
2.02305E+11,65110,1690522042,538184,603294
2.02305E+11,64561,1690522043,539106,603667
2.02305E+11,64478,1690522044,539789,604267
2.02305E+11,64642,1690522045,539264,603906
2.02305E+11,65003,1690522046,539216,604219
2.02305E+11,64957,1690522047,539345,604302
2.02305E+11,65034,1690522048,540373,605407
2.02305E+11,64827,1690522049,540039,604866
2.02305E+11,65105,1690522050,540175,605280
2.02305E+11,64635,1690522051,540062,604697
2.02305E+11,64676,1690522052,539037,603713
2.02305E+11,64985,1690522053,539034,604019
2.02305E+11,65036,1690522054,538938,603974
2.02305E+11,64825,1690522055,538772,603597
2.02305E+11,65233,1690522056,538627,603860
2.02305E+11,65371,1690522057,538269,603640
2.02305E+11,64456,1690522058,538516,602972
2.02305E+11,64579,1690522059,539262,603841
2.02305E+11,65306,1690522060,538909,604215
2.02305E+11,65060,1690522061,539600,604660
2.02305E+11,64459,1690522062,539895,604354
2.02305E+11,64966,1690522063,540000,604966
2.02305E+11,64559,1690522064,539642,604201
2.02305E+11,64794,1690522065,540498,605292
2.02305E+11,64972,1690522066,540099,605071
2.02305E+11,64538,1690522067,539367,603905
2.02305E+11,64510,1690522068,539350,603860
2.02305E+11,64550,1690522069,539404,603954
2.02305E+11,65016,1690522070,539062,604078
2.02305E+11,64571,1690522071,538759,603330
2.02305E+11,64936,1690522072,539956,604892
2.02305E+11,64451,1690522073,539612,604063
2.02305E+11,64741,1690522074,540063,604804
2.02305E+11,64591,1690522075,539351,603942
2.02305E+11,64409,1690522076,539354,603763
2.02305E+11,64587,1690522077,540153,604740
2.02305E+11,64696,1690522078,539943,604639
2.02305E+11,64715,1690522079,540947,605662
2.02305E+11,64884,1690522080,539162,604046
2.02305E+11,64502,1690522081,539279,603781
2.02305E+11,64483,1690522082,539540,604023
2.02305E+11,64735,1690522083,538872,603607
2.02305E+11,64444,1690522084,539215,603659
2.02305E+11,64510,1690522085,538761,603271
2.02305E+11,64704,1690522086,538533,603237
2.02305E+11,64712,1690522087,539376,604088
2.02305E+11,64930,1690522088,539332,604262
2.02305E+11,65057,1690522089,540111,605168
2.02305E+11,64840,1690522090,539722,604562
2.02305E+11,65561,1690522091,540332,605893
2.02305E+11,64759,1690522092,538908,603667
2.02305E+11,64961,1690522093,539901,604862
2.02305E+11,64519,1690522094,540550,605069
2.02305E+11,65178,1690522095,540680,605858
2.02305E+11,64742,1690522096,540613,605355
2.02305E+11,64643,1690522097,539629,604272
2.02305E+11,64975,1690522098,540390,605365
2.02305E+11,65013,1690522099,539674,604687
2.02305E+11,65130,1690522100,539742,604872
2.02305E+11,64640,1690522101,539603,604243
2.02305E+11,64950,1690522102,539377,604327
2.02305E+11,65277,1690522103,539422,604699
2.02305E+11,64783,1690522104,538788,603571
2.02305E+11,65091,1690522105,538792,603883
2.02305E+11,65205,1690522106,539310,604515
2.02305E+11,64630,1690522107,539170,603800
2.02305E+11,64733,1690522108,539179,603912
2.02305E+11,64716,1690522109,539752,604468
2.02305E+11,64816,1690522110,538795,603611
2.02305E+11,64663,1690522111,538595,603258
2.02305E+11,64801,1690522112,539444,604245
2.02305E+11,64603,1690522113,539261,603864
2.02305E+11,64525,1690522114,539634,604159
2.02305E+11,64780,1690522115,539002,603782
2.02305E+11,64763,1690522116,539541,604304
2.02305E+11,64753,1690522117,538983,603736
2.02305E+11,64814,1690522118,538459,603273
2.02305E+11,64776,1690522119,539144,603920
2.02305E+11,64901,1690522120,539191,604092
2.02305E+11,64646,1690522121,538322,602968
2.02305E+11,64553,1690522122,538664,603217
2.02305E+11,64381,1690522123,538496,602877
2.02305E+11,64171,1690522124,538466,602637
2.02305E+11,64687,1690522125,538843,603530
2.02305E+11,64454,1690522126,539357,603811
2.02305E+11,64472,1690522127,539867,604339
2.02305E+11,64921,1690522128,539793,604714
2.02305E+11,64356,1690522129,539905,604261
2.02305E+11,64488,1690522130,539168,603656
2.02305E+11,64426,1690522131,539581,604007
2.02305E+11,64277,1690522132,539757,604034
2.02305E+11,64292,1690522133,539281,603573
2.02305E+11,64551,1690522134,539081,603632
2.02305E+11,64669,1690522135,539177,603846
2.02305E+11,64427,1690522136,539355,603782
2.02305E+11,64724,1690522137,539453,604177
2.02305E+11,65130,1690522138,539146,604276
2.02305E+11,64610,1690522139,538510,603120
2.02305E+11,65086,1690522140,539095,604181
2.02305E+11,64641,1690522141,538429,603070
2.02305E+11,65069,1690522142,539926,604995
2.02305E+11,65060,1690522143,539391,604451
2.02305E+11,64798,1690522144,538947,603745
2.02305E+11,64929,1690522145,538597,603526
2.02305E+11,64623,1690522146,538729,603352
2.02305E+11,65432,1690522147,539364,604796
2.02305E+11,64889,1690522148,539475,604364
2.02305E+11,64649,1690522149,540047,604696
2.02305E+11,64645,1690522150,539109,603754
2.02305E+11,64714,1690522151,539408,604122
2.02305E+11,64678,1690522152,539558,604236
2.02305E+11,64537,1690522153,539495,604032
2.02305E+11,64493,1690522154,540144,604637
2.02305E+11,64763,1690522155,538893,603656
2.02305E+11,64549,1690522156,539069,603618
2.02305E+11,64863,1690522157,539340,604203
2.02305E+11,64339,1690522158,538664,603003
2.02305E+11,64453,1690522159,538429,602882
2.02305E+11,64693,1690522160,539066,603759
2.02305E+11,64384,1690522161,539773,604157
2.02305E+11,64114,1690522162,540161,604275
2.02305E+11,64459,1690522163,539292,603751
2.02305E+11,64418,1690522164,540095,604513
2.02305E+11,64641,1690522165,539151,603792
2.02305E+11,64364,1690522166,539368,603732
2.02305E+11,64566,1690522167,539549,604115
2.02305E+11,64751,1690522168,539779,604530
2.02305E+11,64696,1690522169,0,64696
2.02305E+11,64376,1690522170,0,64376
2.02305E+11,64717,1690522171,0,64717
2.02305E+11,65140,1690522172,0,65140
2.02305E+11,64741,1690522173,0,64741
2.02305E+11,64734,1690522174,0,64734
2.02305E+11,65140,1690522175,0,65140
2.02305E+11,64946,1690522176,542094,607040
2.02305E+11,64920,1690522177,538211,603131
2.02305E+11,64805,1690522178,538596,603401
2.02305E+11,64813,1690522179,538409,603222
2.02305E+11,64625,1690522180,537895,602520
2.02305E+11,65159,1690522181,537586,602745
2.02305E+11,64650,1690522182,537894,602544
2.02305E+11,64442,1690522183,537961,602403
2.02305E+11,64564,1690522184,537527,602091
2.02305E+11,64554,1690522185,537263,601817
2.02305E+11,64490,1690522186,537408,601898
2.02305E+11,64962,1690522187,538320,603282
2.02305E+11,64759,1690522188,537050,601809
2.02305E+11,64917,1690522189,536210,601127
2.02305E+11,64812,1690522190,536640,601452
2.02305E+11,64937,1690522191,537368,602305
2.02305E+11,64485,1690522192,537965,602450
2.02305E+11,64517,1690522193,537037,601554
2.02305E+11,64426,1690522194,536828,601254
2.02305E+11,65006,1690522195,537829,602835
2.02305E+11,64305,1690522196,537965,602270
2.02305E+11,64522,1690522197,538403,602925
2.02305E+11,64474,1690522198,538574,603048
2.02305E+11,64618,1690522199,538310,602928
2.02305E+11,64082,1690522200,538034,602116
2.02305E+11,64437,1690522201,539176,603613
2.02305E+11,64339,1690522202,537664,602003
2.02305E+11,64531,1690522203,538338,602869
2.02305E+11,64349,1690522204,537001,601350
2.02305E+11,64495,1690522205,537485,601980
2.02305E+11,64741,1690522206,537503,602244
2.02305E+11,64452,1690522207,536731,601183
2.02305E+11,64978,1690522208,536865,601843
2.02305E+11,64625,1690522209,536785,601410
2.02305E+11,64801,1690522210,537274,602075
2.02305E+11,64531,1690522211,536416,600947
2.02305E+11,64888,1690522212,535883,600771
2.02305E+11,64964,1690522213,536030,600994
2.02305E+11,64935,1690522214,536490,601425
2.02305E+11,64945,1690522215,536883,601828
2.02305E+11,65059,1690522216,536891,601950
2.02305E+11,65036,1690522218,536340,601376
2.02305E+11,64972,1690522219,536200,601172
2.02305E+11,64687,1690522220,536259,600946
2.02305E+11,65036,1690522221,536591,601627
2.02305E+11,64993,1690522222,536705,601698
2.02305E+11,64857,1690522223,537295,602152
2.02305E+11,64761,1690522224,536997,601758
2.02305E+11,64520,1690522225,537194,601714
2.02305E+11,64306,1690522226,537029,601335
2.02305E+11,64872,1690522228,536948,601820
2.02305E+11,64739,1690522229,536114,600853
2.02305E+11,64881,1690522230,537021,601902
2.02305E+11,64586,1690522231,536106,600692
2.02305E+11,64725,1690522232,535766,600491
2.02305E+11,64048,1690522233,535696,599744
2.02305E+11,64426,1690522234,535450,599876
2.02305E+11,64376,1690522235,536110,600486
2.02305E+11,64471,1690522236,536403,600874
2.02305E+11,64353,1690522237,536287,600640
2.02305E+11,65055,1690522238,536907,601962
2.02305E+11,64547,1690522239,536801,601348
2.02305E+11,64536,1690522240,537507,602043
2.02305E+11,64520,1690522241,537210,601730
2.02305E+11,64804,1690522242,536427,601231
2.02305E+11,64959,1690522243,536674,601633
2.02305E+11,64185,1690522244,536516,600701
2.02305E+11,64594,1690522245,536316,600910
2.02305E+11,64902,1690522246,535953,600855
2.02305E+11,64472,1690522247,536462,600934
2.02305E+11,65208,1690522248,535936,601144
2.02305E+11,64877,1690522249,535714,600591
2.02305E+11,64562,1690522250,536005,600567
2.02305E+11,64926,1690522251,535807,600733
2.02305E+11,64709,1690522252,536331,601040
2.02305E+11,64888,1690522253,535842,600730
2.02305E+11,64544,1690522254,536527,601071
2.02305E+11,64787,1690522255,537395,602182
2.02305E+11,64532,1690522256,536813,601345
2.02305E+11,64591,1690522257,536638,601229
2.02305E+11,65934,1690522258,536293,602227
2.02305E+11,64870,1690522259,535399,600269
2.02305E+11,64865,1690522260,536434,601299
2.02305E+11,65096,1690522261,536432,601528
2.02305E+11,64934,1690522262,535673,600607
2.02305E+11,64820,1690522263,536158,600978
2.02305E+11,64681,1690522264,535051,599732
2.02305E+11,64788,1690522265,535938,600726
2.02305E+11,64874,1690522266,536040,600914
2.02305E+11,64919,1690522267,536011,600930
2.02305E+11,65947,1690522268,535561,601508
2.02305E+11,65026,1690522269,537081,602107
2.02305E+11,64707,1690522270,536782,601489
2.02305E+11,65130,1690522271,536207,601337
2.02305E+11,64833,1690522272,536558,601391
2.02305E+11,64658,1690522273,535306,599964
2.02305E+11,64707,1690522274,536020,600727
2.02305E+11,64938,1690522275,535672,600610
2.02305E+11,64731,1690522276,536707,601438
2.02305E+11,64497,1690522277,536867,601364
2.02305E+11,64893,1690522278,536350,601243
2.02305E+11,64821,1690522279,536645,601466
2.02305E+11,64867,1690522280,535664,600531
2.02305E+11,64960,1690522281,535818,600778
2.02305E+11,64656,1690522282,535086,599742
2.02305E+11,64873,1690522283,535009,599882
2.02305E+11,64880,1690522284,535728,600608
2.02305E+11,64700,1690522285,535243,599943
2.02305E+11,64426,1690522286,534585,599011
2.02305E+11,64570,1690522287,534258,598828
2.02305E+11,64344,1690522288,534888,599232
2.02305E+11,64863,1690522289,534881,599744
2.02305E+11,64399,1690522290,534939,599338
2.02305E+11,63971,1690522291,534498,598469
2.02305E+11,64588,1690522292,536590,601178
2.02305E+11,64629,1690522293,536329,600958
2.02305E+11,64437,1690522294,536785,601222
2.02305E+11,65028,1690522295,536967,601995
2.02305E+11,64803,1690522296,536418,601221
2.02305E+11,64796,1690522297,536472,601268
2.02305E+11,64821,1690522298,536258,601079
2.02305E+11,64788,1690522299,535827,600615
2.02305E+11,65133,1690522300,535941,601074
2.02305E+11,64647,1690522301,534659,599306
2.02305E+11,64827,1690522302,534935,599762
2.02305E+11,65219,1690522303,535841,601060
2.02305E+11,64787,1690522304,535307,600094
2.02305E+11,64792,1690522305,535906,600698
2.02305E+11,64928,1690522306,535709,600637
2.02305E+11,64868,1690522307,535720,600588
2.02305E+11,64782,1690522308,535853,600635
2.02305E+11,65438,1690522309,536363,601801
2.02305E+11,64557,1690522309,536222,600779
2.02305E+11,64676,1690522311,536961,601637
2.02305E+11,64348,1690522312,536935,601283
2.02305E+11,64921,1690522313,536674,601595
2.02305E+11,64906,1690522314,536313,601219
2.02305E+11,64640,1690522315,537069,601709
2.02305E+11,64433,1690522316,536295,600728
2.02305E+11,64572,1690522317,537590,602162
2.02305E+11,64925,1690522318,536974,601899
2.02305E+11,64331,1690522319,536576,600907
2.02305E+11,64536,1690522320,537149,601685
2.02305E+11,64751,1690522321,537609,602360
2.02305E+11,64635,1690522322,537696,602331
2.02305E+11,64292,1690522323,536658,600950
2.02305E+11,64549,1690522324,536796,601345
2.02305E+11,64490,1690522325,535139,599629
2.02305E+11,64854,1690522326,535242,600096
2.02305E+11,64772,1690522327,534069,598841
2.02305E+11,64480,1690522328,533779,598259
2.02305E+11,65049,1690522329,533748,598797
2.02305E+11,64637,1690522330,534396,599033
2.02305E+11,64846,1690522331,534387,599233
2.02305E+11,64611,1690522332,535144,599755
2.02305E+11,65010,1690522333,534758,599768
2.02305E+11,64601,1690522334,534529,599130
2.02305E+11,64446,1690522335,534584,599030
2.02305E+11,64444,1690522336,535061,599505
2.02305E+11,64779,1690522337,536133,600912
2.02305E+11,64661,1690522338,535885,600546
2.02305E+11,64870,1690522339,536166,601036
2.02305E+11,64561,1690522340,536182,600743
2.02305E+11,64281,1690522341,535818,600099
2.02305E+11,64402,1690522342,534762,599164
2.02305E+11,64446,1690522343,535143,599589
2.02305E+11,64315,1690522344,535819,600134
2.02305E+11,64162,1690522345,535947,600109
2.02305E+11,64229,1690522346,534962,599191
2.02305E+11,64384,1690522347,535286,599670
2.02305E+11,64658,1690522348,535684,600342
2.02305E+11,64428,1690522349,536029,600457
2.02305E+11,64569,1690522350,536188,600757
2.02305E+11,64488,1690522351,535398,599886
2.02305E+11,64851,1690522352,536172,601023
2.02305E+11,64657,1690522353,535297,599954
2.02305E+11,64355,1690522354,535946,600301
2.02305E+11,64373,1690522355,535953,600326
2.02305E+11,64657,1690522356,535778,600435
2.02305E+11,64322,1690522357,535944,600266
2.02305E+11,64756,1690522358,535849,600605
2.02305E+11,64398,1690522359,535502,599900
2.02305E+11,64514,1690522360,536015,600529
2.02305E+11,64455,1690522361,536506,600961
2.02305E+11,64437,1690522362,536175,600612
2.02305E+11,64559,1690522363,534928,599487
2.02305E+11,65005,1690522364,535912,600917
2.02305E+11,64538,1690522365,535709,600247
2.02305E+11,64380,1690522366,535194,599574
2.02305E+11,64528,1690522367,535631,600159
2.02305E+11,64612,1690522368,535127,599739
2.02305E+11,64940,1690522369,535486,600426
2.02305E+11,64839,1690522370,535261,600100
2.02305E+11,64872,1690522371,535235,600107
2.02305E+11,64586,1690522372,534866,599452
2.02305E+11,64288,1690522373,533895,598183
2.02305E+11,64854,1690522374,534632,599486
2.02305E+11,65029,1690522375,535027,600056
2.02305E+11,64551,1690522376,534649,599200
2.02305E+11,64971,1690522377,534605,599576
2.02305E+11,65020,1690522378,534753,599773
2.02305E+11,64354,1690522379,534862,599216
2.02305E+11,64610,1690522380,533993,598603
2.02305E+11,64299,1690522381,1577086,1641385
2.02305E+11,64248,1690522382,1579843,1644091
2.02305E+11,64518,1690522383,1578686,1643204
2.02305E+11,64343,1690522384,534163,598506
2.02305E+11,64318,1690522385,872492,936810
2.02305E+11,64461,1690522386,873156,937617
2.02305E+11,64716,1690522387,872631,937347
2.02305E+11,64411,1690522388,872453,936864
2.02305E+11,64249,1690522389,873218,937467
2.02305E+11,64470,1690522390,873560,938030
2.02305E+11,64351,1690522391,872931,937282
2.02305E+11,63861,1690522392,872926,936787
2.02305E+11,64843,1690522393,873185,938028
2.02305E+11,64717,1690522394,873744,938461
2.02305E+11,64411,1690522395,873661,938072
2.02305E+11,64603,1690522396,873463,938066
2.02305E+11,64608,1690522397,873289,937897
2.02305E+11,64619,1690522398,872996,937615
2.02305E+11,64551,1690522399,872813,937364
2.02305E+11,64977,1690522400,873277,938254
2.02305E+11,64539,1690522401,873700,938239
2.02305E+11,64726,1690522402,873656,938382
2.02305E+11,64759,1690522403,873806,938565
2.02305E+11,64537,1690522404,873573,938110
2.02305E+11,64568,1690522405,872645,937213
2.02305E+11,65123,1690522406,872429,937552
2.02305E+11,64603,1690522407,873224,937827
2.02305E+11,64271,1690522408,873010,937281
2.02305E+11,64612,1690522409,872209,936821
2.02305E+11,64422,1690522410,873041,937463
2.02305E+11,64571,1690522411,873321,937892
2.02305E+11,65223,1690522412,872802,938025
2.02305E+11,64760,1690522413,873413,938173
2.02305E+11,64471,1690522414,874054,938525
2.02305E+11,64928,1690522415,873234,938162
2.02305E+11,64535,1690522416,872927,937462
2.02305E+11,64590,1690522417,871955,936545
2.02305E+11,64450,1690522418,871483,935933
2.02305E+11,64285,1690522419,870337,934622
2.02305E+11,64204,1690522420,870439,934643
2.02305E+11,64318,1690522421,872129,936447
2.02305E+11,64879,1690522422,872339,937218
2.02305E+11,64216,1690522423,872958,937174
2.02305E+11,64510,1690522424,873480,937990
2.02305E+11,64448,1690522425,874090,938538
2.02305E+11,64514,1690522426,876431,940945
2.02305E+11,64642,1690522427,876504,941146
2.02305E+11,64657,1690522428,875560,940217
2.02305E+11,64389,1690522429,874791,939180
2.02305E+11,64663,1690522430,874872,939535
2.02305E+11,64641,1690522431,875717,940358
2.02305E+11,64196,1690522432,874556,938752
2.02305E+11,64759,1690522433,874694,939453
2.02305E+11,64299,1690522434,875062,939361
2.02305E+11,64236,1690522435,875050,939286
2.02305E+11,64349,1690522436,875240,939589
2.02305E+11,64696,1690522437,874903,939599
2.02305E+11,64456,1690522438,875946,940402
2.02305E+11,64424,1690522439,875447,939871
2.02305E+11,64156,1690522440,875533,939689
2.02305E+11,64319,1690522441,874991,939310
2.02305E+11,64244,1690522442,876099,940343
2.02305E+11,64193,1690522443,876203,940396
2.02305E+11,64499,1690522444,876790,941289
2.02305E+11,64715,1690522445,876611,941326
2.02305E+11,64207,1690522446,876804,941011
2.02305E+11,64315,1690522447,876785,941100
2.02305E+11,64571,1690522448,875613,940184
2.02305E+11,64655,1690522449,872768,937423
2.02305E+11,64578,1690522450,874289,938867
2.02305E+11,64076,1690522451,875534,939610
2.02305E+11,64657,1690522452,874782,939439
2.02305E+11,64492,1690522453,875049,939541
2.02305E+11,64538,1690522454,874862,939400
2.02305E+11,64808,1690522455,873571,938379
2.02305E+11,64521,1690522456,873786,938307
2.02305E+11,64923,1690522458,873542,938465
2.02305E+11,64485,1690522459,874318,938803
2.02305E+11,64519,1690522460,875027,939546
2.02305E+11,64846,1690522461,874413,939259
2.02305E+11,64546,1690522462,874289,938835
2.02305E+11,64586,1690522463,875023,939609
2.02305E+11,64499,1690522464,876253,940752
2.02305E+11,64743,1690522465,876642,941385
2.02305E+11,64511,1690522466,875938,940449
2.02305E+11,64906,1690522467,875790,940696
2.02305E+11,64597,1690522468,876742,941339
2.02305E+11,64366,1690522469,876160,940526
2.02305E+11,64816,1690522470,876715,941531
2.02305E+11,64664,1690522471,875915,940579
2.02305E+11,64591,1690522472,876623,941214
2.02305E+11,64577,1690522473,876473,941050
2.02305E+11,65094,1690522474,876172,941266
2.02305E+11,64900,1690522475,875458,940358
2.02305E+11,64434,1690522476,875907,940341
2.02305E+11,64432,1690522477,876305,940737
2.02305E+11,64486,1690522478,875534,940020
2.02305E+11,64536,1690522479,876221,940757
2.02305E+11,64610,1690522480,876435,941045
2.02305E+11,64369,1690522481,874548,938917
2.02305E+11,64707,1690522482,875119,939826
2.02305E+11,64585,1690522483,874791,939376
2.02305E+11,64677,1690522484,875343,940020
2.02305E+11,64751,1690522485,875560,940311
2.02305E+11,64763,1690522486,875504,940267
2.02305E+11,64468,1690522487,876634,941102
2.02305E+11,64373,1690522488,875182,939555
2.02305E+11,64354,1690522489,875048,939402
2.02305E+11,64412,1690522490,875853,940265
2.02305E+11,64306,1690522491,874740,939046
2.02305E+11,64661,1690522492,875169,939830
2.02305E+11,64396,1690522493,875162,939558
2.02305E+11,64313,1690522494,874769,939082
2.02305E+11,64343,1690522495,875546,939889
2.02305E+11,63987,1690522496,875720,939707
2.02305E+11,64489,1690522497,873943,938432
2.02305E+11,64231,1690522498,873943,938174
2.02305E+11,64456,1690522499,874115,938571
2.02305E+11,64294,1690522500,873638,937932
2.02305E+11,64574,1690522501,873309,937883
2.02305E+11,64485,1690522502,873727,938212
2.02305E+11,64619,1690522503,873870,938489
2.02305E+11,64728,1690522504,873726,938454
2.02305E+11,64878,1690522505,873713,938591
2.02305E+11,65163,1690522506,874340,939503
2.02305E+11,64914,1690522507,873953,938867
2.02305E+11,64793,1690522508,873781,938574
2.02305E+11,64673,1690522509,872638,937311
2.02305E+11,64495,1690522510,873956,938451
2.02305E+11,64723,1690522511,872824,937547
2.02305E+11,64721,1690522512,873590,938311
2.02305E+11,64798,1690522513,873437,938235
2.02305E+11,64747,1690522514,874292,939039
2.02305E+11,64476,1690522515,874269,938745
2.02305E+11,64091,1690522516,874959,939050
2.02305E+11,64482,1690522517,874339,938821
2.02305E+11,64526,1690522518,874355,938881
2.02305E+11,64607,1690522519,875446,940053
2.02305E+11,64284,1690522520,876152,940436
2.02305E+11,64429,1690522521,875970,940399
2.02305E+11,64526,1690522522,875990,940516
2.02305E+11,64858,1690522523,875875,940733
2.02305E+11,64650,1690522524,875586,940236
2.02305E+11,64346,1690522525,874298,938644
2.02305E+11,64354,1690522526,874012,938366
2.02305E+11,64261,1690522527,874100,938361
2.02305E+11,64768,1690522528,875327,940095
2.02305E+11,64615,1690522529,875434,940049
2.02305E+11,64520,1690522530,875186,939706
2.02305E+11,64286,1690522531,874453,938739
2.02305E+11,64107,1690522532,875186,939293
2.02305E+11,64244,1690522533,874605,938849
2.02305E+11,64739,1690522534,874123,938862
2.02305E+11,64488,1690522535,874713,939201
2.02305E+11,64482,1690522536,874734,939216
2.02305E+11,64661,1690522537,876237,940898
2.02305E+11,64620,1690522538,876502,941122
2.02305E+11,64624,1690522539,875205,939829
2.02305E+11,64715,1690522540,872036,936751
2.02305E+11,64615,1690522541,873792,938407
2.02305E+11,64722,1690522542,873627,938349
2.02305E+11,64747,1690522543,874123,938870
2.02305E+11,64437,1690522544,873794,938231
2.02305E+11,65113,1690522545,871345,936458
2.02305E+11,64913,1690522546,872374,937287
2.02305E+11,64818,1690522547,874017,938835
2.02305E+11,64809,1690522548,874586,939395
2.02305E+11,64832,1690522549,875268,940100
2.02305E+11,64599,1690522550,875120,939719
2.02305E+11,64528,1690522551,875301,939829
2.02305E+11,64585,1690522552,874298,938883
2.02305E+11,64974,1690522553,873884,938858
2.02305E+11,64597,1690522554,875412,940009
2.02305E+11,64360,1690522555,874821,939181
2.02305E+11,64670,1690522556,874714,939384
2.02305E+11,64567,1690522557,874632,939199
2.02305E+11,64616,1690522558,874452,939068
2.02305E+11,64552,1690522559,875268,939820
2.02305E+11,64230,1690522560,873887,938117
2.02305E+11,64425,1690522561,874753,939178
2.02305E+11,65309,1690522562,875222,940531
2.02305E+11,64509,1690522563,875598,940107
2.02305E+11,64486,1690522564,874042,938528
2.02305E+11,64688,1690522565,874517,939205
2.02305E+11,64722,1690522566,874723,939445
2.02305E+11,64992,1690522567,874407,939399
2.02305E+11,64462,1690522568,875161,939623
2.02305E+11,64945,1690522569,874641,939586
2.02305E+11,64440,1690522570,874346,938786
2.02305E+11,64350,1690522571,870757,935107
2.02305E+11,64465,1690522572,875400,939865
2.02305E+11,64657,1690522573,875376,940033
2.02305E+11,64672,1690522574,874980,939652
2.02305E+11,64105,1690522575,874505,938610
2.02305E+11,64333,1690522576,872978,937311
2.02305E+11,64609,1690522577,874639,939248
2.02305E+11,64588,1690522578,874454,939042
2.02305E+11,64689,1690522579,875508,940197
2.02305E+11,64694,1690522580,874915,939609
2.02305E+11,64745,1690522581,874218,938963
2.02305E+11,64306,1690522582,875313,939619
2.02305E+11,64487,1690522583,874544,939031
2.02305E+11,64498,1690522584,874382,938880
2.02305E+11,64026,1690522585,875959,939985
2.02305E+11,64684,1690522586,874133,938817
2.02305E+11,64297,1690522587,874872,939169
2.02305E+11,64981,1690522588,874247,939228
2.02305E+11,64315,1690522589,874218,938533
2.02305E+11,64662,1690522590,874467,939129
2.02305E+11,64150,1690522591,874077,938227
2.02305E+11,64406,1690522592,873815,938221
2.02305E+11,64541,1690522593,874518,939059
2.02305E+11,64486,1690522594,873420,937906
2.02305E+11,64670,1690522595,873926,938596
2.02305E+11,64343,1690522596,874890,939233
2.02305E+11,64288,1690522597,873835,938123
2.02305E+11,64314,1690522598,875363,939677
2.02305E+11,64322,1690522599,873967,938289
2.02305E+11,64333,1690522600,874630,938963
2.02305E+11,64049,1690522601,874796,938845
2.02305E+11,64274,1690522602,874380,938654
2.02305E+11,64320,1690522603,874745,939065
2.02305E+11,64375,1690522604,875419,939794
2.02305E+11,64389,1690522605,874109,938498
2.02305E+11,64280,1690522606,875402,939682
2.02305E+11,64792,1690522607,872305,937097
2.02305E+11,64310,1690522608,875086,939396
2.02305E+11,64605,1690522609,875382,939987
2.02305E+11,64508,1690522610,874864,939372
2.02305E+11,64512,1690522610,875017,939529
2.02305E+11,64693,1690522611,874576,939269
2.02305E+11,64775,1690522613,875139,939914
2.02305E+11,64578,1690522614,874188,938766
2.02305E+11,64667,1690522615,875173,939840
2.02305E+11,64663,1690522616,874964,939627
2.02305E+11,65116,1690522617,876395,941511
2.02305E+11,64915,1690522618,875853,940768
2.02305E+11,64799,1690522619,874583,939382
2.02305E+11,64638,1690522620,876797,941435
2.02305E+11,64882,1690522621,875405,940287
2.02305E+11,64970,1690522622,875723,940693
2.02305E+11,65092,1690522623,875793,940885
2.02305E+11,64945,1690522624,876675,941620
2.02305E+11,64717,1690522625,877121,941838
2.02305E+11,64992,1690522626,876779,941771
2.02305E+11,64900,1690522627,875618,940518
2.02305E+11,64664,1690522628,875931,940595
2.02305E+11,64791,1690522629,876157,940948
2.02305E+11,64430,1690522630,874944,939374
2.02305E+11,64568,1690522631,874484,939052
2.02305E+11,64513,1690522632,875464,939977
2.02305E+11,65057,1690522633,874707,939764
2.02305E+11,64709,1690522634,874911,939620
2.02305E+11,64154,1690522635,874081,938235
2.02305E+11,64496,1690522636,874020,938516
2.02305E+11,64596,1690522637,874502,939098
2.02305E+11,64301,1690522638,875063,939364
2.02305E+11,64552,1690522639,875905,940457
2.02305E+11,64340,1690522640,876019,940359
2.02305E+11,64621,1690522641,875072,939693
2.02305E+11,64665,1690522642,875305,939970
2.02305E+11,64915,1690522643,875192,940107
2.02305E+11,64675,1690522644,876262,940937
2.02305E+11,64496,1690522645,875234,939730
2.02305E+11,64387,1690522646,875992,940379
2.02305E+11,64371,1690522647,875654,940025
2.02305E+11,64377,1690522648,875388,939765
2.02305E+11,65002,1690522649,875625,940627
2.02305E+11,64713,1690522650,875247,939960
2.02305E+11,64472,1690522651,874866,939338
2.02305E+11,64583,1690522652,874877,939460
2.02305E+11,64582,1690522653,874929,939511
2.02305E+11,64740,1690522654,874556,939296
2.02305E+11,64477,1690522655,874788,939265
2.02305E+11,65046,1690522656,875109,940155
2.02305E+11,64737,1690522657,874685,939422
2.02305E+11,64537,1690522658,874027,938564
2.02305E+11,64667,1690522659,875288,939955
2.02305E+11,64368,1690522660,875592,939960
2.02305E+11,64597,1690522662,875349,939946
2.02305E+11,64754,1690522663,876112,940866
2.02305E+11,64544,1690522664,875750,940294
2.02305E+11,65479,1690522665,874701,940180
2.02305E+11,64454,1690522666,875602,940056
2.02305E+11,64482,1690522667,875021,939503
2.02305E+11,64789,1690522668,875713,940502
2.02305E+11,64841,1690522669,875926,940767
2.02305E+11,64540,1690522670,875527,940067
2.02305E+11,64508,1690522671,875435,939943
2.02305E+11,64490,1690522672,875568,940058
2.02305E+11,64468,1690522673,875282,939750
2.02305E+11,64757,1690522674,874149,938906
2.02305E+11,64628,1690522675,874809,939437
2.02305E+11,64254,1690522676,874810,939064
2.02305E+11,64245,1690522677,875489,939734
2.02305E+11,64671,1690522679,875774,940445
2.02305E+11,64592,1690522680,875709,940301
2.02305E+11,64274,1690522681,874641,938915
2.02305E+11,64323,1690522682,875132,939455
2.02305E+11,64551,1690522683,874709,939260
2.02305E+11,64301,1690522684,874760,939061
2.02305E+11,64575,1690522685,875019,939594
2.02305E+11,64060,1690522686,875416,939476
2.02305E+11,64601,1690522687,874252,938853
2.02305E+11,64550,1690522688,874211,938761
2.02305E+11,65196,1690522689,874835,940031
2.02305E+11,64358,1690522690,875296,939654
2.02305E+11,64439,1690522691,875102,939541
2.02305E+11,64690,1690522692,875340,940030
2.02305E+11,64510,1690522693,874419,938929
2.02305E+11,64462,1690522694,875242,939704
2.02305E+11,64858,1690522695,874935,939793
2.02305E+11,64760,1690522696,875154,939914
2.02305E+11,64835,1690522697,875395,940230
2.02305E+11,64359,1690522698,874873,939232
2.02305E+11,64527,1690522699,876013,940540
2.02305E+11,64681,1690522700,875757,940438
2.02305E+11,64774,1690522701,875002,939776
2.02305E+11,64667,1690522702,875950,940617
2.02305E+11,64334,1690522703,874459,938793
2.02305E+11,64704,1690522704,874779,939483
2.02305E+11,64545,1690522705,874865,939410
2.02305E+11,64322,1690522706,875755,940077
2.02305E+11,64476,1690522707,875117,939593
2.02305E+11,64144,1690522708,874826,938970
2.02305E+11,65084,1690522709,874770,939854
2.02305E+11,64340,1690522710,874285,938625
2.02305E+11,64375,1690522711,874865,939240
2.02305E+11,64319,1690522712,875259,939578
2.02305E+11,64654,1690522713,875094,939748
2.02305E+11,64509,1690522714,876406,940915
2.02305E+11,64314,1690522715,874792,939106
2.02305E+11,64440,1690522716,875165,939605
2.02305E+11,64458,1690522717,874147,938605
2.02305E+11,64156,1690522718,874619,938775
2.02305E+11,64155,1690522719,874104,938259
2.02305E+11,64534,1690522720,874616,939150
2.02305E+11,64828,1690522721,874746,939574
2.02305E+11,64416,1690522722,874190,938606
2.02305E+11,64851,1690522723,874202,939053
2.02305E+11,64574,1690522724,873280,937854
2.02305E+11,64353,1690522725,873627,937980
2.02305E+11,64341,1690522726,873683,938024
2.02305E+11,64327,1690522727,874072,938399
2.02305E+11,64507,1690522728,873986,938493
2.02305E+11,64743,1690522729,873755,938498
2.02305E+11,64415,1690522730,874248,938663
2.02305E+11,64480,1690522731,875042,939522
2.02305E+11,64439,1690522732,875235,939674
2.02305E+11,64492,1690522733,873978,938470
2.02305E+11,64605,1690522734,874890,939495
2.02305E+11,64410,1690522735,874396,938806
2.02305E+11,64788,1690522736,874516,939304
2.02305E+11,64670,1690522737,875213,939883
2.02305E+11,64744,1690522738,874392,939136
2.02305E+11,64658,1690522739,874161,938819
2.02305E+11,64455,1690522740,874106,938561
2.02305E+11,64101,1690522741,874141,938242
2.02305E+11,64570,1690522742,873960,938530
2.02305E+11,64256,1690522743,874185,938441
2.02305E+11,64596,1690522744,872420,937016
2.02305E+11,64281,1690522745,874037,938318
2.02305E+11,64225,1690522746,874215,938440
2.02305E+11,64536,1690522747,874567,939103
2.02305E+11,64123,1690522748,874477,938600
2.02305E+11,64374,1690522749,875148,939522
2.02305E+11,64268,1690522750,875529,939797
2.02305E+11,64384,1690522751,876431,940815
2.02305E+11,64761,1690522752,876143,940904
2.02305E+11,64777,1690522753,874575,939352
2.02305E+11,64468,1690522754,874886,939354
2.02305E+11,64686,1690522755,875159,939845
2.02305E+11,64451,1690522756,875102,939553
2.02305E+11,64621,1690522757,875428,940049
2.02305E+11,64753,1690522758,874196,938949
2.02305E+11,64258,1690522759,874349,938607
2.02305E+11,64523,1690522760,874955,939478
2.02305E+11,64426,1690522761,874299,938725
2.02305E+11,64429,1690522762,874685,939114
2.02305E+11,64550,1690522763,875231,939781
2.02305E+11,64513,1690522764,874846,939359
2.02305E+11,64484,1690522765,875633,940117
2.02305E+11,64099,1690522766,874580,938679
2.02305E+11,64805,1690522767,874796,939601
2.02305E+11,64505,1690522768,874652,939157
2.02305E+11,64804,1690522769,874999,939803
2.02305E+11,64495,1690522770,874580,939075
2.02305E+11,64534,1690522771,874788,939322
2.02305E+11,64166,1690522772,875019,939185
2.02305E+11,64530,1690522773,874555,939085
2.02305E+11,64235,1690522774,875395,939630
2.02305E+11,64085,1690522775,874222,938307
2.02305E+11,64016,1690522776,873301,937317
2.02305E+11,64435,1690522777,873182,937617
2.02305E+11,64711,1690522778,871361,936072
2.02305E+11,64487,1690522779,873009,937496
2.02305E+11,64225,1690522780,872384,936609
2.02305E+11,64294,1690522781,873052,937346
2.02305E+11,64636,1690522782,873996,938632
2.02305E+11,64391,1690522783,875397,939788
2.02305E+11,63964,1690522784,875607,939571
2.02305E+11,64187,1690522785,876101,940288
2.02305E+11,64177,1690522786,875232,939409
2.02305E+11,64190,1690522787,874309,938499
2.02305E+11,63998,1690522788,875433,939431
2.02305E+11,64363,1690522789,875789,940152
2.02305E+11,64417,1690522790,875947,940364
2.02305E+11,64239,1690522791,874797,939036
2.02305E+11,64558,1690522792,874950,939508
2.02305E+11,64140,1690522793,875109,939249
2.02305E+11,64253,1690522794,875136,939389
2.02305E+11,64191,1690522795,875662,939853
2.02305E+11,63902,1690522796,875920,939822
2.02305E+11,64329,1690522797,875913,940242
2.02305E+11,63919,1690522798,876316,940235
2.02305E+11,64131,1690522799,876884,941015
2.02305E+11,64420,1690522800,875396,939816
2.02305E+11,64027,1690522801,875668,939695
2.02305E+11,64987,1690522802,876542,941529
2.02305E+11,64641,1690522803,876046,940687
2.02305E+11,64457,1690522804,877149,941606
2.02305E+11,64640,1690522805,876556,941196
2.02305E+11,64521,1690522806,876360,940881
2.02305E+11,64641,1690522807,876257,940898
2.02305E+11,65098,1690522808,877207,942305
2.02305E+11,64607,1690522809,876835,941442
2.02305E+11,64681,1690522810,873928,938609
2.02305E+11,64409,1690522811,876683,941092
2.02305E+11,64801,1690522812,876491,941292
2.02305E+11,64375,1690522813,876946,941321
2.02305E+11,64348,1690522814,877206,941554
2.02305E+11,64528,1690522815,876525,941053
2.02305E+11,64929,1690522816,877745,942674
2.02305E+11,64311,1690522817,876405,940716
2.02305E+11,64747,1690522818,876481,941228
2.02305E+11,64596,1690522819,876107,940703
2.02305E+11,64235,1690522820,876189,940424
2.02305E+11,64323,1690522821,876360,940683
2.02305E+11,64758,1690522822,875940,940698
2.02305E+11,64562,1690522823,876198,940760
2.02305E+11,64144,1690522824,875768,939912
2.02305E+11,64368,1690522825,876183,940551
2.02305E+11,64376,1690522826,876242,940618
2.02305E+11,64422,1690522827,875383,939805
2.02305E+11,63845,1690522828,875909,939754
2.02305E+11,64207,1690522829,875720,939927
2.02305E+11,64616,1690522830,874722,939338
2.02305E+11,64363,1690522831,875243,939606
2.02305E+11,64185,1690522832,876416,940601
2.02305E+11,64400,1690522833,875365,939765
2.02305E+11,64208,1690522834,875995,940203
2.02305E+11,64516,1690522835,875191,939707
2.02305E+11,64698,1690522836,875465,940163
2.02305E+11,64704,1690522837,875430,940134
2.02305E+11,64379,1690522838,875548,939927
2.02305E+11,64952,1690522839,876126,941078
2.02305E+11,64732,1690522840,875969,940701
2.02305E+11,64742,1690522841,875327,940069
2.02305E+11,64729,1690522842,876339,941068
2.02305E+11,64417,1690522843,875060,939477
2.02305E+11,64378,1690522844,874682,939060
2.02305E+11,64413,1690522845,875097,939510
2.02305E+11,64437,1690522846,875095,939532
2.02305E+11,64317,1690522847,875694,940011
2.02305E+11,64302,1690522848,876210,940512
2.02305E+11,64481,1690522849,876912,941393
2.02305E+11,64405,1690522850,877244,941649
2.02305E+11,64517,1690522851,876007,940524
2.02305E+11,64251,1690522852,875841,940092
2.02305E+11,64048,1690522853,876039,940087
2.02305E+11,64417,1690522854,872596,937013
2.02305E+11,64863,1690522855,875473,940336
2.02305E+11,64347,1690522856,874549,938896
2.02305E+11,64161,1690522857,875260,939421
2.02305E+11,64349,1690522858,873669,938018
2.02305E+11,64328,1690522859,875925,940253
2.02305E+11,64472,1690522860,874449,938921
2.02305E+11,64285,1690522861,875776,940061
2.02305E+11,64702,1690522862,876658,941360
2.02305E+11,64384,1690522863,875874,940258
2.02305E+11,63973,1690522864,876225,940198
2.02305E+11,64081,1690522865,876817,940898
2.02305E+11,64403,1690522866,877079,941482
2.02305E+11,64212,1690522867,875455,939667
2.02305E+11,64567,1690522868,876408,940975
2.02305E+11,63943,1690522869,876191,940134
2.02305E+11,64392,1690522870,875313,939705
2.02305E+11,64050,1690522871,874582,938632
2.02305E+11,64582,1690522872,875074,939656
2.02305E+11,64381,1690522873,875306,939687
2.02305E+11,65065,1690522874,875242,940307
2.02305E+11,64441,1690522875,874815,939256
2.02305E+11,64877,1690522876,874591,939468
2.02305E+11,64471,1690522877,874548,939019
2.02305E+11,64693,1690522878,875129,939822
2.02305E+11,64893,1690522879,876035,940928
2.02305E+11,64933,1690522880,875761,940694
2.02305E+11,64243,1690522881,875842,940085
2.02305E+11,64669,1690522882,875819,940488
2.02305E+11,64619,1690522883,875857,940476
2.02305E+11,64605,1690522884,875353,939958
2.02305E+11,64778,1690522885,875484,940262
2.02305E+11,64412,1690522886,875103,939515
2.02305E+11,64785,1690522887,874941,939726
2.02305E+11,64613,1690522888,874455,939068
2.02305E+11,64626,1690522889,873334,937960
2.02305E+11,64468,1690522890,874277,938745
2.02305E+11,64161,1690522891,874357,938518
2.02305E+11,64391,1690522892,875418,939809
2.02305E+11,64736,1690522893,876756,941492
2.02305E+11,64146,1690522894,874817,938963
2.02305E+11,64292,1690522895,876170,940462
2.02305E+11,64068,1690522896,874875,938943
2.02305E+11,64561,1690522897,876260,940821
2.02305E+11,64563,1690522898,876334,940897
2.02305E+11,64431,1690522899,875734,940165
2.02305E+11,64404,1690522900,875587,939991
2.02305E+11,64018,1690522901,874573,938591
2.02305E+11,64039,1690522902,875474,939513
2.02305E+11,64282,1690522903,875337,939619
2.02305E+11,64228,1690522904,876215,940443
2.02305E+11,64259,1690522905,875891,940150
2.02305E+11,64729,1690522906,875931,940660
2.02305E+11,64772,1690522907,875192,939964
2.02305E+11,64535,1690522908,874216,938751
2.02305E+11,64621,1690522909,874710,939331
2.02305E+11,64901,1690522910,873470,938371
2.02305E+11,64811,1690522910,873817,938628
2.02305E+11,64608,1690522912,873468,938076
2.02305E+11,64579,1690522913,874004,938583
2.02305E+11,64484,1690522914,874185,938669
2.02305E+11,64677,1690522915,874962,939639
2.02305E+11,64812,1690522916,875391,940203
2.02305E+11,64634,1690522917,875101,939735
2.02305E+11,64677,1690522918,875688,940365
2.02305E+11,64501,1690522919,875666,940167
2.02305E+11,64284,1690522920,876860,941144
2.02305E+11,64615,1690522921,1584363,1648978
2.02305E+11,64337,1690522922,1583012,1647349
2.02305E+11,64391,1690522923,1583713,1648104
2.02305E+11,64581,1690522924,1583406,1647987
2.02305E+11,64401,1690522925,1583177,1647578
2.02305E+11,64239,1690522926,1582262,1646501
2.02305E+11,64196,1690522927,1581867,1646063
2.02305E+11,64283,1690522928,1580231,1644514
2.02305E+11,64769,1690522929,1579783,1644552
2.02305E+11,64836,1690522930,1581880,1646716
2.02305E+11,64673,1690522931,1581330,1646003
2.02305E+11,64287,1690522932,1581880,1646167
2.02305E+11,64787,1690522933,1582443,1647230
2.02305E+11,64274,1690522934,1581656,1645930
2.02305E+11,64522,1690522935,1584098,1648620
2.02305E+11,64553,1690522936,1582575,1647128
2.02305E+11,64628,1690522937,1583580,1648208
2.02305E+11,64496,1690522938,1582645,1647141
2.02305E+11,64766,1690522939,1583561,1648327
2.02305E+11,64441,1690522940,1583559,1648000
2.02305E+11,64597,1690522941,1582363,1646960
2.02305E+11,64547,1690522942,1582383,1646930
2.02305E+11,64383,1690522943,1580680,1645063
2.02305E+11,64817,1690522944,1581935,1646752
2.02305E+11,64736,1690522945,1580977,1645713
2.02305E+11,64766,1690522946,1581404,1646170
2.02305E+11,64651,1690522947,1580607,1645258
2.02305E+11,64926,1690522948,1582934,1647860
2.02305E+11,64316,1690522949,1582397,1646713
2.02305E+11,64338,1690522950,1581123,1645461
2.02305E+11,64416,1690522951,1582772,1647188
2.02305E+11,64620,1690522952,1584042,1648662
2.02305E+11,64612,1690522954,1583915,1648527
2.02305E+11,64430,1690522955,1584641,1649071
2.02305E+11,64313,1690522956,1584544,1648857
2.02305E+11,64625,1690522957,1583928,1648553
2.02305E+11,64711,1690522958,1583679,1648390
2.02305E+11,64578,1690522959,1582873,1647451
2.02305E+11,64499,1690522960,1582086,1646585
2.02305E+11,64963,1690522961,1582109,1647072
2.02305E+11,64578,1690522962,1580344,1644922
2.02305E+11,64528,1690522963,1582302,1646830
2.02305E+11,64863,1690522964,1582315,1647178
2.02305E+11,64754,1690522965,1581355,1646109
2.02305E+11,64836,1690522966,1582690,1647526
2.02305E+11,64792,1690522967,1581958,1646750
2.02305E+11,64665,1690522968,1583409,1648074
2.02305E+11,64471,1690522969,1583459,1647930
2.02305E+11,64496,1690522970,1583500,1647996
2.02305E+11,65170,1690522971,1584332,1649502
2.02305E+11,64383,1690522972,1583253,1647636
2.02305E+11,64848,1690522973,1584508,1649356
2.02305E+11,64327,1690522974,1583108,1647435
2.02305E+11,64937,1690522975,1583238,1648175
2.02305E+11,64947,1690522976,1584148,1649095
2.02305E+11,64888,1690522977,1582328,1647216
2.02305E+11,65071,1690522978,1583913,1648984
2.02305E+11,64878,1690522979,1582632,1647510
2.02305E+11,64631,1690522980,1581812,1646443
2.02305E+11,64468,1690522981,1582629,1647097
2.02305E+11,64745,1690522982,1580768,1645513
2.02305E+11,64616,1690522983,1580999,1645615
2.02305E+11,64358,1690522984,1579669,1644027
2.02305E+11,64689,1690522985,1580684,1645373
2.02305E+11,65034,1690522986,1582188,1647222
2.02305E+11,64911,1690522987,1580927,1645838
2.02305E+11,64395,1690522988,1580373,1644768
2.02305E+11,64709,1690522989,1580141,1644850
2.02305E+11,64927,1690522990,1580796,1645723
2.02305E+11,64619,1690522991,1579935,1644554
2.02305E+11,64828,1690522992,1580262,1645090
2.02305E+11,64569,1690522993,873848,938417
2.02305E+11,64343,1690522994,874684,939027
2.02305E+11,65032,1690522995,874592,939624
2.02305E+11,64749,1690522996,876171,940920
2.02305E+11,64791,1690522997,876554,941345
2.02305E+11,64775,1690522998,876602,941377
2.02305E+11,64910,1690522999,875972,940882
2.02305E+11,64604,1690523000,875976,940580
2.02305E+11,64832,1690523001,875242,940074
2.02305E+11,64673,1690523002,875847,940520
2.02305E+11,65039,1690523003,875325,940364
2.02305E+11,64496,1690523004,876233,940729
2.02305E+11,65154,1690523005,876208,941362
2.02305E+11,64741,1690523006,875687,940428
2.02305E+11,64874,1690523007,876624,941498
2.02305E+11,65063,1690523008,876224,941287
2.02305E+11,64896,1690523009,876911,941807
2.02305E+11,64962,1690523010,876760,941722
2.02305E+11,64710,1690523011,876336,941046
2.02305E+11,64681,1690523012,875680,940361
2.02305E+11,64836,1690523013,876287,941123
2.02305E+11,64574,1690523014,876713,941287
2.02305E+11,65404,1690523015,877816,943220
2.02305E+11,64911,1690523016,876417,941328
2.02305E+11,64554,1690523017,876317,940871
2.02305E+11,65015,1690523018,876757,941772
2.02305E+11,64557,1690523019,877067,941624
2.02305E+11,65050,1690523020,874567,939617
2.02305E+11,64797,1690523021,874864,939661
2.02305E+11,65083,1690523022,874061,939144
2.02305E+11,64842,1690523023,874745,939587
2.02305E+11,64799,1690523024,874976,939775
2.02305E+11,65024,1690523025,875620,940644
2.02305E+11,64745,1690523026,875400,940145
2.02305E+11,64482,1690523027,876344,940826
2.02305E+11,64418,1690523028,876756,941174
2.02305E+11,64881,1690523029,877575,942456
2.02305E+11,65021,1690523030,876700,941721
2.02305E+11,64818,1690523031,877263,942081
2.02305E+11,64579,1690523032,876226,940805
2.02305E+11,64876,1690523033,876189,941065
2.02305E+11,64676,1690523034,875434,940110
2.02305E+11,64873,1690523035,875079,939952
2.02305E+11,64560,1690523036,875437,939997
2.02305E+11,64457,1690523037,875271,939728
2.02305E+11,64626,1690523038,875270,939896
2.02305E+11,64589,1690523039,875054,939643
2.02305E+11,64505,1690523040,874584,939089
2.02305E+11,64636,1690523041,874659,939295
2.02305E+11,64546,1690523042,875564,940110
2.02305E+11,64603,1690523043,876051,940654
2.02305E+11,64433,1690523044,876355,940788
2.02305E+11,64341,1690523045,876322,940663
2.02305E+11,64373,1690523046,876150,940523
2.02305E+11,64228,1690523047,876698,940926
2.02305E+11,64366,1690523048,875687,940053
2.02305E+11,64842,1690523049,874958,939800
2.02305E+11,64346,1690523050,873901,938247
2.02305E+11,64007,1690523051,873320,937327
2.02305E+11,64297,1690523052,873843,938140
2.02305E+11,64667,1690523053,875113,939780
2.02305E+11,64960,1690523054,874358,939318
2.02305E+11,64501,1690523055,875019,939520
2.02305E+11,64436,1690523056,875566,940002
2.02305E+11,64484,1690523057,876547,941031
2.02305E+11,64371,1690523058,875369,939740
2.02305E+11,64491,1690523059,874863,939354
2.02305E+11,64594,1690523060,875906,940500
2.02305E+11,64482,1690523061,876230,940712
2.02305E+11,64250,1690523062,876622,940872
2.02305E+11,64475,1690523063,875728,940203
2.02305E+11,64600,1690523064,875194,939794
2.02305E+11,64565,1690523065,876046,940611
2.02305E+11,64296,1690523066,875643,939939
2.02305E+11,64687,1690523067,876639,941326
2.02305E+11,64294,1690523068,876428,940722
2.02305E+11,64678,1690523069,877076,941754
2.02305E+11,64385,1690523070,875692,940077
2.02305E+11,64356,1690523071,875407,939763
2.02305E+11,64775,1690523072,874724,939499
2.02305E+11,64591,1690523073,875814,940405
2.02305E+11,64386,1690523074,875854,940240
2.02305E+11,64415,1690523075,877242,941657
2.02305E+11,64524,1690523076,877109,941633
2.02305E+11,64720,1690523077,876851,941571
2.02305E+11,64498,1690523078,872276,936774
2.02305E+11,64391,1690523079,875572,939963
2.02305E+11,64887,1690523080,875032,939919
2.02305E+11,64976,1690523081,874079,939055
2.02305E+11,64728,1690523082,874005,938733
2.02305E+11,64952,1690523083,872752,937704
2.02305E+11,64597,1690523084,873434,938031
2.02305E+11,64795,1690523085,873472,938267
2.02305E+11,64398,1690523086,874744,939142
2.02305E+11,64902,1690523087,875070,939972
2.02305E+11,64483,1690523088,876228,940711
2.02305E+11,65011,1690523089,876295,941306
2.02305E+11,64904,1690523090,876593,941497
2.02305E+11,64750,1690523091,875480,940230
2.02305E+11,65008,1690523092,875985,940993
2.02305E+11,64903,1690523093,876223,941126
2.02305E+11,65053,1690523094,875667,940720
2.02305E+11,65077,1690523095,876188,941265
2.02305E+11,64513,1690523096,875741,940254
2.02305E+11,64815,1690523097,876174,940989
2.02305E+11,64958,1690523098,876009,940967
2.02305E+11,64680,1690523099,876143,940823
2.02305E+11,64671,1690523100,876029,940700
2.02305E+11,64861,1690523101,876264,941125
2.02305E+11,64541,1690523102,876251,940792
2.02305E+11,64895,1690523103,876336,941231
2.02305E+11,65247,1690523104,876720,941967
2.02305E+11,64795,1690523105,878093,942888
2.02305E+11,64741,1690523106,878578,943319
2.02305E+11,64939,1690523107,877873,942812
2.02305E+11,64678,1690523108,877641,942319
2.02305E+11,65020,1690523109,876538,941558
2.02305E+11,65933,1690523110,876918,942851
2.02305E+11,64716,1690523111,875306,940022
2.02305E+11,64553,1690523112,875573,940126
2.02305E+11,64927,1690523113,876605,941532
2.02305E+11,65096,1690523114,876577,941673
2.02305E+11,64634,1690523115,877710,942344
2.02305E+11,64569,1690523116,877026,941595
2.02305E+11,64811,1690523117,878645,943456
2.02305E+11,64859,1690523118,878884,943743
2.02305E+11,64969,1690523119,878954,943923
2.02305E+11,64512,1690523120,879160,943672
2.02305E+11,64794,1690523121,877909,942703
2.02305E+11,64630,1690523122,878819,943449
2.02305E+11,64728,1690523123,878776,943504
2.02305E+11,64656,1690523124,877856,942512
2.02305E+11,64441,1690523125,876254,940695
2.02305E+11,64619,1690523126,877363,941982
2.02305E+11,64730,1690523127,877925,942655
2.02305E+11,64856,1690523128,877743,942599
2.02305E+11,64809,1690523129,877792,942601
2.02305E+11,64319,1690523130,878422,942741
2.02305E+11,64972,1690523131,877956,942928
2.02305E+11,64626,1690523132,878079,942705
2.02305E+11,65004,1690523133,877624,942628
2.02305E+11,64934,1690523134,878110,943044
2.02305E+11,64386,1690523135,879140,943526
2.02305E+11,64415,1690523136,879193,943608
2.02305E+11,64433,1690523137,879157,943590
2.02305E+11,64471,1690523138,877652,942123
2.02305E+11,64420,1690523139,878009,942429
2.02305E+11,64855,1690523140,877805,942660
2.02305E+11,64321,1690523141,877813,942134
2.02305E+11,64769,1690523142,875625,940394
2.02305E+11,64767,1690523143,877270,942037
2.02305E+11,64559,1690523144,877701,942260
2.02305E+11,64432,1690523145,876746,941178
2.02305E+11,64698,1690523146,877484,942182
2.02305E+11,64697,1690523147,878281,942978
2.02305E+11,64491,1690523148,879395,943886
2.02305E+11,64470,1690523149,878876,943346
2.02305E+11,64908,1690523150,877660,942568
2.02305E+11,64782,1690523151,879176,943958
2.02305E+11,64177,1690523152,878445,942622
2.02305E+11,64726,1690523153,878041,942767
2.02305E+11,64746,1690523154,877838,942584
2.02305E+11,64333,1690523155,877624,941957
2.02305E+11,64459,1690523156,878242,942701
2.02305E+11,65176,1690523157,877524,942700
2.02305E+11,64274,1690523158,878205,942479
2.02305E+11,64571,1690523159,878858,943429
2.02305E+11,64469,1690523160,878373,942842
2.02305E+11,64742,1690523161,878580,943322
2.02305E+11,65105,1690523162,877096,942201
2.02305E+11,64380,1690523163,878961,943341
2.02305E+11,64794,1690523164,879673,944467
2.02305E+11,64613,1690523165,879728,944341
2.02305E+11,64776,1690523166,880248,945024
2.02305E+11,64614,1690523167,878457,943071
2.02305E+11,64710,1690523168,878514,943224
2.02305E+11,64779,1690523169,878298,943077
2.02305E+11,64554,1690523170,877824,942378
2.02305E+11,64905,1690523171,875986,940891
2.02305E+11,64497,1690523172,878293,942790
2.02305E+11,64526,1690523173,877349,941875
2.02305E+11,64691,1690523174,879523,944214
2.02305E+11,64704,1690523175,879266,943970
2.02305E+11,64767,1690523176,879509,944276
2.02305E+11,64947,1690523177,879892,944839
2.02305E+11,64714,1690523178,880219,944933
2.02305E+11,64493,1690523179,880261,944754
2.02305E+11,64416,1690523180,878913,943329
2.02305E+11,64495,1690523181,879523,944018
2.02305E+11,64853,1690523182,880274,945127
2.02305E+11,64642,1690523183,878810,943452
2.02305E+11,64698,1690523184,878613,943311
2.02305E+11,64746,1690523185,878428,943174
2.02305E+11,64596,1690523186,877773,942369
2.02305E+11,64744,1690523187,878613,943357
2.02305E+11,64413,1690523188,878325,942738
2.02305E+11,64949,1690523189,878532,943481
2.02305E+11,64309,1690523190,878394,942703
2.02305E+11,64273,1690523191,878780,943053
2.02305E+11,64416,1690523192,878897,943313
2.02305E+11,64537,1690523193,878792,943329
2.02305E+11,64653,1690523194,878916,943569
2.02305E+11,64453,1690523195,878879,943332
2.02305E+11,64382,1690523196,878569,942951
2.02305E+11,64625,1690523197,879576,944201
2.02305E+11,64543,1690523198,878911,943454
2.02305E+11,64321,1690523199,878906,943227
2.02305E+11,64512,1690523200,879141,943653
2.02305E+11,64385,1690523201,878155,942540
2.02305E+11,64638,1690523202,877932,942570
2.02305E+11,64393,1690523203,879014,943407
2.02305E+11,64765,1690523204,879274,944039
2.02305E+11,64512,1690523205,878996,943508
2.02305E+11,64181,1690523206,879303,943484
2.02305E+11,64522,1690523207,877417,941939
2.02305E+11,64612,1690523208,878172,942784
2.02305E+11,64555,1690523209,878892,943447
2.02305E+11,64205,1690523210,879709,943914
2.02305E+11,64423,1690523211,879773,944196
2.02305E+11,64959,1690523211,879255,944214
2.02305E+11,64464,1690523212,878438,942902
2.02305E+11,64499,1690523214,878151,942650
2.02305E+11,64432,1690523215,878203,942635
2.02305E+11,64325,1690523216,879358,943683
2.02305E+11,64487,1690523217,879521,944008
2.02305E+11,64662,1690523218,878417,943079
2.02305E+11,64582,1690523219,878897,943479
2.02305E+11,64730,1690523220,878410,943140
2.02305E+11,64332,1690523221,878214,942546
2.02305E+11,64501,1690523222,878853,943354
2.02305E+11,64404,1690523223,878474,942878
2.02305E+11,64189,1690523224,878249,942438
2.02305E+11,64123,1690523225,878716,942839
2.02305E+11,64963,1690523226,880046,945009
2.02305E+11,64842,1690523227,879869,944711
2.02305E+11,64538,1690523228,878978,943516
2.02305E+11,64655,1690523229,880012,944667
2.02305E+11,64861,1690523230,879595,944456
2.02305E+11,64379,1690523231,879698,944077
2.02305E+11,64371,1690523232,879523,943894
2.02305E+11,64188,1690523233,880351,944539
2.02305E+11,64435,1690523234,880074,944509
2.02305E+11,64370,1690523235,880274,944644
2.02305E+11,64382,1690523236,879735,944117
2.02305E+11,63800,1690523237,880421,944221
2.02305E+11,64285,1690523238,878521,942806
2.02305E+11,64348,1690523239,876246,940594
2.02305E+11,64534,1690523240,876559,941093
2.02305E+11,64471,1690523241,876643,941114
2.02305E+11,64555,1690523242,877711,942266
2.02305E+11,64176,1690523243,877981,942157
2.02305E+11,64376,1690523244,877681,942057
2.02305E+11,64384,1690523245,878098,942482
2.02305E+11,64720,1690523246,878750,943470
2.02305E+11,64296,1690523247,879375,943671
2.02305E+11,64877,1690523248,879084,943961
2.02305E+11,64371,1690523249,878239,942610
2.02305E+11,64610,1690523250,877215,941825
2.02305E+11,64664,1690523251,876520,941184
2.02305E+11,64526,1690523252,879057,943583
2.02305E+11,64619,1690523253,879940,944559
2.02305E+11,64858,1690523254,879100,943958
2.02305E+11,64770,1690523255,880472,945242
2.02305E+11,64749,1690523256,880826,945575
2.02305E+11,64726,1690523257,879911,944637
2.02305E+11,64486,1690523258,880052,944538
2.02305E+11,64738,1690523259,880129,944867
2.02305E+11,64536,1690523260,880480,945016
2.02305E+11,64662,1690523261,881143,945805
2.02305E+11,64549,1690523262,880955,945504
2.02305E+11,64570,1690523263,880599,945169
2.02305E+11,64732,1690523264,879899,944631
2.02305E+11,64790,1690523265,880564,945354
2.02305E+11,64586,1690523266,879634,944220
2.02305E+11,65005,1690523267,879287,944292
2.02305E+11,64843,1690523268,877918,942761
2.02305E+11,64627,1690523269,878363,942990
2.02305E+11,64860,1690523270,879257,944117
2.02305E+11,64628,1690523271,879448,944076
2.02305E+11,64629,1690523272,879672,944301
2.02305E+11,64672,1690523273,879606,944278
2.02305E+11,64912,1690523274,879968,944880
2.02305E+11,64432,1690523275,880249,944681
2.02305E+11,64901,1690523276,881016,945917
2.02305E+11,64622,1690523277,881678,946300
2.02305E+11,64709,1690523278,880874,945583
2.02305E+11,64256,1690523279,880461,944717
2.02305E+11,64784,1690523280,880430,945214
2.02305E+11,64448,1690523281,879839,944287
2.02305E+11,64846,1690523282,880008,944854
2.02305E+11,64432,1690523283,880222,944654
2.02305E+11,64536,1690523284,880121,944657
2.02305E+11,64370,1690523285,879054,943424
2.02305E+11,64332,1690523286,879252,943584
2.02305E+11,64391,1690523287,878930,943321
2.02305E+11,65017,1690523288,879157,944174
2.02305E+11,64725,1690523289,879315,944040
2.02305E+11,64464,1690523290,879938,944402
2.02305E+11,64933,1690523291,879599,944532
2.02305E+11,64464,1690523292,880002,944466
2.02305E+11,64546,1690523293,879999,944545
2.02305E+11,64710,1690523294,879837,944547
2.02305E+11,64789,1690523295,880133,944922
2.02305E+11,64494,1690523296,880880,945374
2.02305E+11,64478,1690523297,880677,945155
2.02305E+11,64371,1690523298,879710,944081
2.02305E+11,65081,1690523299,880860,945941
2.02305E+11,64629,1690523300,880421,945050
2.02305E+11,64782,1690523301,881037,945819
2.02305E+11,64410,1690523302,880329,944739
2.02305E+11,64485,1690523303,881106,945591
2.02305E+11,64656,1690523304,880419,945075
2.02305E+11,64556,1690523305,880257,944813
2.02305E+11,64468,1690523306,880119,944587
2.02305E+11,64059,1690523307,879676,943735
2.02305E+11,64654,1690523308,879447,944101
2.02305E+11,64715,1690523309,879903,944618
2.02305E+11,64705,1690523310,880630,945335
2.02305E+11,64569,1690523311,879520,944089
2.02305E+11,64606,1690523312,880430,945036
2.02305E+11,64362,1690523313,880621,944983
2.02305E+11,64623,1690523314,879902,944525
2.02305E+11,64727,1690523315,879949,944676
2.02305E+11,64401,1690523316,879343,943744
2.02305E+11,64562,1690523317,880325,944887
2.02305E+11,64889,1690523318,879622,944511
2.02305E+11,64635,1690523319,880865,945500
2.02305E+11,64673,1690523320,881039,945712
2.02305E+11,64618,1690523321,880773,945391
2.02305E+11,64214,1690523322,880011,944225
2.02305E+11,64797,1690523323,879434,944231
2.02305E+11,64584,1690523324,880269,944853
2.02305E+11,64320,1690523325,879961,944281
2.02305E+11,64462,1690523326,879589,944051
2.02305E+11,64493,1690523327,879479,943972
2.02305E+11,64553,1690523328,879868,944421
2.02305E+11,64639,1690523329,878843,943482
2.02305E+11,64064,1690523330,879595,943659
2.02305E+11,64006,1690523331,880446,944452
2.02305E+11,64298,1690523332,879431,943729
2.02305E+11,64505,1690523333,878148,942653
2.02305E+11,64038,1690523334,878865,942903
2.02305E+11,64133,1690523335,879086,943219
2.02305E+11,64573,1690523336,879368,943941
2.02305E+11,63917,1690523337,880229,944146
2.02305E+11,64448,1690523338,880615,945063
2.02305E+11,64254,1690523339,879114,943368
2.02305E+11,64735,1690523340,879784,944519
2.02305E+11,64656,1690523341,879638,944294
2.02305E+11,64992,1690523342,879974,944966
2.02305E+11,64632,1690523343,880348,944980
2.02305E+11,64870,1690523344,878545,943415
2.02305E+11,64487,1690523345,877914,942401
2.02305E+11,64355,1690523346,879123,943478
2.02305E+11,64763,1690523347,879784,944547
2.02305E+11,64316,1690523348,879743,944059
2.02305E+11,64131,1690523349,880190,944321
2.02305E+11,64735,1690523350,880457,945192
2.02305E+11,64514,1690523351,879982,944496
2.02305E+11,64338,1690523352,880867,945205
2.02305E+11,64269,1690523353,881299,945568
2.02305E+11,64704,1690523354,879691,944395
2.02305E+11,64805,1690523355,879958,944763
2.02305E+11,64432,1690523356,880459,944891
2.02305E+11,64660,1690523357,880307,944967
2.02305E+11,64517,1690523358,879335,943852
2.02305E+11,64945,1690523359,879756,944701
2.02305E+11,64640,1690523360,880009,944649
2.02305E+11,64954,1690523361,879130,944084
2.02305E+11,64554,1690523362,880175,944729
2.02305E+11,64968,1690523363,879788,944756
2.02305E+11,64230,1690523364,878398,942628
2.02305E+11,64277,1690523365,880085,944362
2.02305E+11,64204,1690523366,880019,944223
2.02305E+11,64328,1690523367,880147,944475
2.02305E+11,64552,1690523368,880556,945108
2.02305E+11,64373,1690523369,879891,944264
2.02305E+11,64293,1690523370,879640,943933
2.02305E+11,64352,1690523371,882183,946535
2.02305E+11,64282,1690523372,880934,945216
2.02305E+11,64290,1690523373,881139,945429
2.02305E+11,65045,1690523374,880539,945584
2.02305E+11,64301,1690523375,878389,942690
2.02305E+11,64799,1690523376,879566,944365
2.02305E+11,64154,1690523377,879741,943895
2.02305E+11,64213,1690523378,880919,945132
2.02305E+11,64440,1690523379,880271,944711
2.02305E+11,64658,1690523380,881534,946192
2.02305E+11,64535,1690523381,881376,945911
2.02305E+11,64281,1690523382,541073,605354
2.02305E+11,64967,1690523383,541173,606140
2.02305E+11,64386,1690523384,540839,605225
2.02305E+11,64776,1690523385,541163,605939
2.02305E+11,64895,1690523386,540586,605481
2.02305E+11,64585,1690523387,540262,604847
2.02305E+11,64452,1690523388,539365,603817
2.02305E+11,64483,1690523389,540075,604558
2.02305E+11,64835,1690523390,540110,604945
2.02305E+11,64722,1690523391,539924,604646
2.02305E+11,64570,1690523392,539562,604132
2.02305E+11,64637,1690523393,541050,605687
2.02305E+11,64518,1690523394,540754,605272
2.02305E+11,64470,1690523395,540967,605437
2.02305E+11,64457,1690523396,540859,605316
2.02305E+11,64364,1690523397,541049,605413
2.02305E+11,64867,1690523398,541591,606458
2.02305E+11,64662,1690523399,540873,605535
2.02305E+11,64714,1690523400,540951,605665
2.02305E+11,64315,1690523401,540914,605229
2.02305E+11,64327,1690523402,541184,605511
2.02305E+11,64392,1690523403,540902,605294
2.02305E+11,64722,1690523404,540937,605659
2.02305E+11,64363,1690523405,541180,605543
2.02305E+11,64207,1690523406,541045,605252
2.02305E+11,64375,1690523407,540942,605317
2.02305E+11,64470,1690523408,540516,604986
2.02305E+11,64638,1690523409,540986,605624
2.02305E+11,64307,1690523410,540588,604895
2.02305E+11,64419,1690523411,540531,604950
2.02305E+11,64444,1690523412,540128,604572
2.02305E+11,64879,1690523413,540067,604946
2.02305E+11,64704,1690523414,540245,604949
2.02305E+11,65101,1690523415,540303,605404
2.02305E+11,64313,1690523416,539733,604046
2.02305E+11,64609,1690523417,540728,605337
2.02305E+11,64715,1690523418,540587,605302
2.02305E+11,64698,1690523419,541185,605883
2.02305E+11,64585,1690523420,540885,605470
2.02305E+11,64584,1690523421,540212,604796
2.02305E+11,64316,1690523422,539936,604252
2.02305E+11,64540,1690523423,540214,604754
2.02305E+11,64935,1690523424,539445,604380
2.02305E+11,64734,1690523425,540673,605407
2.02305E+11,64925,1690523426,540667,605592
2.02305E+11,64904,1690523427,540645,605549
2.02305E+11,64275,1690523428,540091,604366
2.02305E+11,64388,1690523429,540362,604750
2.02305E+11,64559,1690523430,540704,605263
2.02305E+11,64693,1690523431,540034,604727
2.02305E+11,64388,1690523432,541230,605618
2.02305E+11,64506,1690523433,540480,604986
2.02305E+11,64875,1690523434,540650,605525
2.02305E+11,64396,1690523435,540825,605221
2.02305E+11,64468,1690523436,540892,605360
2.02305E+11,64478,1690523437,539552,604030
2.02305E+11,64576,1690523438,540455,605031
2.02305E+11,64180,1690523439,538725,602905
2.02305E+11,64311,1690523440,540108,604419
2.02305E+11,64398,1690523441,539734,604132
2.02305E+11,64832,1690523442,539768,604600
2.02305E+11,64770,1690523443,540022,604792
2.02305E+11,64345,1690523444,539954,604299
2.02305E+11,62600,1690523475,540563,603163
2.02305E+11,62565,1690523476,540414,602979
2.02305E+11,62988,1690523477,540033,603021
2.02305E+11,62752,1690523478,540235,602987
2.02305E+11,62655,1690523479,540292,602947
2.02305E+11,62694,1690523480,539744,602438
2.02305E+11,62506,1690523481,539499,602005
2.02305E+11,62763,1690523482,538184,600947
2.02305E+11,62791,1690523483,538154,600945
2.02305E+11,62572,1690523484,539806,602378
2.02305E+11,63098,1690523485,539101,602199
2.02305E+11,62771,1690523486,539787,602558
2.02305E+11,63013,1690523487,540304,603317
2.02305E+11,62580,1690523489,539662,602242
2.02305E+11,62750,1690523490,539733,602483
2.02305E+11,62581,1690523491,540454,603035
2.02305E+11,62771,1690523492,540070,602841
2.02305E+11,63022,1690523493,540652,603674
2.02305E+11,63014,1690523494,540245,603259
2.02305E+11,62740,1690523495,539986,602726
2.02305E+11,62833,1690523496,539813,602646
2.02305E+11,62880,1690523497,539327,602207
2.02305E+11,62648,1690523498,539713,602361
2.02305E+11,63032,1690523499,539621,602653
2.02305E+11,62552,1690523500,539285,601837
2.02305E+11,62226,1690523501,539640,601866
2.02305E+11,62509,1690523502,539370,601879
2.02305E+11,62950,1690523503,540337,603287
2.02305E+11,62579,1690523504,539813,602392
2.02305E+11,62330,1690523505,540205,602535
2.02305E+11,62458,1690523506,539957,602415
2.02305E+11,62734,1690523507,539849,602583
2.02305E+11,62459,1690523508,539516,601975
2.02305E+11,62284,1690523509,539340,601624
2.02305E+11,62233,1690523510,538915,601148
2.02305E+11,62246,1690523511,539114,601360
2.02305E+11,62315,1690523512,538095,600410
2.02305E+11,62579,1690523513,538583,601162
2.02305E+11,62581,1690523514,539754,602335
2.02305E+11,62288,1690523515,539038,601326
2.02305E+11,62330,1690523516,539635,601965
2.02305E+11,62450,1690523517,540149,602599
2.02305E+11,62438,1690523518,540796,603234
2.02305E+11,62743,1690523519,539925,602668
2.02305E+11,62705,1690523520,539967,602672
2.02305E+11,62752,1690523521,540080,602832
2.02305E+11,62458,1690523522,539839,602297
2.02305E+11,62678,1690523523,540121,602799
2.02305E+11,62254,1690523524,539230,601484
2.02305E+11,62559,1690523525,539275,601834
2.02305E+11,62622,1690523526,539606,602228
2.02305E+11,62605,1690523527,538975,601580
2.02305E+11,62994,1690523528,538590,601584
2.02305E+11,62534,1690523529,538852,601386
2.02305E+11,62564,1690523530,539487,602051
2.02305E+11,62784,1690523531,538670,601454
2.02305E+11,62519,1690523532,540144,602663
2.02305E+11,63040,1690523533,539683,602723
2.02305E+11,62767,1690523534,539537,602304
2.02305E+11,62741,1690523535,539699,602440
2.02305E+11,62732,1690523536,540812,603544
2.02305E+11,62659,1690523537,539785,602444
2.02305E+11,62984,1690523538,539286,602270
2.02305E+11,63054,1690523539,539401,602455
2.02305E+11,62830,1690523540,538943,601773
2.02305E+11,62735,1690523541,539648,602383
2.02305E+11,62465,1690523542,539413,601878
2.02305E+11,62427,1690523543,539893,602320
2.02305E+11,62536,1690523544,538750,601286
2.02305E+11,62518,1690523545,539174,601692
2.02305E+11,62343,1690523546,539267,601610
2.02305E+11,62247,1690523547,539830,602077
2.02305E+11,62165,1690523548,540758,602923
2.02305E+11,62658,1690523549,540383,603041
2.02305E+11,62390,1690523550,540238,602628
2.02305E+11,62440,1690523551,540371,602811
2.02305E+11,62342,1690523552,540114,602456
2.02305E+11,62368,1690523553,539639,602007
2.02305E+11,62325,1690523554,539693,602018
2.02305E+11,62475,1690523555,538987,601462
2.02305E+11,62520,1690523556,538512,601032
2.02305E+11,62606,1690523557,538132,600738
2.02305E+11,62756,1690523558,538184,600940
2.02305E+11,62757,1690523559,539106,601863
2.02305E+11,62721,1690523560,539789,602510
2.02305E+11,62960,1690523561,539264,602224
2.02305E+11,62717,1690523562,539216,601933
2.02305E+11,62986,1690523563,539345,602331
2.02305E+11,62821,1690523564,540373,603194
2.02305E+11,62732,1690523565,540039,602771
2.02305E+11,62591,1690523566,540175,602766
2.02305E+11,62637,1690523567,540062,602699
2.02305E+11,62855,1690523568,539037,601892
2.02305E+11,62777,1690523569,539034,601811
2.02305E+11,62656,1690523570,538938,601594
2.02305E+11,62606,1690523571,538772,601378
2.02305E+11,62557,1690523572,538627,601184
2.02305E+11,62209,1690523573,538269,600478
2.02305E+11,62419,1690523574,538516,600935
2.02305E+11,62415,1690523575,539262,601677
2.02305E+11,62469,1690523576,538909,601378
2.02305E+11,62376,1690523577,539600,601976
2.02305E+11,62360,1690523578,539895,602255
2.02305E+11,62038,1690523579,540000,602038
2.02305E+11,62576,1690523580,539642,602218
2.02305E+11,62615,1690523581,540498,603113
2.02305E+11,62582,1690523582,540099,602681
2.02305E+11,62680,1690523583,539367,602047
2.02305E+11,62279,1690523584,539350,601629
2.02305E+11,62126,1690523585,539404,601530
2.02305E+11,62438,1690523586,539062,601500
2.02305E+11,62537,1690523587,538759,601296
2.02305E+11,62376,1690523588,539956,602332
2.02305E+11,62581,1690523589,539612,602193
2.02305E+11,62669,1690523590,540063,602732
2.02305E+11,62632,1690523591,539351,601983
2.02305E+11,63216,1690523592,539354,602570
2.02305E+11,62845,1690523593,540153,602998
2.02305E+11,62592,1690523594,539943,602535
2.02305E+11,62900,1690523595,540947,603847
2.02305E+11,62746,1690523596,539162,601908
2.02305E+11,62815,1690523597,539279,602094
2.02305E+11,62654,1690523598,539540,602194
2.02305E+11,62457,1690523599,538872,601329
2.02305E+11,62725,1690523600,539215,601940
2.02305E+11,62515,1690523601,538761,601276
2.02305E+11,62627,1690523602,538533,601160
2.02305E+11,62757,1690523603,539376,602133
2.02305E+11,62329,1690523604,539332,601661
2.02305E+11,62859,1690523605,540111,602970
2.02305E+11,62084,1690523606,539722,601806
2.02305E+11,62354,1690523607,540332,602686
2.02305E+11,62471,1690523608,538908,601379
2.02305E+11,62391,1690523609,539901,602292
2.02305E+11,62370,1690523610,540550,602920
2.02305E+11,62556,1690523611,540680,603236
2.02305E+11,62667,1690523612,540613,603280
2.02305E+11,62322,1690523613,539629,601951
2.02305E+11,62390,1690523614,540390,602780
2.02305E+11,62497,1690523615,539674,602171
2.02305E+11,62301,1690523616,539742,602043
2.02305E+11,62553,1690523617,539603,602156
2.02305E+11,62219,1690523618,539377,601596
2.02305E+11,62452,1690523619,539422,601874
2.02305E+11,62372,1690523620,538788,601160
2.02305E+11,62623,1690523621,538792,601415
2.02305E+11,62786,1690523622,539310,602096
2.02305E+11,62760,1690523623,539170,601930
2.02305E+11,62672,1690523624,539179,601851
2.02305E+11,62902,1690523625,539752,602654
2.02305E+11,62791,1690523626,538795,601586
2.02305E+11,62483,1690523627,538595,601078
2.02305E+11,62991,1690523628,539444,602435
2.02305E+11,62719,1690523629,539261,601980
2.02305E+11,62753,1690523630,539634,602387
2.02305E+11,62805,1690523631,539002,601807
2.02305E+11,62749,1690523632,539541,602290
2.02305E+11,62811,1690523633,538983,601794
2.02305E+11,62894,1690523634,538459,601353
2.02305E+11,62711,1690523635,539144,601855
2.02305E+11,62914,1690523636,539191,602105
2.02305E+11,62536,1690523637,538322,600858
2.02305E+11,62390,1690523638,538664,601054
2.02305E+11,62496,1690523639,538496,600992
2.02305E+11,62723,1690523640,538466,601189
2.02305E+11,62620,1690523641,538843,601463
2.02305E+11,62617,1690523642,539357,601974
2.02305E+11,62370,1690523643,539867,602237
2.02305E+11,62600,1690523644,539793,602393
2.02305E+11,62399,1690523645,539905,602304
2.02305E+11,62663,1690523646,539168,601831
2.02305E+11,62748,1690523647,539581,602329
2.02305E+11,62530,1690523648,539757,602287
2.02305E+11,62400,1690523649,539281,601681
2.02305E+11,62539,1690523650,539081,601620
2.02305E+11,62515,1690523651,539177,601692
2.02305E+11,62675,1690523652,539355,602030
2.02305E+11,62895,1690523653,539453,602348
2.02305E+11,62331,1690523654,539146,601477
2.02305E+11,62767,1690523655,538510,601277
2.02305E+11,62675,1690523656,539095,601770
2.02305E+11,62577,1690523657,538429,601006
2.02305E+11,62886,1690523658,539926,602812
2.02305E+11,63186,1690523659,539391,602577
2.02305E+11,63387,1690523660,538947,602334
2.02305E+11,62691,1690523661,538597,601288
2.02305E+11,62748,1690523662,538729,601477
2.02305E+11,62825,1690523663,539364,602189
2.02305E+11,62787,1690523664,539475,602262
2.02305E+11,63078,1690523665,540047,603125
2.02305E+11,63215,1690523666,539109,602324
2.02305E+11,62493,1690523667,539408,601901
2.02305E+11,62903,1690523668,539558,602461
2.02305E+11,62634,1690523669,539495,602129
2.02305E+11,62648,1690523670,540144,602792
2.02305E+11,62510,1690523671,538893,601403
2.02305E+11,62454,1690523672,539069,601523
2.02305E+11,62862,1690523673,539340,602202
2.02305E+11,62849,1690523674,538664,601513
2.02305E+11,62868,1690523675,538429,601297
2.02305E+11,62855,1690523676,539066,601921
2.02305E+11,62588,1690523677,539773,602361
2.02305E+11,62463,1690523678,540161,602624
2.02305E+11,62621,1690523679,539292,601913
2.02305E+11,62621,1690523680,540095,602716
2.02305E+11,62709,1690523681,539151,601860
2.02305E+11,62736,1690523682,539368,602104
2.02305E+11,62473,1690523683,539549,602022
2.02305E+11,62768,1690523684,539779,602547
2.02305E+11,62661,1690523685,0,62661
2.02305E+11,62481,1690523686,0,62481
2.02305E+11,62543,1690523687,0,62543
2.02305E+11,62913,1690523688,0,62913
2.02305E+11,62351,1690523689,0,62351
2.02305E+11,62467,1690523690,0,62467
2.02305E+11,62777,1690523691,0,62777
2.02305E+11,62456,1690523692,542094,604550
2.02305E+11,62700,1690523693,538211,600911
2.02305E+11,62806,1690523694,538596,601402
2.02305E+11,62860,1690523695,538409,601269
2.02305E+11,62665,1690523696,537895,600560
2.02305E+11,62718,1690523697,537586,600304
2.02305E+11,62831,1690523698,537894,600725
2.02305E+11,62906,1690523699,537961,600867
2.02305E+11,62753,1690523700,537527,600280
2.02305E+11,62453,1690523701,537263,599716
2.02305E+11,62510,1690523702,537408,599918
2.02305E+11,62445,1690523703,538320,600765
2.02305E+11,62689,1690523704,537050,599739
2.02305E+11,62410,1690523705,536210,598620
2.02305E+11,62565,1690523706,536640,599205
2.02305E+11,62706,1690523707,537368,600074
2.02305E+11,62496,1690523708,537965,600461
2.02305E+11,62315,1690523709,537037,599352
2.02305E+11,62397,1690523710,536828,599225
2.02305E+11,62754,1690523711,537829,600583
2.02305E+11,62496,1690523712,537965,600461
2.02305E+11,62280,1690523713,538403,600683
2.02305E+11,62562,1690523714,538574,601136
2.02305E+11,62282,1690523715,538310,600592
2.02305E+11,62621,1690523716,538034,600655
2.02305E+11,62253,1690523717,539176,601429
2.02305E+11,62120,1690523718,537664,599784
2.02305E+11,62369,1690523719,538338,600707
2.02305E+11,62673,1690523720,537001,599674
2.02305E+11,62411,1690523721,537485,599896
2.02305E+11,62451,1690523722,537503,599954
2.02305E+11,62320,1690523723,536731,599051
2.02305E+11,62405,1690523724,536865,599270
2.02305E+11,62377,1690523725,536785,599162
2.02305E+11,62538,1690523726,537274,599812
2.02305E+11,62727,1690523727,536416,599143
2.02305E+11,62402,1690523728,535883,598285
2.02305E+11,62601,1690523729,536030,598631
2.02305E+11,62551,1690523730,536490,599041
2.02305E+11,62594,1690523731,536883,599477
2.02305E+11,62521,1690523732,536891,599412
2.02305E+11,62146,1690523733,536340,598486
2.02305E+11,62819,1690523734,536200,599019
2.02305E+11,62852,1690523735,536259,599111
2.02305E+11,62714,1690523736,536591,599305
2.02305E+11,62841,1690523737,536705,599546
2.02305E+11,62798,1690523738,537295,600093
2.02305E+11,62846,1690523739,536997,599843
2.02305E+11,62786,1690523740,537194,599980
2.02305E+11,62510,1690523742,537029,599539
2.02305E+11,62629,1690523743,536948,599577
2.02305E+11,62977,1690523745,536114,599091
2.02305E+11,62671,1690523744,537021,599692
2.02305E+11,62653,1690523746,536106,598759
2.02305E+11,62648,1690523747,535766,598414
2.02305E+11,62990,1690523748,535696,598686
2.02305E+11,63080,1690523749,535450,598530
2.02305E+11,62565,1690523749,536110,598675
2.02305E+11,62716,1690523750,536403,599119
2.02305E+11,62572,1690523751,536287,598859
2.02305E+11,62378,1690523752,536907,599285
2.02305E+11,62719,1690523753,536801,599520
2.02305E+11,62115,1690523754,537507,599622
2.02305E+11,62326,1690523755,537210,599536
2.02305E+11,62686,1690523756,536427,599113
2.02305E+11,62318,1690523757,536674,598992
2.02305E+11,62407,1690523758,536516,598923
2.02305E+11,62425,1690523759,536316,598741
2.02305E+11,62167,1690523760,535953,598120
2.02305E+11,62139,1690523761,536462,598601
2.02305E+11,62166,1690523762,535936,598102
2.02305E+11,62298,1690523763,535714,598012
2.02305E+11,62403,1690523764,536005,598408
2.02305E+11,62606,1690523765,535807,598413
2.02305E+11,62558,1690523766,536331,598889
2.02305E+11,62296,1690523767,535842,598138
2.02305E+11,62897,1690523768,536527,599424
2.02305E+11,62674,1690523769,537395,600069
2.02305E+11,62678,1690523770,536813,599491
2.02305E+11,62628,1690523771,536638,599266
2.02305E+11,62528,1690523772,536293,598821
2.02305E+11,62450,1690523773,535399,597849
2.02305E+11,62750,1690523774,536434,599184
2.02305E+11,62678,1690523775,536432,599110
2.02305E+11,62669,1690523776,535673,598342
2.02305E+11,62764,1690523777,536158,598922
2.02305E+11,62447,1690523778,535051,597498
2.02305E+11,62517,1690523779,535938,598455
2.02305E+11,62581,1690523780,536040,598621
2.02305E+11,62704,1690523781,536011,598715
2.02305E+11,62691,1690523782,535561,598252
2.02305E+11,62817,1690523783,537081,599898
2.02305E+11,62862,1690523784,536782,599644
2.02305E+11,62859,1690523785,536207,599066
2.02305E+11,62697,1690523786,536558,599255
2.02305E+11,62738,1690523787,535306,598044
2.02305E+11,62577,1690523788,536020,598597
2.02305E+11,62672,1690523789,535672,598344
2.02305E+11,62703,1690523790,536707,599410
2.02305E+11,62760,1690523791,536867,599627
2.02305E+11,62587,1690523792,536350,598937
2.02305E+11,62461,1690523793,536645,599106
2.02305E+11,62839,1690523794,535664,598503
2.02305E+11,62734,1690523795,535818,598552
2.02305E+11,62344,1690523796,535086,597430
2.02305E+11,62924,1690523797,535009,597933
2.02305E+11,62727,1690523798,535728,598455
2.02305E+11,62857,1690523799,535243,598100
2.02305E+11,62661,1690523800,534585,597246
2.02305E+11,62554,1690523801,534258,596812
2.02305E+11,62618,1690523802,534888,597506
2.02305E+11,62953,1690523803,534881,597834
2.02305E+11,63024,1690523804,534939,597963
2.02305E+11,62927,1690523806,534498,597425
2.02305E+11,62717,1690523807,536590,599307
2.02305E+11,62704,1690523808,536329,599033
2.02305E+11,62819,1690523809,536785,599604
2.02305E+11,62580,1690523810,536967,599547
2.02305E+11,62709,1690523811,536418,599127
2.02305E+11,62439,1690523812,536472,598911
2.02305E+11,62363,1690523813,536258,598621
2.02305E+11,62790,1690523814,535827,598617
2.02305E+11,62608,1690523815,535941,598549
2.02305E+11,62642,1690523816,534659,597301
2.02305E+11,62554,1690523817,534935,597489
2.02305E+11,62639,1690523818,535841,598480
2.02305E+11,62599,1690523819,535307,597906
2.02305E+11,62483,1690523820,535906,598389
2.02305E+11,62611,1690523821,535709,598320
2.02305E+11,62283,1690523822,535720,598003
2.02305E+11,62267,1690523823,535853,598120
2.02305E+11,62432,1690523824,536363,598795
2.02305E+11,62310,1690523825,536222,598532
2.02305E+11,62408,1690523826,536961,599369
2.02305E+11,62211,1690523827,536935,599146
2.02305E+11,62565,1690523828,536674,599239
2.02305E+11,62552,1690523829,536313,598865
2.02305E+11,62726,1690523830,537069,599795
2.02305E+11,62404,1690523831,536295,598699
2.02305E+11,62252,1690523832,537590,599842
2.02305E+11,62546,1690523833,536974,599520
2.02305E+11,62904,1690523834,536576,599480
2.02305E+11,62756,1690523835,537149,599905
2.02305E+11,62735,1690523836,537609,600344
2.02305E+11,62963,1690523837,537696,600659
2.02305E+11,62770,1690523838,536658,599428
2.02305E+11,62770,1690523839,536796,599566
2.02305E+11,62765,1690523840,535139,597904
2.02305E+11,62924,1690523841,535242,598166
2.02305E+11,62271,1690523842,534069,596340
2.02305E+11,62786,1690523843,533779,596565
2.02305E+11,62430,1690523844,533748,596178
2.02305E+11,62476,1690523845,534396,596872
2.02305E+11,62910,1690523846,534387,597297
2.02305E+11,62777,1690523847,535144,597921
2.02305E+11,62506,1690523848,534758,597264
2.02305E+11,62452,1690523849,534529,596981
2.02305E+11,62636,1690523850,534584,597220
2.02305E+11,62548,1690523851,535061,597609
2.02305E+11,62322,1690523852,536133,598455
2.02305E+11,62192,1690523853,535885,598077
2.02305E+11,62210,1690523854,536166,598376
2.02305E+11,62258,1690523855,536182,598440
2.02305E+11,62120,1690523856,535818,597938
2.02305E+11,62181,1690523857,534762,596943
2.02305E+11,62332,1690523858,535143,597475
2.02305E+11,62379,1690523859,535819,598198
2.02305E+11,62077,1690523860,535947,598024
2.02305E+11,62291,1690523861,534962,597253
2.02305E+11,62445,1690523862,535286,597731
2.02305E+11,62569,1690523863,535684,598253
2.02305E+11,62508,1690523864,536029,598537
2.02305E+11,62600,1690523865,536188,598788
2.02305E+11,62402,1690523866,535398,597800
2.02305E+11,62884,1690523867,536172,599056
2.02305E+11,62969,1690523868,535297,598266
2.02305E+11,62833,1690523869,535946,598779
2.02305E+11,62571,1690523870,535953,598524
2.02305E+11,63023,1690523871,535778,598801
2.02305E+11,62730,1690523872,535944,598674
2.02305E+11,63035,1690523873,535849,598884
2.02305E+11,62580,1690523874,535502,598082
2.02305E+11,62851,1690523875,536015,598866
2.02305E+11,62845,1690523876,536506,599351
2.02305E+11,63137,1690523877,536175,599312
2.02305E+11,62542,1690523878,534928,597470
2.02305E+11,62684,1690523879,535912,598596
2.02305E+11,63051,1690523880,535709,598760
2.02305E+11,63023,1690523881,535194,598217
2.02305E+11,62834,1690523882,535631,598465
2.02305E+11,62684,1690523883,535127,597811
2.02305E+11,62702,1690523884,535486,598188
2.02305E+11,62639,1690523885,535261,597900
2.02305E+11,62716,1690523886,535235,597951
2.02305E+11,62574,1690523887,534866,597440
2.02305E+11,62690,1690523888,533895,596585
2.02305E+11,62434,1690523889,534632,597066
2.02305E+11,62604,1690523890,535027,597631
2.02305E+11,62369,1690523891,534649,597018
2.02305E+11,62761,1690523892,534605,597366
2.02305E+11,62344,1690523893,534753,597097
2.02305E+11,62641,1690523894,534862,597503
2.02305E+11,62626,1690523895,533993,596619
2.02305E+11,62527,1690523896,1577086,1639613
2.02305E+11,62207,1690523897,1579843,1642050
2.02305E+11,62570,1690523898,1578686,1641256
2.02305E+11,62501,1690523899,534163,596664
2.02305E+11,62501,1690523900,872492,934993
2.02305E+11,62463,1690523901,873156,935619
2.02305E+11,62544,1690523902,872631,935175
2.02305E+11,62376,1690523903,872453,934829
2.02305E+11,62680,1690523904,873218,935898
2.02305E+11,62304,1690523905,873560,935864
2.02305E+11,62107,1690523906,872931,935038
2.02305E+11,62228,1690523907,872926,935154
2.02305E+11,62445,1690523908,873185,935630
2.02305E+11,62516,1690523909,873744,936260
2.02305E+11,62245,1690523910,873661,935906
2.02305E+11,62163,1690523911,873463,935626
2.02305E+11,62156,1690523912,873289,935445
2.02305E+11,62619,1690523913,872996,935615
2.02305E+11,62440,1690523914,872813,935253
2.02305E+11,62342,1690523915,873277,935619
2.02305E+11,62379,1690523916,873700,936079
2.02305E+11,62346,1690523917,873656,936002
2.02305E+11,62632,1690523918,873806,936438
2.02305E+11,62538,1690523919,873573,936111
2.02305E+11,62391,1690523920,872645,935036
2.02305E+11,62669,1690523921,872429,935098
2.02305E+11,62517,1690523922,873224,935741
2.02305E+11,62518,1690523923,873010,935528
2.02305E+11,62328,1690523924,872209,934537
2.02305E+11,62913,1690523925,873041,935954
2.02305E+11,62541,1690523926,873321,935862
2.02305E+11,62953,1690523927,872802,935755
2.02305E+11,62396,1690523928,873413,935809
2.02305E+11,62618,1690523929,874054,936672
2.02305E+11,62242,1690523930,873234,935476
2.02305E+11,62329,1690523931,872927,935256
2.02305E+11,62691,1690523932,871955,934646
2.02305E+11,62544,1690523933,871483,934027
2.02305E+11,62344,1690523934,870337,932681
2.02305E+11,62548,1690523935,870439,932987
2.02305E+11,62387,1690523936,872129,934516
2.02305E+11,62461,1690523937,872339,934800
2.02305E+11,62122,1690523938,872958,935080
2.02305E+11,62621,1690523939,873480,936101
2.02305E+11,62333,1690523940,874090,936423
2.02305E+11,62268,1690523941,876431,938699
2.02305E+11,62383,1690523942,876504,938887
2.02305E+11,62402,1690523943,875560,937962
2.02305E+11,62306,1690523944,874791,937097
2.02305E+11,62424,1690523945,874872,937296
2.02305E+11,62692,1690523946,875717,938409
2.02305E+11,62693,1690523947,874556,937249
2.02305E+11,62563,1690523948,874694,937257
2.02305E+11,62335,1690523949,875062,937397
2.02305E+11,62404,1690523950,875050,937454
2.02305E+11,62631,1690523951,875240,937871
2.02305E+11,62881,1690523952,874903,937784
2.02305E+11,62594,1690523953,875946,938540
2.02305E+11,62411,1690523954,875447,937858
2.02305E+11,62612,1690523955,875533,938145
2.02305E+11,62596,1690523956,874991,937587
2.02305E+11,62788,1690523957,876099,938887
2.02305E+11,62599,1690523958,876203,938802
2.02305E+11,62414,1690523959,876790,939204
2.02305E+11,62843,1690523960,876611,939454
2.02305E+11,62965,1690523961,876804,939769
2.02305E+11,62516,1690523962,876785,939301
2.02305E+11,62701,1690523963,875613,938314
2.02305E+11,62922,1690523964,872768,935690
2.02305E+11,62686,1690523965,874289,936975
2.02305E+11,62862,1690523966,875534,938396
2.02305E+11,62730,1690523967,874782,937512
2.02305E+11,62594,1690523968,875049,937643
2.02305E+11,62668,1690523969,874862,937530
2.02305E+11,62612,1690523970,873571,936183
2.02305E+11,62720,1690523971,873786,936506
2.02305E+11,62750,1690523972,873542,936292
2.02305E+11,62289,1690523973,874318,936607
2.02305E+11,62566,1690523974,875027,937593
2.02305E+11,62620,1690523975,874413,937033
2.02305E+11,62556,1690523976,874289,936845
2.02305E+11,62216,1690523977,875023,937239
2.02305E+11,62550,1690523978,876253,938803
2.02305E+11,62499,1690523979,876642,939141
2.02305E+11,62451,1690523980,875938,938389
2.02305E+11,62177,1690523981,875790,937967
2.02305E+11,62645,1690523982,876742,939387
2.02305E+11,62357,1690523983,876160,938517
2.02305E+11,63001,1690523984,876715,939716
2.02305E+11,62733,1690523985,875915,938648
2.02305E+11,62735,1690523986,876623,939358
2.02305E+11,62419,1690523987,876473,938892
2.02305E+11,62916,1690523988,876172,939088
2.02305E+11,62527,1690523989,875458,937985
2.02305E+11,62667,1690523990,875907,938574
2.02305E+11,62651,1690523991,876305,938956
2.02305E+11,62667,1690523992,875534,938201
2.02305E+11,63072,1690523993,876221,939293
2.02305E+11,62638,1690523994,876435,939073
2.02305E+11,62880,1690523995,874548,937428
2.02305E+11,62642,1690523996,875119,937761
2.02305E+11,62715,1690523997,874791,937506
2.02305E+11,62752,1690527523,875343,938095
2.02305E+11,62523,1690527524,875560,938083
2.02305E+11,62498,1690527525,875504,938002
2.02305E+11,62433,1690527526,876634,939067
2.02305E+11,62499,1690527527,875182,937681
2.02305E+11,62501,1690527528,875048,937549
2.02305E+11,62423,1690527529,875853,938276
2.02305E+11,62252,1690527530,874740,936992
2.02305E+11,62450,1690527531,875169,937619
2.02305E+11,62614,1690527532,875162,937776
2.02305E+11,62017,1690527533,874769,936786
2.02305E+11,62153,1690527534,875546,937699
2.02305E+11,62182,1690527535,875720,937902
2.02305E+11,62475,1690527536,873943,936418
2.02305E+11,62551,1690527537,873943,936494
2.02305E+11,62216,1690527538,874115,936331
2.02305E+11,62213,1690527539,873638,935851
2.02305E+11,62308,1690527540,873309,935617
2.02305E+11,62359,1690527541,873727,936086
2.02305E+11,62021,1690527542,873870,935891
2.02305E+11,62048,1690527543,873726,935774
2.02305E+11,62264,1690527544,873713,935977
2.02305E+11,62361,1690527545,874340,936701
2.02305E+11,62288,1690527546,873953,936241
2.02305E+11,62141,1690527547,873781,935922
2.02305E+11,61790,1690527548,872638,934428
2.02305E+11,61961,1690527549,873956,935917
2.02305E+11,62086,1690527550,872824,934910
2.02305E+11,62198,1690527551,873590,935788
2.02305E+11,62117,1690527552,873437,935554
2.02305E+11,61827,1690527553,874292,936119
2.02305E+11,62496,1690527554,874269,936765
2.02305E+11,62150,1690527555,874959,937109
2.02305E+11,62133,1690527556,874339,936472
2.02305E+11,62324,1690527557,874355,936679
2.02305E+11,62200,1690527558,875446,937646
2.02305E+11,62312,1690527559,876152,938464
2.02305E+11,62278,1690527560,875970,938248
2.02305E+11,62242,1690527561,875990,938232
2.02305E+11,62265,1690527562,875875,938140
2.02305E+11,62413,1690527563,875586,937999
2.02305E+11,62304,1690527564,874298,936602
2.02305E+11,62443,1690527565,874012,936455
2.02305E+11,62241,1690527566,874100,936341
2.02305E+11,62418,1690527567,875327,937745
2.02305E+11,62235,1690527568,875434,937669
2.02305E+11,62187,1690527569,875186,937373
2.02305E+11,62403,1690527570,874453,936856
2.02305E+11,62472,1690527571,875186,937658
2.02305E+11,62420,1690527572,874605,937025
2.02305E+11,62340,1690527573,874123,936463
2.02305E+11,62127,1690527574,874713,936840
2.02305E+11,62054,1690527575,874734,936788
2.02305E+11,62307,1690527576,876237,938544
2.02305E+11,62131,1690527577,876502,938633
2.02305E+11,62106,1690527578,875205,937311
2.02305E+11,61961,1690527579,872036,933997
2.02305E+11,62012,1690527580,873792,935804
2.02305E+11,62119,1690527581,873627,935746
2.02305E+11,62224,1690527582,874123,936347
2.02305E+11,62200,1690527583,873794,935994
2.02305E+11,62421,1690527584,871345,933766
2.02305E+11,62445,1690527585,872374,934819
2.02305E+11,62324,1690527586,874017,936341
2.02305E+11,62579,1690527587,874586,937165
2.02305E+11,62482,1690527588,875268,937750
2.02305E+11,62404,1690527589,875120,937524
2.02305E+11,62071,1690527590,875301,937372
2.02305E+11,62704,1690527591,874298,937002
2.02305E+11,62758,1690527592,873884,936642
2.02305E+11,62746,1690527593,875412,938158
2.02305E+11,62549,1690527594,874821,937370
2.02305E+11,62569,1690527595,874714,937283
2.02305E+11,62210,1690527596,874632,936842
2.02305E+11,62292,1690527597,874452,936744
2.02305E+11,62591,1690527598,875268,937859
2.02305E+11,62498,1690527599,873887,936385
2.02305E+11,62586,1690527600,874753,937339
2.02305E+11,62392,1690527601,875222,937614
2.02305E+11,62282,1690527602,875598,937880
2.02305E+11,62681,1690527603,874042,936723
2.02305E+11,62360,1690527604,874517,936877
2.02305E+11,62373,1690527605,874723,937096
2.02305E+11,61955,1690527606,874407,936362
2.02305E+11,62217,1690527607,875161,937378
2.02305E+11,62467,1690527608,874641,937108
2.02305E+11,62183,1690527609,874346,936529
2.02305E+11,62523,1690527610,870757,933280
2.02305E+11,62393,1690527611,875400,937793
2.02305E+11,62167,1690527612,875376,937543
2.02305E+11,62503,1690527613,874980,937483
2.02305E+11,62455,1690527614,874505,936960
2.02305E+11,62447,1690527615,872978,935425
2.02305E+11,62335,1690527616,874639,936974
2.02305E+11,62130,1690527617,874454,936584
2.02305E+11,62443,1690527618,875508,937951
2.02305E+11,61914,1690527619,874915,936829
2.02305E+11,62311,1690527620,874218,936529
2.02305E+11,62433,1690527621,875313,937746
2.02305E+11,62251,1690527622,874544,936795
2.02305E+11,62553,1690527623,874382,936935
2.02305E+11,62373,1690527624,875959,938332
2.02305E+11,62420,1690527626,874133,936553
2.02305E+11,62421,1690527627,874872,937293
2.02305E+11,62424,1690527628,874247,936671
2.02305E+11,62262,1690527629,874218,936480
2.02305E+11,62480,1690527630,874467,936947
2.02305E+11,62442,1690527631,874077,936519
2.02305E+11,62629,1690527632,873815,936444
2.02305E+11,62509,1690527633,874518,937027
2.02305E+11,62402,1690527634,873420,935822
2.02305E+11,62555,1690527635,873926,936481
2.02305E+11,62198,1690527636,874890,937088
2.02305E+11,62291,1690527637,873835,936126
2.02305E+11,62614,1690527638,875363,937977
2.02305E+11,62563,1690527639,873967,936530
2.02305E+11,62205,1690527640,874630,936835
2.02305E+11,62260,1690527641,874796,937056
2.02305E+11,61865,1690527642,874380,936245
2.02305E+11,62186,1690527643,874745,936931
2.02305E+11,62107,1690527644,875419,937526
2.02305E+11,62271,1690527645,874109,936380
2.02305E+11,62240,1690527646,875402,937642
2.02305E+11,62189,1690527647,872305,934494
2.02305E+11,62059,1690527648,875086,937145
2.02305E+11,62019,1690527649,875382,937401
2.02305E+11,62282,1690527650,874864,937146
2.02305E+11,62557,1690527651,875017,937574
2.02305E+11,62465,1690527652,874576,937041
2.02305E+11,62458,1690527653,875139,937597
2.02305E+11,62107,1690527654,874188,936295
2.02305E+11,62437,1690527655,875173,937610
2.02305E+11,62158,1690527655,874964,937122
2.02305E+11,62235,1690527656,876395,938630
2.02305E+11,62238,1690527658,875853,938091
2.02305E+11,62507,1690527659,874583,937090
2.02305E+11,62133,1690527660,876797,938930
2.02305E+11,62587,1690527661,875405,937992
2.02305E+11,62323,1690527662,875723,938046
2.02305E+11,62446,1690527663,875793,938239
2.02305E+11,62593,1690527664,876675,939268
2.02305E+11,62730,1690527665,877121,939851
2.02305E+11,62569,1690527666,876779,939348
2.02305E+11,62522,1690527667,875618,938140
2.02305E+11,62389,1690527668,875931,938320
2.02305E+11,62829,1690527669,876157,938986
2.02305E+11,62738,1690527670,874944,937682
2.02305E+11,62746,1690527671,874484,937230
2.02305E+11,62866,1690527672,875464,938330
2.02305E+11,62756,1690527673,874707,937463
2.02305E+11,62650,1690527674,874911,937561
2.02305E+11,62534,1690527675,874081,936615
2.02305E+11,62550,1690527676,874020,936570
2.02305E+11,62622,1690527677,874502,937124
2.02305E+11,62446,1690527678,875063,937509
2.02305E+11,62780,1690527679,875905,938685
2.02305E+11,62561,1690527680,876019,938580
2.02305E+11,62562,1690527681,875072,937634
2.02305E+11,62604,1690527682,875305,937909
2.02305E+11,62590,1690527683,875192,937782
2.02305E+11,62665,1690527684,876262,938927
2.02305E+11,62177,1690527685,875234,937411
2.02305E+11,62679,1690527686,875992,938671
2.02305E+11,62459,1690527687,875654,938113
2.02305E+11,62565,1690527688,875388,937953
2.02305E+11,62398,1690527689,875625,938023
2.02305E+11,62286,1690527690,875247,937533
2.02305E+11,62363,1690527691,874866,937229
2.02305E+11,62405,1690527692,874877,937282
2.02305E+11,62575,1690527693,874929,937504
2.02305E+11,62040,1690527694,874556,936596
2.02305E+11,62497,1690527695,874788,937285
2.02305E+11,62487,1690527696,875109,937596
2.02305E+11,62420,1690527697,874685,937105
2.02305E+11,62289,1690527698,874027,936316
2.02305E+11,62517,1690527699,875288,937805
2.02305E+11,62321,1690527700,875592,937913
2.02305E+11,62385,1690527701,875349,937734
2.02305E+11,62455,1690527702,876112,938567
2.02305E+11,62549,1690527703,875750,938299
2.02305E+11,62168,1690527704,874701,936869
2.02305E+11,62504,1690527705,875602,938106
2.02305E+11,62257,1690527706,875021,937278
2.02305E+11,62347,1690527707,875713,938060
2.02305E+11,62180,1690527708,875926,938106
2.02305E+11,62495,1690527709,875527,938022
2.02305E+11,62410,1690527710,875435,937845
2.02305E+11,62337,1690527711,875568,937905
2.02305E+11,62744,1690527712,875282,938026
2.02305E+11,62539,1690527713,874149,936688
2.02305E+11,62305,1690527714,874809,937114
2.02305E+11,62172,1690527715,874810,936982
2.02305E+11,62552,1690527716,875489,938041
2.02305E+11,62750,1690527717,875774,938524
2.02305E+11,62462,1690527718,875709,938171
2.02305E+11,62526,1690527719,874641,937167
2.02305E+11,62476,1690527720,875132,937608
2.02305E+11,62334,1690527721,874709,937043
2.02305E+11,62692,1690527722,874760,937452
2.02305E+11,62704,1690527723,875019,937723
2.02305E+11,62471,1690527724,875416,937887
2.02305E+11,62443,1690527725,874252,936695
2.02305E+11,62340,1690527726,874211,936551
2.02305E+11,62594,1690527727,874835,937429
2.02305E+11,62695,1690527728,875296,937991
2.02305E+11,62628,1690527729,875102,937730
2.02305E+11,62604,1690527730,875340,937944
2.02305E+11,62314,1690527731,874419,936733
2.02305E+11,62851,1690527732,875242,938093
2.02305E+11,62490,1690527733,874935,937425
2.02305E+11,62674,1690527734,875154,937828
2.02305E+11,62409,1690527735,875395,937804
2.02305E+11,62803,1690527736,874873,937676
2.02305E+11,62571,1690527737,876013,938584
2.02305E+11,62156,1690527738,875757,937913
2.02305E+11,62741,1690527739,875002,937743
2.02305E+11,62641,1690527740,875950,938591
2.02305E+11,62552,1690527741,874459,937011
2.02305E+11,62208,1690527742,874779,936987
2.02305E+11,62490,1690527743,874865,937355
2.02305E+11,62519,1690527744,875755,938274
2.02305E+11,62532,1690527745,875117,937649
2.02305E+11,62412,1690527746,874826,937238
2.02305E+11,62287,1690527747,874770,937057
2.02305E+11,62195,1690527748,874285,936480
2.02305E+11,62174,1690527749,874865,937039
2.02305E+11,62242,1690527750,875259,937501
2.02305E+11,62548,1690527751,875094,937642
2.02305E+11,62435,1690527752,876406,938841
2.02305E+11,62067,1690527753,874792,936859
2.02305E+11,62538,1690527754,875165,937703
2.02305E+11,62549,1690527755,874147,936696
2.02305E+11,62196,1690527756,874619,936815
2.02305E+11,62298,1690527757,874104,936402
2.02305E+11,62096,1690527758,874616,936712
2.02305E+11,62330,1690527759,874746,937076
2.02305E+11,62369,1690527760,874190,936559
2.02305E+11,62459,1690527761,874202,936661
2.02305E+11,62344,1690527762,873280,935624
2.02305E+11,62462,1690527763,873627,936089
2.02305E+11,62542,1690527764,873683,936225
2.02305E+11,62315,1690527765,874072,936387
2.02305E+11,62280,1690527766,873986,936266
2.02305E+11,62452,1690527767,873755,936207
2.02305E+11,62576,1690527768,874248,936824
2.02305E+11,62715,1690527769,875042,937757
2.02305E+11,62555,1690527770,875235,937790
2.02305E+11,62477,1690527771,873978,936455
2.02305E+11,62723,1690527772,874890,937613
2.02305E+11,62477,1690527773,874396,936873
2.02305E+11,62520,1690527774,874516,937036
2.02305E+11,62568,1690527775,875213,937781
2.02305E+11,62621,1690527776,874392,937013
2.02305E+11,62657,1690527777,874161,936818
2.02305E+11,62586,1690527778,874106,936692
2.02305E+11,62804,1690527779,874141,936945
2.02305E+11,62718,1690527780,873960,936678
2.02305E+11,62599,1690527781,874185,936784
2.02305E+11,62711,1690527782,872420,935131
2.02305E+11,62570,1690527783,874037,936607
2.02305E+11,62749,1690527784,874215,936964
2.02305E+11,63038,1690527785,874567,937605
2.02305E+11,62841,1690527786,874477,937318
2.02305E+11,62667,1690527787,875148,937815
2.02305E+11,62722,1690527788,875529,938251
2.02305E+11,62543,1690527789,876431,938974
2.02305E+11,62353,1690527790,876143,938496
2.02305E+11,62437,1690527791,874575,937012
2.02305E+11,62198,1690527792,874886,937084
2.02305E+11,62244,1690527793,875159,937403
2.02305E+11,62371,1690527794,875102,937473
2.02305E+11,62134,1690527795,875428,937562
2.02305E+11,62311,1690527796,874196,936507
2.02305E+11,62508,1690527797,874349,936857
2.02305E+11,62518,1690527798,874955,937473
2.02305E+11,62581,1690527799,874299,936880
2.02305E+11,62623,1690527800,874685,937308
2.02305E+11,62709,1690527801,875231,937940
2.02305E+11,62673,1690527802,874846,937519
2.02305E+11,62519,1690527803,875633,938152
2.02305E+11,62516,1690527804,874580,937096
2.02305E+11,62668,1690527805,874796,937464
2.02305E+11,62553,1690527806,874652,937205
2.02305E+11,62911,1690527807,874999,937910
2.02305E+11,62512,1690527808,874580,937092
2.02305E+11,62761,1690527809,874788,937549
2.02305E+11,62723,1690527810,875019,937742
2.02305E+11,62429,1690527811,874555,936984
2.02305E+11,62769,1690527812,875395,938164
2.02305E+11,62594,1690527813,874222,936816
2.02305E+11,62721,1690527814,873301,936022
2.02305E+11,62638,1690527815,873182,935820
2.02305E+11,62812,1690527816,871361,934173
2.02305E+11,62474,1690527817,873009,935483
2.02305E+11,62680,1690527818,872384,935064
2.02305E+11,62870,1690527819,873052,935922
2.02305E+11,62694,1690527820,873996,936690
2.02305E+11,62661,1690527821,875397,938058
2.02305E+11,62490,1690527822,875607,938097
2.02305E+11,62587,1690527823,876101,938688
2.02305E+11,62661,1690527824,875232,937893
2.02305E+11,62330,1690527825,874309,936639
2.02305E+11,62541,1690527826,875433,937974
2.02305E+11,62383,1690527827,875789,938172
2.02305E+11,62460,1690527828,875947,938407
2.02305E+11,62644,1690527829,874797,937441
2.02305E+11,62385,1690527830,874950,937335
2.02305E+11,62215,1690527831,875109,937324
2.02305E+11,62411,1690527832,875136,937547
2.02305E+11,62367,1690527833,875662,938029
2.02305E+11,62673,1690527834,875920,938593
2.02305E+11,62235,1690527835,875913,938148
2.02305E+11,62398,1690527836,876316,938714
2.02305E+11,62562,1690527837,876884,939446
2.02305E+11,62405,1690527838,875396,937801
2.02305E+11,62184,1690527839,875668,937852
2.02305E+11,62428,1690527840,876542,938970
2.02305E+11,62279,1690527841,876046,938325
2.02305E+11,62459,1690527842,877149,939608
2.02305E+11,62415,1690527843,876556,938971
2.02305E+11,62789,1690527844,876360,939149
2.02305E+11,62492,1690527845,876257,938749
2.02305E+11,62665,1690527846,877207,939872
2.02305E+11,62938,1690527847,876835,939773
2.02305E+11,62622,1690527848,873928,936550
2.02305E+11,62774,1690527849,876683,939457
2.02305E+11,62542,1690527850,876491,939033
2.02305E+11,62692,1690527851,876946,939638
2.02305E+11,62442,1690527852,877206,939648
2.02305E+11,62648,1690527853,876525,939173
2.02305E+11,62892,1690527854,877745,940637
2.02305E+11,62641,1690527855,876405,939046
2.02305E+11,62572,1690527856,876481,939053
2.02305E+11,62461,1690527857,876107,938568
2.02305E+11,62492,1690527858,876189,938681
2.02305E+11,62313,1690527859,876360,938673
2.02305E+11,62373,1690527860,875940,938313
2.02305E+11,62456,1690527861,876198,938654
2.02305E+11,62392,1690527862,875768,938160
2.02305E+11,62439,1690527863,876183,938622
2.02305E+11,62250,1690527864,876242,938492
2.02305E+11,62374,1690527865,875383,937757
2.02305E+11,62290,1690527866,875909,938199
2.02305E+11,62569,1690527867,875720,938289
2.02305E+11,62314,1690527868,874722,937036
2.02305E+11,62503,1690527869,875243,937746
2.02305E+11,62271,1690527870,876416,938687
2.02305E+11,62434,1690527871,875365,937799
2.02305E+11,62194,1690527872,875995,938189
2.02305E+11,62424,1690527873,875191,937615
2.02305E+11,62430,1690527874,875465,937895
2.02305E+11,62549,1690527875,875430,937979
2.02305E+11,62281,1690527876,875548,937829
2.02305E+11,62274,1690527877,876126,938400
2.02305E+11,62607,1690527878,875969,938576
2.02305E+11,62438,1690527879,875327,937765
2.02305E+11,62854,1690527880,876339,939193
2.02305E+11,62642,1690527881,875060,937702
2.02305E+11,62976,1690527882,874682,937658
2.02305E+11,62728,1690527883,875097,937825
2.02305E+11,62578,1690527884,875095,937673
2.02305E+11,62621,1690527885,875694,938315
2.02305E+11,62501,1690527886,876210,938711
2.02305E+11,62772,1690527887,876912,939684
2.02305E+11,62684,1690527888,877244,939928
2.02305E+11,62574,1690527889,876007,938581
2.02305E+11,62704,1690527890,875841,938545
2.02305E+11,62716,1690527891,876039,938755
2.02305E+11,62222,1690527892,872596,934818
2.02305E+11,62369,1690527893,875473,937842
2.02305E+11,62157,1690527894,874549,936706
2.02305E+11,62254,1690527895,875260,937514
2.02305E+11,62790,1690527896,873669,936459
2.02305E+11,62621,1690527897,875925,938546
2.02305E+11,62210,1690527898,874449,936659
2.02305E+11,62344,1690527899,875776,938120
2.02305E+11,62407,1690527900,876658,939065
2.02305E+11,62378,1690527901,875874,938252
2.02305E+11,62259,1690527902,876225,938484
2.02305E+11,62320,1690527903,876817,939137
2.02305E+11,62372,1690527904,877079,939451
2.02305E+11,62520,1690527905,875455,937975
2.02305E+11,62503,1690527906,876408,938911
2.02305E+11,62269,1690527907,876191,938460
2.02305E+11,62325,1690527908,875313,937638
2.02305E+11,62322,1690527909,874582,936904
2.02305E+11,62577,1690527910,875074,937651
2.02305E+11,62560,1690527911,875306,937866
2.02305E+11,62204,1690527912,875242,937446
2.02305E+11,62545,1690527913,874815,937360
2.02305E+11,62241,1690527914,874591,936832
2.02305E+11,62441,1690527915,874548,936989
2.02305E+11,62412,1690527916,875129,937541
2.02305E+11,62679,1690527917,876035,938714
2.02305E+11,62591,1690527918,875761,938352
2.02305E+11,62698,1690527919,875842,938540
2.02305E+11,62489,1690527920,875819,938308
2.02305E+11,62715,1690527921,875857,938572
2.02305E+11,62536,1690527922,875353,937889
2.02305E+11,62471,1690527923,875484,937955
2.02305E+11,62400,1690527924,875103,937503
2.02305E+11,62350,1690527925,874941,937291
2.02305E+11,62631,1690527926,874455,937086
2.02305E+11,62843,1690527927,873334,936177
2.02305E+11,62615,1690527928,874277,936892
2.02305E+11,62838,1690527929,874357,937195
2.02305E+11,62797,1690527930,875418,938215
2.02305E+11,63017,1690527931,876756,939773
2.02305E+11,62858,1690527932,874817,937675
2.02305E+11,62735,1690527933,876170,938905
2.02305E+11,62401,1690527934,874875,937276
2.02305E+11,62309,1690527935,876260,938569
2.02305E+11,62416,1690527936,876334,938750
2.02305E+11,62646,1690527937,875734,938380
2.02305E+11,62527,1690527938,875587,938114
2.02305E+11,62533,1690527939,874573,937106
2.02305E+11,62266,1690527940,875474,937740
2.02305E+11,62701,1690527941,875337,938038
2.02305E+11,62450,1690527942,876215,938665
2.02305E+11,62347,1690527943,875891,938238
2.02305E+11,62518,1690527944,875931,938449
2.02305E+11,62214,1690527945,875192,937406
2.02305E+11,62433,1690527946,874216,936649
2.02305E+11,62559,1690527947,874710,937269
2.02305E+11,62335,1690527948,873470,935805
2.02305E+11,62515,1690527949,873817,936332
2.02305E+11,62371,1690527950,873468,935839
2.02305E+11,62624,1690527951,874004,936628
2.02305E+11,62617,1690527952,874185,936802
2.02305E+11,62795,1690527953,874962,937757
2.02305E+11,62604,1690527954,875391,937995
2.02305E+11,62570,1690527955,875101,937671
2.02305E+11,62900,1690527955,875688,938588
2.02305E+11,62546,1690527957,875666,938212
2.02305E+11,62724,1690527958,876860,939584
2.02305E+11,62552,1690527959,1584363,1646915
2.02305E+11,62700,1690527960,1583012,1645712
2.02305E+11,63110,1690527961,1583713,1646823
2.02305E+11,62930,1690527962,1583406,1646336
2.02305E+11,62706,1690527963,1583177,1645883
2.02305E+11,62716,1690527964,1582262,1644978
2.02305E+11,62627,1690527965,1581867,1644494
2.02305E+11,62839,1690527966,1580231,1643070
2.02305E+11,62616,1690527967,1579783,1642399
2.02305E+11,62678,1690527968,1581880,1644558
2.02305E+11,62578,1690527969,1581330,1643908
2.02305E+11,62443,1690527970,1581880,1644323
2.02305E+11,62484,1690527971,1582443,1644927
2.02305E+11,62219,1690527972,1581656,1643875
2.02305E+11,62740,1690527973,1584098,1646838
2.02305E+11,62451,1690527974,1582575,1645026
2.02305E+11,62490,1690527975,1583580,1646070
2.02305E+11,62407,1690527976,1582645,1645052
2.02305E+11,62285,1690527977,1583561,1645846
2.02305E+11,62627,1690527978,1583559,1646186
2.02305E+11,62384,1690527979,1582363,1644747
2.02305E+11,62596,1690527980,1582383,1644979
2.02305E+11,62387,1690527981,1580680,1643067
2.02305E+11,62367,1690527982,1581935,1644302
2.02305E+11,62468,1690527983,1580977,1643445
2.02305E+11,62523,1690527984,1581404,1643927
2.02305E+11,62741,1690527985,1580607,1643348
2.02305E+11,62422,1690527986,1582934,1645356
2.02305E+11,62440,1690527987,1582397,1644837
2.02305E+11,62431,1690527988,1581123,1643554
2.02305E+11,62417,1690527989,1582772,1645189
2.02305E+11,62589,1690527990,1584042,1646631
2.02305E+11,62844,1690527991,1583915,1646759
2.02305E+11,62637,1690527992,1584641,1647278
2.02305E+11,62784,1690527993,1584544,1647328
2.02305E+11,62328,1690527994,1583928,1646256
2.02305E+11,62911,1690527995,1583679,1646590
2.02305E+11,62903,1690527996,1582873,1645776
2.02305E+11,62820,1690527997,1582086,1644906
2.02305E+11,62584,1690527998,1582109,1644693
2.02305E+11,62688,1690527999,1580344,1643032
2.02305E+11,62512,1690528000,1582302,1644814
2.02305E+11,62761,1690528001,1582315,1645076
2.02305E+11,62346,1690528002,1581355,1643701
2.02305E+11,62442,1690528003,1582690,1645132
2.02305E+11,62684,1690528004,1581958,1644642
2.02305E+11,62868,1690528005,1583409,1646277
2.02305E+11,62523,1690528006,1583459,1645982
2.02305E+11,62675,1690528007,1583500,1646175
2.02305E+11,62487,1690528008,1584332,1646819
2.02305E+11,62499,1690528009,1583253,1645752
2.02305E+11,62518,1690528010,1584508,1647026
2.02305E+11,62502,1690528011,1583108,1645610
2.02305E+11,62572,1690528012,1583238,1645810
2.02305E+11,62412,1690528013,1584148,1646560
2.02305E+11,62682,1690528014,1582328,1645010
2.02305E+11,62111,1690528015,1583913,1646024
2.02305E+11,62696,1690528016,1582632,1645328
2.02305E+11,62340,1690528017,1581812,1644152
2.02305E+11,62659,1690528018,1582629,1645288
2.02305E+11,62535,1690528019,1580768,1643303
2.02305E+11,62861,1690528020,1580999,1643860
2.02305E+11,62610,1690528021,1579669,1642279
2.02305E+11,62694,1690528022,1580684,1643378
2.02305E+11,62647,1690528023,1582188,1644835
2.02305E+11,62788,1690528024,1580927,1643715
2.02305E+11,62922,1690528025,1580373,1643295
2.02305E+11,62997,1690528026,1580141,1643138
2.02305E+11,62820,1690528027,1580796,1643616
2.02305E+11,62747,1690528028,1579935,1642682
2.02305E+11,62500,1690528029,1580262,1642762
2.02305E+11,62811,1690528030,873848,936659
2.02305E+11,62620,1690528031,874684,937304
2.02305E+11,62923,1690528032,874592,937515
2.02305E+11,62428,1690528033,876171,938599
2.02305E+11,62917,1690528034,876554,939471
2.02305E+11,62694,1690528035,876602,939296
2.02305E+11,62811,1690528036,875972,938783
2.02305E+11,62864,1690528037,875976,938840
2.02305E+11,62907,1690528038,875242,938149
2.02305E+11,62787,1690528039,875847,938634
2.02305E+11,62527,1690528040,875325,937852
2.02305E+11,62610,1690528041,876233,938843
2.02305E+11,62789,1690528042,876208,938997
2.02305E+11,62719,1690528043,875687,938406
2.02305E+11,62750,1690528044,876624,939374
2.02305E+11,62313,1690528045,876224,938537
2.02305E+11,62326,1690528046,876911,939237
2.02305E+11,62672,1690528047,876760,939432
2.02305E+11,62537,1690528048,876336,938873
2.02305E+11,62781,1690528049,875680,938461
2.02305E+11,62326,1690528050,876287,938613
2.02305E+11,62377,1690528051,876713,939090
2.02305E+11,62469,1690528052,877816,940285
2.02305E+11,62450,1690528053,876417,938867
2.02305E+11,62279,1690528054,876317,938596
2.02305E+11,62024,1690528055,876757,938781
2.02305E+11,62342,1690528056,877067,939409
2.02305E+11,62593,1690528057,874567,937160
2.02305E+11,62361,1690528058,874864,937225
2.02305E+11,62244,1690528059,874061,936305
2.02305E+11,62740,1690528060,874745,937485
2.02305E+11,62172,1690528061,874976,937148
2.02305E+11,62493,1690528062,875620,938113
2.02305E+11,62549,1690528063,875400,937949
2.02305E+11,62938,1690528064,876344,939282
2.02305E+11,62765,1690528065,876756,939521
2.02305E+11,63043,1690528066,877575,940618
2.02305E+11,62361,1690528067,876700,939061
2.02305E+11,62671,1690528068,877263,939934
2.02305E+11,62686,1690528069,876226,938912
2.02305E+11,62796,1690528070,876189,938985
2.02305E+11,62786,1690528071,875434,938220
2.02305E+11,62967,1690528072,875079,938046
2.02305E+11,62468,1690528073,875437,937905
2.02305E+11,62829,1690528074,875271,938100
2.02305E+11,62901,1690528075,875270,938171
2.02305E+11,62983,1690528076,875054,938037
2.02305E+11,63096,1690528077,874584,937680
2.02305E+11,62670,1690528078,874659,937329
2.02305E+11,62481,1690528079,875564,938045
2.02305E+11,62474,1690528080,876051,938525
2.02305E+11,62895,1690528081,876355,939250
2.02305E+11,62685,1690528082,876322,939007
2.02305E+11,63111,1690528083,876150,939261
2.02305E+11,62835,1690528084,876698,939533
2.02305E+11,62948,1690528085,875687,938635
2.02305E+11,62941,1690528086,874958,937899
2.02305E+11,62524,1690528087,873901,936425
2.02305E+11,62659,1690528088,873320,935979
2.02305E+11,62790,1690528089,873843,936633
2.02305E+11,62809,1690528090,875113,937922
2.02305E+11,62515,1690528091,874358,936873
2.02305E+11,62597,1690528092,875019,937616
2.02305E+11,62931,1690528093,875566,938497
2.02305E+11,62727,1690528094,876547,939274
2.02305E+11,62826,1690528095,875369,938195
2.02305E+11,62375,1690528096,874863,937238
2.02305E+11,62899,1690528097,875906,938805
2.02305E+11,62566,1690528098,876230,938796
2.02305E+11,62501,1690528099,876622,939123
2.02305E+11,62337,1690528100,875728,938065
2.02305E+11,62298,1690528101,875194,937492
2.02305E+11,62340,1690528102,876046,938386
2.02305E+11,62268,1690528103,875643,937911
2.02305E+11,62135,1690528104,876639,938774
2.02305E+11,62392,1690528105,876428,938820
2.02305E+11,62318,1690528106,877076,939394
2.02305E+11,62487,1690528107,875692,938179
2.02305E+11,62300,1690528108,875407,937707
2.02305E+11,62799,1690528109,874724,937523
2.02305E+11,62418,1690528110,875814,938232
2.02305E+11,62607,1690528111,875854,938461
2.02305E+11,62556,1690528112,877242,939798
2.02305E+11,62495,1690528113,877109,939604
2.02305E+11,62588,1690528114,876851,939439
2.02305E+11,62725,1690528115,872276,935001
2.02305E+11,62697,1690528116,875572,938269
2.02305E+11,62750,1690528117,875032,937782
2.02305E+11,62424,1690528118,874079,936503
2.02305E+11,63008,1690528119,874005,937013
2.02305E+11,62597,1690528120,872752,935349
2.02305E+11,62703,1690528121,873434,936137
2.02305E+11,62697,1690528122,873472,936169
2.02305E+11,62837,1690528123,874744,937581
2.02305E+11,62781,1690528124,875070,937851
2.02305E+11,62389,1690528125,876228,938617
2.02305E+11,62432,1690528126,876295,938727
2.02305E+11,62593,1690528127,876593,939186
2.02305E+11,62924,1690528128,875480,938404
2.02305E+11,62455,1690528129,875985,938440
2.02305E+11,62649,1690528130,876223,938872
2.02305E+11,62682,1690528131,875667,938349
2.02305E+11,62820,1690528132,876188,939008
2.02305E+11,62455,1690528133,875741,938196
2.02305E+11,62552,1690528134,876174,938726
2.02305E+11,62788,1690528135,876009,938797
2.02305E+11,62460,1690528136,876143,938603
2.02305E+11,62411,1690528137,876029,938440
2.02305E+11,62473,1690528138,876264,938737
2.02305E+11,62370,1690528139,876251,938621
2.02305E+11,62623,1690528140,876336,938959
2.02305E+11,62322,1690528141,876720,939042
2.02305E+11,62353,1690528142,878093,940446
2.02305E+11,62452,1690528143,878578,941030
2.02305E+11,62450,1690528144,877873,940323
2.02305E+11,62500,1690528145,877641,940141
2.02305E+11,62380,1690528146,876538,938918
2.02305E+11,62765,1690528147,876918,939683
2.02305E+11,62656,1690528148,875306,937962
2.02305E+11,62733,1690528149,875573,938306
2.02305E+11,62882,1690528150,876605,939487
2.02305E+11,62662,1690528151,876577,939239
2.02305E+11,62906,1690528152,877710,940616
2.02305E+11,63085,1690528153,877026,940111
2.02305E+11,62862,1690528154,878645,941507
2.02305E+11,62880,1690528155,878884,941764
2.02305E+11,62722,1690528156,878954,941676
2.02305E+11,63049,1690528157,879160,942209
2.02305E+11,62674,1690528158,877909,940583
2.02305E+11,62605,1690528159,878819,941424
2.02305E+11,62735,1690528160,878776,941511
2.02305E+11,62811,1690528161,877856,940667
2.02305E+11,62998,1690528162,876254,939252
2.02305E+11,62559,1690528163,877363,939922
2.02305E+11,62814,1690528164,877925,940739
2.02305E+11,63058,1690528165,877743,940801
2.02305E+11,62590,1690528166,877792,940382
2.02305E+11,62831,1690528167,878422,941253
2.02305E+11,62664,1690528168,877956,940620
2.02305E+11,62765,1690528169,878079,940844
2.02305E+11,62588,1690528170,877624,940212
2.02305E+11,62735,1690528171,878110,940845
2.02305E+11,62622,1690528172,879140,941762
2.02305E+11,62407,1690528173,879193,941600
2.02305E+11,62656,1690528174,879157,941813
2.02305E+11,62588,1690528175,877652,940240
2.02305E+11,62773,1690528176,878009,940782
2.02305E+11,62502,1690528177,877805,940307
2.02305E+11,62735,1690528178,877813,940548
2.02305E+11,62524,1690528179,875625,938149
2.02305E+11,62366,1690528180,877270,939636
2.02305E+11,62583,1690528181,877701,940284
2.02305E+11,62503,1690528182,876746,939249
2.02305E+11,62391,1690528183,877484,939875
2.02305E+11,62669,1690528184,878281,940950
2.02305E+11,62169,1690528185,879395,941564
2.02305E+11,62528,1690528186,878876,941404
2.02305E+11,62507,1690528187,877660,940167
2.02305E+11,62718,1690528188,879176,941894
2.02305E+11,62557,1690528189,878445,941002
2.02305E+11,62494,1690528190,878041,940535
2.02305E+11,62607,1690528191,877838,940445
2.02305E+11,62432,1690528192,877624,940056
2.02305E+11,62512,1690528193,878242,940754
2.02305E+11,62459,1690528194,877524,939983
2.02305E+11,62481,1690528195,878205,940686
2.02305E+11,62800,1690528196,878858,941658
2.02305E+11,62573,1690528197,878373,940946
2.02305E+11,62709,1690528198,878580,941289
2.02305E+11,62527,1690528199,877096,939623
2.02305E+11,62468,1690528200,878961,941429
2.02305E+11,62370,1690528201,879673,942043
2.02305E+11,62812,1690528202,879728,942540
2.02305E+11,62633,1690528203,880248,942881
2.02305E+11,62498,1690528204,878457,940955
2.02305E+11,62659,1690528205,878514,941173
2.02305E+11,62786,1690528206,878298,941084
2.02305E+11,62784,1690528207,877824,940608
2.02305E+11,62930,1690528208,875986,938916
2.02305E+11,63038,1690528209,878293,941331
2.02305E+11,63014,1690528210,877349,940363
2.02305E+11,63142,1690528211,879523,942665
2.02305E+11,62753,1690528212,879266,942019
2.02305E+11,62893,1690528213,879509,942402
2.02305E+11,63138,1690528214,879892,943030
2.02305E+11,62692,1690528215,880219,942911
2.02305E+11,62348,1690528216,880261,942609
2.02305E+11,62634,1690528217,878913,941547
2.02305E+11,62565,1690528218,879523,942088
2.02305E+11,62957,1690528219,880274,943231
2.02305E+11,62572,1690528220,878810,941382
2.02305E+11,62784,1690528221,878613,941397
2.02305E+11,62400,1690528222,878428,940828
2.02305E+11,62694,1690528223,877773,940467
2.02305E+11,62830,1690528224,878613,941443
2.02305E+11,62417,1690528225,878325,940742
2.02305E+11,62766,1690528226,878532,941298
2.02305E+11,62913,1690528227,878394,941307
2.02305E+11,62673,1690528228,878780,941453
2.02305E+11,62718,1690528229,878897,941615
2.02305E+11,62571,1690528230,878792,941363
2.02305E+11,62738,1690528231,878916,941654
2.02305E+11,62348,1690528232,878879,941227
2.02305E+11,62606,1690528233,878569,941175
2.02305E+11,62925,1690528234,879576,942501
2.02305E+11,62700,1690528235,878911,941611
2.02305E+11,62648,1690528236,878906,941554
2.02305E+11,62714,1690528237,879141,941855
2.02305E+11,62633,1690528238,878155,940788
2.02305E+11,62581,1690528239,877932,940513
2.02305E+11,62576,1690528240,879014,941590
2.02305E+11,62315,1690528241,879274,941589
2.02305E+11,62725,1690528242,878996,941721
2.02305E+11,62531,1690528243,879303,941834
2.02305E+11,62594,1690528244,877417,940011
2.02305E+11,62758,1690528245,878172,940930
2.02305E+11,62555,1690528246,878892,941447
2.02305E+11,62599,1690528247,879709,942308
2.02305E+11,62719,1690528248,879773,942492
2.02305E+11,63060,1690528249,879255,942315
2.02305E+11,63079,1690528250,878438,941517
2.02305E+11,62712,1690528251,878151,940863
2.02305E+11,62931,1690528252,878203,941134
2.02305E+11,62734,1690528253,879358,942092
2.02305E+11,62888,1690528254,879521,942409
2.02305E+11,62833,1690528255,878417,941250
2.02305E+11,63095,1690528256,878897,941992
2.02305E+11,62995,1690528256,878410,941405
2.02305E+11,63208,1690528257,878214,941422
2.02305E+11,62977,1690528259,878853,941830
2.02305E+11,63041,1690528260,878474,941515
2.02305E+11,62931,1690528261,878249,941180
2.02305E+11,62964,1690528262,878716,941680
2.02305E+11,63051,1690528263,880046,943097
2.02305E+11,62972,1690528264,879869,942841
2.02305E+11,62762,1690528265,878978,941740
2.02305E+11,63076,1690528266,880012,943088
2.02305E+11,62742,1690528267,879595,942337
2.02305E+11,62871,1690528268,879698,942569
2.02305E+11,62866,1690528269,879523,942389
2.02305E+11,62714,1690528270,880351,943065
2.02305E+11,62327,1690528271,880074,942401
2.02305E+11,62426,1690528272,880274,942700
2.02305E+11,62626,1690528273,879735,942361
2.02305E+11,62296,1690528274,880421,942717
2.02305E+11,62107,1690528275,878521,940628
2.02305E+11,62302,1690528276,876246,938548
2.02305E+11,62621,1690528277,876559,939180
2.02305E+11,62823,1690528278,876643,939466
2.02305E+11,62777,1690528279,877711,940488
2.02305E+11,62616,1690528280,877981,940597
2.02305E+11,62634,1690528281,877681,940315
2.02305E+11,62338,1690528282,878098,940436
2.02305E+11,62409,1690528283,878750,941159
2.02305E+11,62824,1690528284,879375,942199
2.02305E+11,62944,1690528285,879084,942028
2.02305E+11,62651,1690528286,878239,940890
2.02305E+11,62881,1690528287,877215,940096
2.02305E+11,62778,1690528288,876520,939298
2.02305E+11,62890,1690528289,879057,941947
2.02305E+11,62917,1690528290,879940,942857
2.02305E+11,62677,1690528291,879100,941777
2.02305E+11,62957,1690528292,880472,943429
2.02305E+11,62761,1690528293,880826,943587
2.02305E+11,62783,1690528294,879911,942694
2.02305E+11,62898,1690528295,880052,942950
2.02305E+11,62876,1690528296,880129,943005
2.02305E+11,62840,1690528297,880480,943320
2.02305E+11,62954,1690528298,881143,944097
2.02305E+11,62868,1690528299,880955,943823
2.02305E+11,62904,1690528300,880599,943503
2.02305E+11,62737,1690528301,879899,942636
2.02305E+11,62655,1690528302,880564,943219
2.02305E+11,62716,1690528303,879634,942350
2.02305E+11,62748,1690528304,879287,942035
2.02305E+11,62784,1690528305,877918,940702
2.02305E+11,62666,1690528306,878363,941029
2.02305E+11,62830,1690528307,879257,942087
2.02305E+11,62716,1690528308,879448,942164
2.02305E+11,62518,1690528309,879672,942190
2.02305E+11,62731,1690528310,879606,942337
2.02305E+11,62331,1690528311,879968,942299
2.02305E+11,62949,1690528312,880249,943198
2.02305E+11,62708,1690528313,881016,943724
2.02305E+11,62214,1690528314,881678,943892
2.02305E+11,62734,1690528315,880874,943608
2.02305E+11,62823,1690528316,880461,943284
2.02305E+11,62681,1690528317,880430,943111
2.02305E+11,63130,1690528318,879839,942969
2.02305E+11,63115,1690528319,880008,943123
2.02305E+11,62680,1690528320,880222,942902
2.02305E+11,63034,1690528321,880121,943155
2.02305E+11,62883,1690528322,879054,941937
2.02305E+11,63075,1690528323,879252,942327
2.02305E+11,62745,1690528324,878930,941675
2.02305E+11,62935,1690528325,879157,942092
2.02305E+11,62907,1690528326,879315,942222
2.02305E+11,62915,1690528327,879938,942853
2.02305E+11,62689,1690528328,879599,942288
2.02305E+11,63153,1690528329,880002,943155
2.02305E+11,63005,1690528330,879999,943004
2.02305E+11,62936,1690528331,879837,942773
2.02305E+11,62744,1690528332,880133,942877
2.02305E+11,62890,1690528333,880880,943770
2.02305E+11,63102,1690528334,880677,943779
2.02305E+11,62895,1690528335,879710,942605
2.02305E+11,62666,1690528336,880860,943526
