ID,°×³ãµÆ,Time,AcPower,×Ü
2.02E+11,80620,1690370954,875395,956015
2.02E+11,80894,1690370955,874222,955116
2.02E+11,80816,1690370956,873301,954117
2.02E+11,81068,1690370957,873182,954250
2.02E+11,81053,1690370958,871361,952414
2.02E+11,80714,1690370959,873009,953723
2.02E+11,81025,1690370960,872384,953409
2.02E+11,80623,1690370961,873052,953675
2.02E+11,80844,1690370962,873996,954840
2.02E+11,81121,1690370963,875397,956518
2.02E+11,81110,1690370964,875607,956717
2.02E+11,80528,1690370965,876101,956629
2.02E+11,81447,1690370966,875232,956679
2.02E+11,80774,1690370967,874309,955083
2.02E+11,81155,1690370968,875433,956588
2.02E+11,81298,1690370969,875789,957087
2.02E+11,81276,1690370970,875947,957223
2.02E+11,81359,1690370971,874797,956156
2.02E+11,81303,1690370972,874950,956253
2.02E+11,81270,1690370973,875109,956379
2.02E+11,81164,1690370974,875136,956300
2.02E+11,81172,1690370975,875662,956834
2.02E+11,81253,1690370976,875920,957173
2.02E+11,80743,1690370977,875913,956656
2.02E+11,80982,1690370978,876316,957298
2.02E+11,81141,1690370979,876884,958025
2.02E+11,80723,1690370980,875396,956119
2.02E+11,81371,1690370981,875668,957039
2.02E+11,81152,1690370982,876542,957694
2.02E+11,80815,1690370983,876046,956861
2.02E+11,81383,1690370984,877149,958532
2.02E+11,81021,1690370985,876556,957577
2.02E+11,80912,1690370986,876360,957272
2.02E+11,80700,1690370987,876257,956957
2.02E+11,81292,1690370988,877207,958499
2.02E+11,80592,1690370989,876835,957427
2.02E+11,80810,1690370990,873928,954738
2.02E+11,80805,1690370991,876683,957488
2.02E+11,81151,1690370992,876491,957642
2.02E+11,80670,1690370993,876946,957616
2.02E+11,81113,1690370994,877206,958319
2.02E+11,80584,1690370995,876525,957109
2.02E+11,80661,1690370996,877745,958406
2.02E+11,80902,1690370997,876405,957307
2.02E+11,80868,1690370998,876481,957349
2.02E+11,80951,1690370999,876107,957058
2.02E+11,80348,1690371000,876189,956537
2.02E+11,80859,1690371001,876360,957219
2.02E+11,80931,1690371002,875940,956871
2.02E+11,80879,1690371003,876198,957077
2.02E+11,80777,1690371004,875768,956545
2.02E+11,80461,1690371005,876183,956644
2.02E+11,80935,1690371006,876242,957177
2.02E+11,81081,1690371007,875383,956464
2.02E+11,80934,1690371008,875909,956843
2.02E+11,80898,1690371009,875720,956618
2.02E+11,80622,1690371010,874722,955344
2.02E+11,81087,1690371011,875243,956330
2.02E+11,81020,1690371012,876416,957436
2.02E+11,80576,1690371013,875365,955941
2.02E+11,81235,1690371014,875995,957230
2.02E+11,80976,1690371015,875191,956167
2.02E+11,80772,1690371016,875465,956237
2.02E+11,81165,1690371017,875430,956595
2.02E+11,81085,1690371018,875548,956633
2.02E+11,80789,1690371019,876126,956915
2.02E+11,81355,1690371020,875969,957324
2.02E+11,80987,1690371021,875327,956314
2.02E+11,80907,1690371022,876339,957246
2.02E+11,80064,1690371023,875060,955124
2.02E+11,80989,1690371024,874682,955671
2.02E+11,80830,1690371025,875097,955927
2.02E+11,80897,1690371026,875095,955992
2.02E+11,80949,1690371027,875694,956643
2.02E+11,80752,1690371028,876210,956962
2.02E+11,80793,1690371029,876912,957705
2.02E+11,80817,1690371030,877244,958061
2.02E+11,81060,1690371031,876007,957067
2.02E+11,80954,1690371032,875841,956795
2.02E+11,80793,1690371033,876039,956832
2.02E+11,81046,1690371034,872596,953642
2.02E+11,80951,1690371035,875473,956424
2.02E+11,80835,1690371036,874549,955384
2.02E+11,81019,1690371037,875260,956279
2.02E+11,81096,1690371038,873669,954765
2.02E+11,81378,1690371039,875925,957303
2.02E+11,81043,1690371040,874449,955492
2.02E+11,80918,1690371041,875776,956694
2.02E+11,81117,1690371042,876658,957775
2.02E+11,80643,1690371043,875874,956517
2.02E+11,80733,1690371044,876225,956958
2.02E+11,80804,1690371045,876817,957621
2.02E+11,80948,1690371046,877079,958027
2.02E+11,81040,1690371047,875455,956495
2.02E+11,80939,1690371048,876408,957347
2.02E+11,80960,1690371049,876191,957151
2.02E+11,81340,1690371050,875313,956653
2.02E+11,80957,1690371051,874582,955539
2.02E+11,80820,1690371052,875074,955894
2.02E+11,80888,1690371053,875306,956194
2.02E+11,80739,1690371054,875242,955981
2.02E+11,81109,1690371055,874815,955924
2.02E+11,80901,1690371056,874591,955492
2.02E+11,80802,1690371057,874548,955350
2.02E+11,80972,1690371058,875129,956101
2.02E+11,80824,1690371059,876035,956859
2.02E+11,81116,1690371060,875761,956877
2.02E+11,80897,1690371061,875842,956739
2.02E+11,80950,1690371062,875819,956769
2.02E+11,81069,1690371063,875857,956926
2.02E+11,81004,1690371064,875353,956357
2.02E+11,80978,1690371065,875484,956462
2.02E+11,80598,1690371066,875103,955701
2.02E+11,80734,1690371067,874941,955675
2.02E+11,80844,1690371068,874455,955299
2.02E+11,81171,1690371069,873334,954505
2.02E+11,81062,1690371070,874277,955339
2.02E+11,80912,1690371071,874357,955269
2.02E+11,80665,1690371072,875418,956083
2.02E+11,81323,1690371073,876756,958079
2.02E+11,81077,1690371074,874817,955894
2.02E+11,80827,1690371075,876170,956997
2.02E+11,81048,1690371076,874875,955923
2.02E+11,80891,1690371077,876260,957151
2.02E+11,80831,1690371078,876334,957165
2.02E+11,81100,1690371079,875734,956834
2.02E+11,80997,1690371080,875587,956584
2.02E+11,80937,1690371081,874573,955510
2.02E+11,80857,1690371082,875474,956331
2.02E+11,81162,1690371083,875337,956499
2.02E+11,80790,1690371084,876215,957005
2.02E+11,80891,1690371085,875891,956782
2.02E+11,80944,1690371086,875931,956875
2.02E+11,81002,1690371087,875192,956194
2.02E+11,81044,1690371088,874216,955260
2.02E+11,80626,1690371089,874710,955336
2.02E+11,81154,1690371090,873470,954624
2.02E+11,80977,1690371091,873817,954794
2.02E+11,80870,1690371092,873468,954338
2.02E+11,80546,1690371093,874004,954550
2.02E+11,81022,1690371094,874185,955207
2.02E+11,80830,1690371095,874962,955792
2.02E+11,80468,1690371096,875391,955859
2.02E+11,80474,1690371097,875101,955575
2.02E+11,80517,1690371098,875688,956205
2.02E+11,80361,1690371099,875666,956027
2.02E+11,80883,1690371100,876860,957743
2.02E+11,80375,1690371101,1584363,1664738
2.02E+11,80628,1690371102,1583012,1663640
2.02E+11,80518,1690371103,1583713,1664231
2.02E+11,80904,1690371104,1583406,1664310
2.02E+11,80611,1690371105,1583177,1663788
2.02E+11,80768,1690371106,1582262,1663030
2.02E+11,80757,1690371107,1581867,1662624
2.02E+11,80358,1690371108,1580231,1660589
2.02E+11,80731,1690371109,1579783,1660514
2.02E+11,80599,1690371110,1581880,1662479
2.02E+11,80559,1690371111,1581330,1661889
2.02E+11,80180,1690371111,1581880,1662060
2.02E+11,80715,1690371113,1582443,1663158
2.02E+11,80851,1690371114,1581656,1662507
2.02E+11,80771,1690371115,1584098,1664869
2.02E+11,80591,1690371116,1582575,1663166
2.02E+11,80681,1690371117,1583580,1664261
2.02E+11,80223,1690371118,1582645,1662868
2.02E+11,81125,1690371119,1583561,1664686
2.02E+11,81125,1690371120,1583559,1664684
2.02E+11,80883,1690371121,1582363,1663246
2.02E+11,80576,1690371122,1582383,1662959
2.02E+11,80994,1690371123,1580680,1661674
2.02E+11,80763,1690371124,1581935,1662698
2.02E+11,80783,1690371125,1580977,1661760
2.02E+11,80568,1690371126,1581404,1661972
2.02E+11,80716,1690371127,1580607,1661323
2.02E+11,81136,1690371128,1582934,1664070
2.02E+11,80750,1690371129,1582397,1663147
2.02E+11,80766,1690371130,1581123,1661889
2.02E+11,81298,1690371131,1582772,1664070
2.02E+11,81534,1690371132,1584042,1665576
2.02E+11,81163,1690371133,1583915,1665078
2.02E+11,80710,1690371134,1584641,1665351
2.02E+11,81234,1690371135,1584544,1665778
2.02E+11,80876,1690371136,1583928,1664804
2.02E+11,80599,1690371137,1583679,1664278
2.02E+11,80847,1690371138,1582873,1663720
2.02E+11,80976,1690371139,1582086,1663062
2.02E+11,81266,1690371140,1582109,1663375
2.02E+11,80963,1690371141,1580344,1661307
2.02E+11,80930,1690371142,1582302,1663232
2.02E+11,80863,1690371143,1582315,1663178
2.02E+11,80786,1690371144,1581355,1662141
2.02E+11,80362,1690371145,1582690,1663052
2.02E+11,80758,1690371146,1581958,1662716
2.02E+11,80611,1690371147,1583409,1664020
2.02E+11,80534,1690371148,1583459,1663993
2.02E+11,80784,1690371149,1583500,1664284
2.02E+11,80740,1690371150,1584332,1665072
2.02E+11,80548,1690371151,1583253,1663801
2.02E+11,80887,1690371152,1584508,1665395
2.02E+11,80826,1690371153,1583108,1663934
2.02E+11,80553,1690371154,1583238,1663791
2.02E+11,80690,1690371155,1584148,1664838
2.02E+11,80684,1690371156,1582328,1663012
2.02E+11,80685,1690371157,1583913,1664598
2.02E+11,80516,1690371158,1582632,1663148
2.02E+11,80760,1690371159,1581812,1662572
2.02E+11,80712,1690371160,1582629,1663341
2.02E+11,80837,1690371161,1580768,1661605
2.02E+11,80494,1690371162,1580999,1661493
2.02E+11,80611,1690371163,1579669,1660280
2.02E+11,80963,1690371164,1580684,1661647
2.02E+11,81135,1690371165,1582188,1663323
2.02E+11,80613,1690371166,1580927,1661540
2.02E+11,81083,1690371167,1580373,1661456
2.02E+11,81258,1690371168,1580141,1661399
2.02E+11,81284,1690371169,1580796,1662080
2.02E+11,80814,1690371170,1579935,1660749
2.02E+11,81072,1690371171,1580262,1661334
2.02E+11,80993,1690371172,873848,954841
2.02E+11,80612,1690371173,874684,955296
2.02E+11,81087,1690371174,874592,955679
2.02E+11,81083,1690371175,876171,957254
2.02E+11,80485,1690371176,876554,957039
2.02E+11,81098,1690371177,876602,957700
2.02E+11,80833,1690371178,875972,956805
2.02E+11,81158,1690371179,875976,957134
2.02E+11,80869,1690371180,875242,956111
2.02E+11,81163,1690371181,875847,957010
2.02E+11,80387,1690371182,875325,955712
2.02E+11,81096,1690371183,876233,957329
2.02E+11,80684,1690371184,876208,956892
2.02E+11,80813,1690371185,875687,956500
2.02E+11,80859,1690371186,876624,957483
2.02E+11,80742,1690371187,876224,956966
2.02E+11,80815,1690371188,876911,957726
2.02E+11,80720,1690371189,876760,957480
2.02E+11,80728,1690371190,876336,957064
2.02E+11,80816,1690371191,875680,956496
2.02E+11,80975,1690371192,876287,957262
2.02E+11,80795,1690371193,876713,957508
2.02E+11,80861,1690371194,877816,958677
2.02E+11,80640,1690371195,876417,957057
2.02E+11,80908,1690371196,876317,957225
2.02E+11,80797,1690371197,876757,957554
2.02E+11,80646,1690371198,877067,957713
2.02E+11,80722,1690371199,874567,955289
2.02E+11,80968,1690371200,874864,955832
2.02E+11,80892,1690371201,874061,954953
2.02E+11,80371,1690371202,874745,955116
2.02E+11,80919,1690371203,874976,955895
2.02E+11,80870,1690371204,875620,956490
2.02E+11,80917,1690371205,875400,956317
2.02E+11,81030,1690371206,876344,957374
2.02E+11,81115,1690371207,876756,957871
2.02E+11,81136,1690371208,877575,958711
2.02E+11,80666,1690371209,876700,957366
2.02E+11,81018,1690371210,877263,958281
2.02E+11,80714,1690371211,876226,956940
2.02E+11,80633,1690371212,876189,956822
2.02E+11,80940,1690371213,875434,956374
2.02E+11,81301,1690371214,875079,956380
2.02E+11,80649,1690371215,875437,956086
2.02E+11,80622,1690371216,875271,955893
2.02E+11,80902,1690371217,875270,956172
2.02E+11,80865,1690371218,875054,955919
2.02E+11,80691,1690371219,874584,955275
2.02E+11,80927,1690371220,874659,955586
2.02E+11,80354,1690371221,875564,955918
2.02E+11,81038,1690371222,876051,957089
2.02E+11,81011,1690371223,876355,957366
2.02E+11,81062,1690371224,876322,957384
2.02E+11,80846,1690371225,876150,956996
2.02E+11,80969,1690371226,876698,957667
2.02E+11,80583,1690371227,875687,956270
2.02E+11,80670,1690371228,874958,955628
2.02E+11,80627,1690371229,873901,954528
2.02E+11,80770,1690371230,873320,954090
2.02E+11,80907,1690371231,873843,954750
2.02E+11,80605,1690371232,875113,955718
2.02E+11,80980,1690371233,874358,955338
2.02E+11,80622,1690371234,875019,955641
2.02E+11,80630,1690371235,875566,956196
2.02E+11,80607,1690371236,876547,957154
2.02E+11,80759,1690371237,875369,956128
2.02E+11,80881,1690371238,874863,955744
2.02E+11,80918,1690371239,875906,956824
2.02E+11,80400,1690371240,876230,956630
2.02E+11,80713,1690371241,876622,957335
2.02E+11,80456,1690371242,875728,956184
2.02E+11,81074,1690371243,875194,956268
2.02E+11,80775,1690371244,876046,956821
2.02E+11,80389,1690371245,875643,956032
2.02E+11,80877,1690371246,876639,957516
2.02E+11,80206,1690371247,876428,956634
2.02E+11,80620,1690371248,877076,957696
2.02E+11,80942,1690371249,875692,956634
2.02E+11,80724,1690371250,875407,956131
2.02E+11,80543,1690371251,874724,955267
2.02E+11,80548,1690371252,875814,956362
2.02E+11,80780,1690371253,875854,956634
2.02E+11,80711,1690371255,877242,957953
2.02E+11,80912,1690371256,877109,958021
2.02E+11,80724,1690371257,876851,957575
2.02E+11,80720,1690371258,872276,952996
2.02E+11,80759,1690371259,875572,956331
2.02E+11,80595,1690371260,875032,955627
2.02E+11,80979,1690371261,874079,955058
2.02E+11,80747,1690371262,874005,954752
2.02E+11,80563,1690371263,872752,953315
2.02E+11,80474,1690371264,873434,953908
2.02E+11,80995,1690371265,873472,954467
2.02E+11,80399,1690371266,874744,955143
2.02E+11,80692,1690371267,875070,955762
2.02E+11,80797,1690371268,876228,957025
2.02E+11,81141,1690371269,876295,957436
2.02E+11,80994,1690371270,876593,957587
2.02E+11,80788,1690371271,875480,956268
2.02E+11,80776,1690371272,875985,956761
2.02E+11,81303,1690371273,876223,957526
2.02E+11,80595,1690371274,875667,956262
2.02E+11,81614,1690371275,876188,957802
2.02E+11,81442,1690371276,875741,957183
2.02E+11,80704,1690371277,876174,956878
2.02E+11,81392,1690371278,876009,957401
2.02E+11,81318,1690371279,876143,957461
2.02E+11,80857,1690371280,876029,956886
2.02E+11,80952,1690371281,876264,957216
2.02E+11,81068,1690371282,876251,957319
2.02E+11,81078,1690371283,876336,957414
2.02E+11,81284,1690371284,876720,958004
2.02E+11,81029,1690371285,878093,959122
2.02E+11,81051,1690371286,878578,959629
2.02E+11,81099,1690371287,877873,958972
2.02E+11,80878,1690371288,877641,958519
2.02E+11,80829,1690371289,876538,957367
2.02E+11,80747,1690371290,876918,957665
2.02E+11,80700,1690371291,875306,956006
2.02E+11,80954,1690371292,875573,956527
2.02E+11,81058,1690371293,876605,957663
2.02E+11,80651,1690371294,876577,957228
2.02E+11,80458,1690371295,877710,958168
2.02E+11,81112,1690371296,877026,958138
2.02E+11,80682,1690371297,878645,959327
2.02E+11,80716,1690371298,878884,959600
2.02E+11,80744,1690371299,878954,959698
2.02E+11,80601,1690371300,879160,959761
2.02E+11,80512,1690371301,877909,958421
2.02E+11,80411,1690371302,878819,959230
2.02E+11,80629,1690371303,878776,959405
2.02E+11,79864,1690371304,877856,957720
2.02E+11,80875,1690371305,876254,957129
2.02E+11,80732,1690371306,877363,958095
2.02E+11,81096,1690371307,877925,959021
2.02E+11,80806,1690371308,877743,958549
2.02E+11,80742,1690371309,877792,958534
2.02E+11,80794,1690371310,878422,959216
2.02E+11,80914,1690371311,877956,958870
2.02E+11,80944,1690371312,878079,959023
2.02E+11,81087,1690371313,877624,958711
2.02E+11,81145,1690371314,878110,959255
2.02E+11,80844,1690371315,879140,959984
2.02E+11,80988,1690371316,879193,960181
2.02E+11,80601,1690371317,879157,959758
2.02E+11,80847,1690371318,877652,958499
2.02E+11,81069,1690371319,878009,959078
2.02E+11,80612,1690371320,877805,958417
2.02E+11,80614,1690371321,877813,958427
2.02E+11,81021,1690371322,875625,956646
2.02E+11,80910,1690371323,877270,958180
2.02E+11,81098,1690371324,877701,958799
2.02E+11,80999,1690371325,876746,957745
2.02E+11,81007,1690371326,877484,958491
2.02E+11,80725,1690371327,878281,959006
2.02E+11,80524,1690371328,879395,959919
2.02E+11,80941,1690371329,878876,959817
2.02E+11,80401,1690371330,877660,958061
2.02E+11,80955,1690371331,879176,960131
2.02E+11,80695,1690371332,878445,959140
2.02E+11,80718,1690371333,878041,958759
2.02E+11,80676,1690371334,877838,958514
2.02E+11,80681,1690371335,877624,958305
2.02E+11,80633,1690371336,878242,958875
2.02E+11,80545,1690371337,877524,958069
2.02E+11,80254,1690371338,878205,958459
2.02E+11,80624,1690371339,878858,959482
2.02E+11,80617,1690371340,878373,958990
2.02E+11,80402,1690371341,878580,958982
2.02E+11,80407,1690371342,877096,957503
2.02E+11,80949,1690371343,878961,959910
2.02E+11,80696,1690371344,879673,960369
2.02E+11,80915,1690371345,879728,960643
2.02E+11,80872,1690371346,880248,961120
2.02E+11,81080,1690371347,878457,959537
2.02E+11,81090,1690371348,878514,959604
2.02E+11,81157,1690371349,878298,959455
2.02E+11,80645,1690371350,877824,958469
2.02E+11,80822,1690371351,875986,956808
2.02E+11,80906,1690371352,878293,959199
2.02E+11,80923,1690371353,877349,958272
2.02E+11,80770,1690371354,879523,960293
2.02E+11,81042,1690371355,879266,960308
2.02E+11,80875,1690371356,879509,960384
2.02E+11,80765,1690371357,879892,960657
2.02E+11,80810,1690371358,880219,961029
2.02E+11,80732,1690371359,880261,960993
2.02E+11,81088,1690371360,878913,960001
2.02E+11,81066,1690371361,879523,960589
2.02E+11,80645,1690371362,880274,960919
2.02E+11,80989,1690371363,878810,959799
2.02E+11,80459,1690371364,878613,959072
2.02E+11,80719,1690371365,878428,959147
2.02E+11,80519,1690371366,877773,958292
2.02E+11,80711,1690371367,878613,959324
2.02E+11,80893,1690371368,878325,959218
2.02E+11,80662,1690371369,878532,959194
2.02E+11,80796,1690371370,878394,959190
2.02E+11,80924,1690371371,878780,959704
2.02E+11,80703,1690371372,878897,959600
2.02E+11,81039,1690371373,878792,959831
2.02E+11,80649,1690371374,878916,959565
2.02E+11,80954,1690371375,878879,959833
2.02E+11,80406,1690371376,878569,958975
2.02E+11,80229,1690371377,879576,959805
2.02E+11,80798,1690371378,878911,959709
2.02E+11,80851,1690371379,878906,959757
2.02E+11,80049,1690371380,879141,959190
2.02E+11,80461,1690371381,878155,958616
2.02E+11,80766,1690371382,877932,958698
2.02E+11,80674,1690371383,879014,959688
2.02E+11,80837,1690371384,879274,960111
2.02E+11,80555,1690371385,878996,959551
2.02E+11,80967,1690371386,879303,960270
2.02E+11,81031,1690371387,877417,958448
2.02E+11,80946,1690371388,878172,959118
2.02E+11,80897,1690371389,878892,959789
2.02E+11,80686,1690371390,879709,960395
2.02E+11,81285,1690371391,879773,961058
2.02E+11,81143,1690371392,879255,960398
2.02E+11,81153,1690371393,878438,959591
2.02E+11,80927,1690371394,878151,959078
2.02E+11,80858,1690371395,878203,959061
2.02E+11,81199,1690371396,879358,960557
2.02E+11,80770,1690371397,879521,960291
2.02E+11,80947,1690371398,878417,959364
2.02E+11,80811,1690371399,878897,959708
2.02E+11,81013,1690371400,878410,959423
2.02E+11,80849,1690371401,878214,959063
2.02E+11,81188,1690371402,878853,960041
2.02E+11,80891,1690371403,878474,959365
2.02E+11,80701,1690371404,878249,958950
2.02E+11,80751,1690371405,878716,959467
2.02E+11,81290,1690371406,880046,961336
2.02E+11,81076,1690371407,879869,960945
2.02E+11,80897,1690371408,878978,959875
2.02E+11,80928,1690371409,880012,960940
2.02E+11,80903,1690371410,879595,960498
2.02E+11,80909,1690371411,879698,960607
2.02E+11,80885,1690371412,879523,960408
2.02E+11,80895,1690371412,880351,961246
2.02E+11,80432,1690371414,880074,960506
2.02E+11,80514,1690371415,880274,960788
2.02E+11,80652,1690371416,879735,960387
2.02E+11,80632,1690371417,880421,961053
2.02E+11,80427,1690371418,878521,958948
2.02E+11,80798,1690371419,876246,957044
2.02E+11,80747,1690371420,876559,957306
2.02E+11,80697,1690371421,876643,957340
2.02E+11,81000,1690371422,877711,958711
2.02E+11,80775,1690371423,877981,958756
2.02E+11,80780,1690371424,877681,958461
2.02E+11,80647,1690371425,878098,958745
2.02E+11,81067,1690371426,878750,959817
2.02E+11,81042,1690371427,879375,960417
2.02E+11,80921,1690371428,879084,960005
2.02E+11,80707,1690371429,878239,958946
2.02E+11,80714,1690371430,877215,957929
2.02E+11,80645,1690371431,876520,957165
2.02E+11,80741,1690371432,879057,959798
2.02E+11,80986,1690371433,879940,960926
2.02E+11,81046,1690371434,879100,960146
2.02E+11,80928,1690371435,880472,961400
2.02E+11,80609,1690371436,880826,961435
2.02E+11,80508,1690371437,879911,960419
2.02E+11,81052,1690371438,880052,961104
2.02E+11,80582,1690371439,880129,960711
2.02E+11,80815,1690371440,880480,961295
2.02E+11,80691,1690371441,881143,961834
2.02E+11,80783,1690371442,880955,961738
2.02E+11,80624,1690371443,880599,961223
2.02E+11,80671,1690371444,879899,960570
2.02E+11,80762,1690371445,880564,961326
2.02E+11,80696,1690371446,879634,960330
2.02E+11,80536,1690371447,879287,959823
2.02E+11,80325,1690371448,877918,958243
2.02E+11,80815,1690371449,878363,959178
2.02E+11,80856,1690371450,879257,960113
2.02E+11,80743,1690371451,879448,960191
2.02E+11,81194,1690371452,879672,960866
2.02E+11,80753,1690371453,879606,960359
2.02E+11,80913,1690371454,879968,960881
2.02E+11,80792,1690371455,880249,961041
2.02E+11,80813,1690371456,881016,961829
2.02E+11,80657,1690371457,881678,962335
2.02E+11,80486,1690371458,880874,961360
2.02E+11,80958,1690371459,880461,961419
2.02E+11,80798,1690371460,880430,961228
2.02E+11,80585,1690371461,879839,960424
2.02E+11,80996,1690371462,880008,961004
2.02E+11,81080,1690371463,880222,961302
2.02E+11,81525,1690371464,880121,961646
2.02E+11,80782,1690371465,879054,959836
2.02E+11,80912,1690371466,879252,960164
2.02E+11,80852,1690371467,878930,959782
2.02E+11,80849,1690371468,879157,960006
2.02E+11,80903,1690371469,879315,960218
2.02E+11,80769,1690371470,879938,960707
2.02E+11,80780,1690371471,879599,960379
2.02E+11,80749,1690371472,880002,960751
2.02E+11,80855,1690371473,879999,960854
2.02E+11,80251,1690371474,879837,960088
2.02E+11,80451,1690371475,880133,960584
2.02E+11,80506,1690371476,880880,961386
2.02E+11,80724,1690371477,880677,961401
2.02E+11,80542,1690371478,879710,960252
2.02E+11,80566,1690371479,880860,961426
2.02E+11,80680,1690371480,880421,961101
2.02E+11,79984,1690371481,881037,961021
2.02E+11,80996,1690371482,880329,961325
2.02E+11,80686,1690371483,881106,961792
2.02E+11,80501,1690371485,880419,960920
2.02E+11,80602,1690371486,880257,960859
2.02E+11,80282,1690371487,880119,960401
2.02E+11,80909,1690371488,879676,960585
2.02E+11,80349,1690371489,879447,959796
2.02E+11,80470,1690371490,879903,960373
2.02E+11,80123,1690371491,880630,960753
2.02E+11,80265,1690371492,879520,959785
2.02E+11,80673,1690371493,880430,961103
2.02E+11,80284,1690371494,880621,960905
2.02E+11,80572,1690371495,879902,960474
2.02E+11,80529,1690371496,879949,960478
2.02E+11,80675,1690371497,879343,960018
2.02E+11,80903,1690371498,880325,961228
2.02E+11,80799,1690371499,879622,960421
2.02E+11,80499,1690371500,880865,961364
2.02E+11,80740,1690371501,881039,961779
2.02E+11,80764,1690371502,880773,961537
2.02E+11,80801,1690371503,880011,960812
2.02E+11,80551,1690371504,879434,959985
2.02E+11,80677,1690371505,880269,960946
2.02E+11,80804,1690371506,879961,960765
2.02E+11,80832,1690371507,879589,960421
2.02E+11,80813,1690371508,879479,960292
2.02E+11,80703,1690371509,879868,960571
2.02E+11,80951,1690371510,878843,959794
2.02E+11,80694,1690371511,879595,960289
2.02E+11,80691,1690371512,880446,961137
2.02E+11,80713,1690371513,879431,960144
2.02E+11,80843,1690371514,878148,958991
2.02E+11,80589,1690371515,878865,959454
2.02E+11,80492,1690371516,879086,959578
2.02E+11,80525,1690371517,879368,959893
2.02E+11,80897,1690371518,880229,961126
2.02E+11,80928,1690371519,880615,961543
2.02E+11,80383,1690371520,879114,959497
2.02E+11,80296,1690371521,879784,960080
2.02E+11,79906,1690371522,879638,959544
2.02E+11,80243,1690371523,879974,960217
2.02E+11,80550,1690371524,880348,960898
2.02E+11,80091,1690371525,878545,958636
2.02E+11,80395,1690371526,877914,958309
2.02E+11,80298,1690371527,879123,959421
2.02E+11,80461,1690371528,879784,960245
2.02E+11,80605,1690371529,879743,960348
2.02E+11,80700,1690371530,880190,960890
2.02E+11,80415,1690371531,880457,960872
2.02E+11,80532,1690371532,879982,960514
2.02E+11,80396,1690371533,880867,961263
2.02E+11,80599,1690371534,881299,961898
2.02E+11,80467,1690371535,879691,960158
2.02E+11,80278,1690371536,879958,960236
2.02E+11,80437,1690371537,880459,960896
2.02E+11,80759,1690371538,880307,961066
2.02E+11,80995,1690371539,879335,960330
2.02E+11,80695,1690371540,879756,960451
2.02E+11,80578,1690371541,880009,960587
2.02E+11,80176,1690371542,879130,959306
2.02E+11,80920,1690371543,880175,961095
2.02E+11,80776,1690371544,879788,960564
2.02E+11,80635,1690371545,878398,959033
2.02E+11,80424,1690371546,880085,960509
2.02E+11,80695,1690371547,880019,960714
2.02E+11,80587,1690371548,880147,960734
2.02E+11,80893,1690371549,880556,961449
2.02E+11,80767,1690371550,879891,960658
2.02E+11,80369,1690371551,879640,960009
2.02E+11,80710,1690371552,882183,962893
2.02E+11,80589,1690371553,880934,961523
2.02E+11,80532,1690371554,881139,961671
2.02E+11,80721,1690371555,880539,961260
2.02E+11,80486,1690371556,878389,958875
2.02E+11,80677,1690371557,879566,960243
2.02E+11,80743,1690371558,879741,960484
2.02E+11,80520,1690371559,880919,961439
2.02E+11,80776,1690371560,880271,961047
2.02E+11,80884,1690371561,881534,962418
2.02E+11,80917,1690371562,881376,962293
2.02E+11,80546,1690371563,541073,621619
2.02E+11,80621,1690371564,541173,621794
2.02E+11,80403,1690371565,540839,621242
2.02E+11,80062,1690371566,541163,621225
2.02E+11,80378,1690371567,540586,620964
2.02E+11,80717,1690371568,540262,620979
2.02E+11,80172,1690371569,539365,619537
2.02E+11,80631,1690371570,540075,620706
2.02E+11,80141,1690371571,540110,620251
2.02E+11,80448,1690371572,539924,620372
2.02E+11,80816,1690371573,539562,620378
2.02E+11,80705,1690371574,541050,621755
2.02E+11,80622,1690371575,540754,621376
2.02E+11,80306,1690371576,540967,621273
2.02E+11,80505,1690371577,540859,621364
2.02E+11,80655,1690371578,541049,621704
2.02E+11,80446,1690371579,541591,622037
2.02E+11,80761,1690371580,540873,621634
2.02E+11,80843,1690371581,540951,621794
2.02E+11,80647,1690371582,540914,621561
2.02E+11,80773,1690371583,541184,621957
2.02E+11,80618,1690371584,540902,621520
2.02E+11,80911,1690371585,540937,621848
2.02E+11,80620,1690371586,541180,621800
2.02E+11,80567,1690371587,541045,621612
2.02E+11,80876,1690371588,540942,621818
2.02E+11,80288,1690371589,540516,620804
2.02E+11,80378,1690371590,540986,621364
2.02E+11,81010,1690371591,540588,621598
2.02E+11,80493,1690371592,540531,621024
2.02E+11,80636,1690371593,540128,620764
2.02E+11,80674,1690371594,540067,620741
2.02E+11,80986,1690371595,540245,621231
2.02E+11,80677,1690371596,540303,620980
2.02E+11,80947,1690371597,539733,620680
2.02E+11,80982,1690371598,540728,621710
2.02E+11,80970,1690371599,540587,621557
2.02E+11,81141,1690371600,541185,622326
2.02E+11,80865,1690371601,540885,621750
2.02E+11,81175,1690371602,540212,621387
2.02E+11,80963,1690371603,539936,620899
2.02E+11,81046,1690371604,540214,621260
2.02E+11,80739,1690371605,539445,620184
2.02E+11,80850,1690371606,540673,621523
2.02E+11,80868,1690371607,540667,621535
2.02E+11,80497,1690371608,540645,621142
2.02E+11,80482,1690371609,540091,620573
2.02E+11,80795,1690371610,540362,621157
2.02E+11,80306,1690371611,540704,621010
2.02E+11,80428,1690371612,540034,620462
2.02E+11,80820,1690371613,541230,622050
2.02E+11,80961,1690371614,540480,621441
2.02E+11,80894,1690371615,540650,621544
2.02E+11,80931,1690371616,540825,621756
2.02E+11,80996,1690371617,540892,621888
2.02E+11,80849,1690371618,539552,620401
2.02E+11,80425,1690371619,540455,620880
2.02E+11,80885,1690371620,538725,619610
2.02E+11,80633,1690371621,540108,620741
2.02E+11,81042,1690371622,539734,620776
2.02E+11,80639,1690371623,539768,620407
2.02E+11,81052,1690371624,540022,621074
2.02E+11,80987,1690371625,539954,620941
2.02E+11,80909,1690371626,540563,621472
2.02E+11,80578,1690371627,540414,620992
2.02E+11,81297,1690371628,540033,621330
2.02E+11,80996,1690371629,540235,621231
2.02E+11,81148,1690371630,540292,621440
2.02E+11,81077,1690371631,539744,620821
2.02E+11,80995,1690371632,539499,620494
2.02E+11,80635,1690371633,538184,618819
2.02E+11,80908,1690371634,538154,619062
2.02E+11,81087,1690371635,539806,620893
2.02E+11,80873,1690371636,539101,619974
2.02E+11,80287,1690371637,539787,620074
2.02E+11,80705,1690371638,540304,621009
2.02E+11,80850,1690371639,539662,620512
2.02E+11,80684,1690371640,539733,620417
2.02E+11,80819,1690371641,540454,621273
2.02E+11,80614,1690371642,540070,620684
2.02E+11,80888,1690371643,540652,621540
2.02E+11,80919,1690371644,540245,621164
2.02E+11,80440,1690371645,539986,620426
2.02E+11,80465,1690371646,539813,620278
2.02E+11,80946,1690371647,539327,620273
2.02E+11,80951,1690371648,539713,620664
2.02E+11,80844,1690371649,539621,620465
2.02E+11,80751,1690371650,539285,620036
2.02E+11,80719,1690371651,539640,620359
2.02E+11,80654,1690371652,539370,620024
2.02E+11,80865,1690371653,540337,621202
2.02E+11,81278,1690371654,539813,621091
2.02E+11,81080,1690371655,540205,621285
2.02E+11,80822,1690371656,539957,620779
2.02E+11,81021,1690371657,539849,620870
2.02E+11,80785,1690371658,539516,620301
2.02E+11,80662,1690371659,539340,620002
2.02E+11,80665,1690371660,538915,619580
2.02E+11,81183,1690371661,539114,620297
2.02E+11,80859,1690371662,538095,618954
2.02E+11,80976,1690371663,538583,619559
2.02E+11,80893,1690371664,539754,620647
2.02E+11,80700,1690371665,539038,619738
2.02E+11,81207,1690371666,539635,620842
2.02E+11,81012,1690371667,540149,621161
2.02E+11,81029,1690371668,540796,621825
2.02E+11,80948,1690371669,539925,620873
2.02E+11,80921,1690371670,539967,620888
2.02E+11,80640,1690371671,540080,620720
2.02E+11,80859,1690371672,539839,620698
2.02E+11,81102,1690371673,540121,621223
2.02E+11,80748,1690371674,539230,619978
2.02E+11,80686,1690371675,539275,619961
2.02E+11,80642,1690371676,539606,620248
2.02E+11,80873,1690371677,538975,619848
2.02E+11,80715,1690371678,538590,619305
2.02E+11,80728,1690371679,538852,619580
2.02E+11,80513,1690371680,539487,620000
2.02E+11,80831,1690371681,538670,619501
2.02E+11,80481,1690371682,540144,620625
2.02E+11,80545,1690371683,539683,620228
2.02E+11,80722,1690371684,539537,620259
2.02E+11,80994,1690371685,539699,620693
2.02E+11,80770,1690371686,540812,621582
2.02E+11,80672,1690371687,539785,620457
2.02E+11,80601,1690371688,539286,619887
2.02E+11,80810,1690371689,539401,620211
2.02E+11,80588,1690371690,538943,619531
2.02E+11,80663,1690371691,539648,620311
2.02E+11,80565,1690371692,539413,619978
2.02E+11,81400,1690371693,539893,621293
2.02E+11,80693,1690371694,538750,619443
2.02E+11,80991,1690371695,539174,620165
2.02E+11,80918,1690371696,539267,620185
2.02E+11,80951,1690371697,539830,620781
2.02E+11,81133,1690371698,540758,621891
2.02E+11,80818,1690371699,540383,621201
2.02E+11,81094,1690371700,540238,621332
2.02E+11,80927,1690371701,540371,621298
2.02E+11,80969,1690371702,540114,621083
2.02E+11,80854,1690371703,539639,620493
2.02E+11,80847,1690371704,539693,620540
2.02E+11,80364,1690371705,538987,619351
2.02E+11,80706,1690371706,538512,619218
2.02E+11,80716,1690371707,538132,618848
2.02E+11,80888,1690371708,538184,619072
2.02E+11,80403,1690371709,539106,619509
2.02E+11,80451,1690371710,539789,620240
2.02E+11,80555,1690371711,539264,619819
2.02E+11,80109,1690371712,539216,619325
2.02E+11,80630,1690371712,539345,619975
2.02E+11,80885,1690371713,540373,621258
2.02E+11,80728,1690371715,540039,620767
2.02E+11,80650,1690371716,540175,620825
2.02E+11,80593,1690371717,540062,620655
2.02E+11,80369,1690371718,539037,619406
2.02E+11,80158,1690371719,539034,619192
2.02E+11,80785,1690371720,538938,619723
2.02E+11,80258,1690371721,538772,619030
2.02E+11,80512,1690371722,538627,619139
2.02E+11,80912,1690371723,538269,619181
2.02E+11,80730,1690371724,538516,619246
2.02E+11,80306,1690371725,539262,619568
2.02E+11,81047,1690371726,538909,619956
2.02E+11,80830,1690371727,539600,620430
2.02E+11,80975,1690371728,539895,620870
2.02E+11,80653,1690371729,540000,620653
2.02E+11,80923,1690371730,539642,620565
2.02E+11,81079,1690371731,540498,621577
2.02E+11,80778,1690371732,540099,620877
2.02E+11,80285,1690371733,539367,619652
2.02E+11,80969,1690371734,539350,620319
2.02E+11,80679,1690371735,539404,620083
2.02E+11,80762,1690371736,539062,619824
2.02E+11,80414,1690371737,538759,619173
2.02E+11,80784,1690371738,539956,620740
2.02E+11,80529,1690371739,539612,620141
2.02E+11,80557,1690371740,540063,620620
2.02E+11,80904,1690371741,539351,620255
2.02E+11,80426,1690371742,539354,619780
2.02E+11,80505,1690371743,540153,620658
2.02E+11,80796,1690371744,539943,620739
2.02E+11,80684,1690371745,540947,621631
2.02E+11,80625,1690371746,539162,619787
2.02E+11,80723,1690371747,539279,620002
2.02E+11,80587,1690371748,539540,620127
2.02E+11,80710,1690371749,538872,619582
2.02E+11,80686,1690371750,539215,619901
2.02E+11,80809,1690371751,538761,619570
2.02E+11,80635,1690371752,538533,619168
2.02E+11,80878,1690371753,539376,620254
2.02E+11,81115,1690371754,539332,620447
2.02E+11,81118,1690371755,540111,621229
2.02E+11,80917,1690371756,539722,620639
2.02E+11,80866,1690371757,540332,621198
2.02E+11,81377,1690371758,538908,620285
2.02E+11,81160,1690371759,539901,621061
2.02E+11,80896,1690371760,540550,621446
2.02E+11,81184,1690371761,540680,621864
2.02E+11,80973,1690371762,540613,621586
2.02E+11,81088,1690371763,539629,620717
2.02E+11,80976,1690371764,540390,621366
2.02E+11,80635,1690371765,539674,620309
2.02E+11,80684,1690371766,539742,620426
2.02E+11,80831,1690371767,539603,620434
2.02E+11,80674,1690371768,539377,620051
2.02E+11,80634,1690371769,539422,620056
2.02E+11,80896,1690371770,538788,619684
2.02E+11,80454,1690371771,538792,619246
2.02E+11,80674,1690371772,539310,619984
2.02E+11,80702,1690371773,539170,619872
2.02E+11,80492,1690371774,539179,619671
2.02E+11,80676,1690371775,539752,620428
2.02E+11,80428,1690371776,538795,619223
2.02E+11,80352,1690371777,538595,618947
2.02E+11,80333,1690371778,539444,619777
2.02E+11,80551,1690371779,539261,619812
2.02E+11,80902,1690371780,539634,620536
2.02E+11,80216,1690371781,539002,619218
2.02E+11,80505,1690371782,539541,620046
2.02E+11,80853,1690371783,538983,619836
2.02E+11,81326,1690371784,538459,619785
2.02E+11,81007,1690371786,539144,620151
2.02E+11,80813,1690371787,539191,620004
2.02E+11,81125,1690371788,538322,619447
2.02E+11,80846,1690371789,538664,619510
2.02E+11,81134,1690371790,538496,619630
2.02E+11,81006,1690371791,538466,619472
2.02E+11,81344,1690371792,538843,620187
2.02E+11,81033,1690371793,539357,620390
2.02E+11,80862,1690371794,539867,620729
2.02E+11,80349,1690371795,539793,620142
2.02E+11,80587,1690371796,539905,620492
2.02E+11,80978,1690371797,539168,620146
2.02E+11,81138,1690371798,539581,620719
2.02E+11,80484,1690371799,539757,620241
2.02E+11,80691,1690371800,539281,619972
2.02E+11,80926,1690371801,539081,620007
2.02E+11,80715,1690371802,539177,619892
2.02E+11,80676,1690371803,539355,620031
2.02E+11,81177,1690371804,539453,620630
2.02E+11,80739,1690371806,539146,619885
2.02E+11,81025,1690371807,538510,619535
2.02E+11,80457,1690371808,539095,619552
2.02E+11,81138,1690371809,538429,619567
2.02E+11,80523,1690371810,539926,620449
2.02E+11,80695,1690371811,539391,620086
2.02E+11,80150,1690371812,538947,619097
2.02E+11,80585,1690371813,538597,619182
2.02E+11,80245,1690371814,538729,618974
2.02E+11,80849,1690371816,539364,620213
2.02E+11,80933,1690371817,539475,620408
2.02E+11,80518,1690371818,540047,620565
2.02E+11,80962,1690371819,539109,620071
2.02E+11,81087,1690371820,539408,620495
2.02E+11,80755,1690371821,539558,620313
2.02E+11,80404,1690371822,539495,619899
2.02E+11,81143,1690371823,540144,621287
2.02E+11,80540,1690371824,538893,619433
2.02E+11,81093,1690371825,539069,620162
2.02E+11,81577,1690371826,539340,620917
2.02E+11,80974,1690371827,538664,619638
2.02E+11,81124,1690371828,538429,619553
2.02E+11,81063,1690371829,539066,620129
2.02E+11,81069,1690371830,539773,620842
2.02E+11,80905,1690371831,540161,621066
2.02E+11,80608,1690371832,539292,619900
2.02E+11,81170,1690371833,540095,621265
2.02E+11,81117,1690371834,539151,620268
2.02E+11,80826,1690371835,539368,620194
2.02E+11,81180,1690371836,539549,620729
2.02E+11,80910,1690371837,539779,620689
2.02E+11,80739,1690371838,0,80739
2.02E+11,81023,1690371839,0,81023
2.02E+11,80807,1690371840,0,80807
2.02E+11,80738,1690371841,0,80738
2.02E+11,80490,1690371842,0,80490
2.02E+11,80923,1690371843,0,80923
2.02E+11,80504,1690371844,0,80504
2.02E+11,80568,1690371845,542094,622662
2.02E+11,81281,1690371846,538211,619492
2.02E+11,81181,1690371847,538596,619777
2.02E+11,80860,1690371848,538409,619269
2.02E+11,80774,1690371849,537895,618669
2.02E+11,81106,1690371850,537586,618692
2.02E+11,80981,1690371851,537894,618875
2.02E+11,80860,1690371852,537961,618821
2.02E+11,80986,1690371853,537527,618513
2.02E+11,80697,1690371854,537263,617960
2.02E+11,80998,1690371855,537408,618406
2.02E+11,80894,1690371856,538320,619214
2.02E+11,80990,1690371857,537050,618040
2.02E+11,80932,1690371858,536210,617142
2.02E+11,81008,1690371859,536640,617648
2.02E+11,81051,1690371860,537368,618419
2.02E+11,80862,1690371861,537965,618827
2.02E+11,80969,1690371862,537037,618006
2.02E+11,80853,1690371863,536828,617681
2.02E+11,81275,1690371864,537829,619104
2.02E+11,81158,1690371865,537965,619123
2.02E+11,80708,1690371866,538403,619111
2.02E+11,81168,1690371867,538574,619742
2.02E+11,80808,1690371868,538310,619118
2.02E+11,81032,1690371869,538034,619066
2.02E+11,80755,1690371870,539176,619931
2.02E+11,81049,1690371871,537664,618713
2.02E+11,80572,1690371872,538338,618910
2.02E+11,80828,1690371873,537001,617829
2.02E+11,80880,1690371874,537485,618365
2.02E+11,80681,1690371875,537503,618184
2.02E+11,80881,1690371876,536731,617612
2.02E+11,80934,1690371877,536865,617799
2.02E+11,80978,1690371878,536785,617763
2.02E+11,80436,1690371879,537274,617710
2.02E+11,80505,1690371880,536416,616921
2.02E+11,80851,1690371881,535883,616734
2.02E+11,80659,1690371882,536030,616689
2.02E+11,80841,1690371883,536490,617331
2.02E+11,80356,1690371884,536883,617239
2.02E+11,80388,1690371885,536891,617279
2.02E+11,80839,1690371886,536340,617179
2.02E+11,80998,1690371887,536200,617198
2.02E+11,80601,1690371888,536259,616860
2.02E+11,80859,1690371889,536591,617450
2.02E+11,81086,1690371890,536705,617791
2.02E+11,80735,1690371891,537295,618030
2.02E+11,80932,1690371892,536997,617929
2.02E+11,81058,1690371893,537194,618252
2.02E+11,81261,1690371894,537029,618290
2.02E+11,80946,1690371895,536948,617894
2.02E+11,80968,1690371896,536114,617082
2.02E+11,81219,1690371897,537021,618240
2.02E+11,81126,1690371898,536106,617232
2.02E+11,81126,1690371899,535766,616892
2.02E+11,80618,1690371900,535696,616314
2.02E+11,81227,1690371901,535450,616677
2.02E+11,80939,1690371902,536110,617049
2.02E+11,81161,1690371903,536403,617564
2.02E+11,81084,1690371904,536287,617371
2.02E+11,80952,1690371905,536907,617859
2.02E+11,81031,1690371906,536801,617832
2.02E+11,81037,1690371907,537507,618544
2.02E+11,80445,1690371908,537210,617655
2.02E+11,80683,1690371909,536427,617110
2.02E+11,80679,1690371910,536674,617353
2.02E+11,80669,1690371911,536516,617185
2.02E+11,80519,1690371912,536316,616835
2.02E+11,80422,1690371913,535953,616375
2.02E+11,80526,1690371914,536462,616988
2.02E+11,80447,1690371915,535936,616383
2.02E+11,80825,1690371916,535714,616539
2.02E+11,80763,1690371917,536005,616768
2.02E+11,80593,1690371918,535807,616400
2.02E+11,80919,1690371919,536331,617250
2.02E+11,81080,1690371920,535842,616922
2.02E+11,80854,1690371921,536527,617381
2.02E+11,80950,1690371922,537395,618345
2.02E+11,80950,1690371923,536813,617763
2.02E+11,80858,1690371924,536638,617496
2.02E+11,80815,1690371925,536293,617108
2.02E+11,80779,1690371926,535399,616178
2.02E+11,80930,1690371927,536434,617364
2.02E+11,80722,1690371928,536432,617154
2.02E+11,80861,1690371929,535673,616534
2.02E+11,81226,1690371930,536158,617384
2.02E+11,80555,1690371931,535051,615606
2.02E+11,81147,1690371932,535938,617085
2.02E+11,80769,1690371933,536040,616809
2.02E+11,81006,1690371934,536011,617017
2.02E+11,81322,1690371935,535561,616883
2.02E+11,81281,1690371936,537081,618362
2.02E+11,81132,1690371937,536782,617914
2.02E+11,80756,1690371938,536207,616963
2.02E+11,80868,1690371939,536558,617426
2.02E+11,80559,1690371940,535306,615865
2.02E+11,80684,1690371941,536020,616704
2.02E+11,80774,1690371942,535672,616446
2.02E+11,80564,1690371943,536707,617271
2.02E+11,80268,1690371944,536867,617135
2.02E+11,80523,1690371945,536350,616873
2.02E+11,80048,1690371946,536645,616693
2.02E+11,80411,1690371947,535664,616075
2.02E+11,80333,1690371948,535818,616151
2.02E+11,80617,1690371949,535086,615703
2.02E+11,80567,1690371950,535009,615576
2.02E+11,80733,1690371951,535728,616461
2.02E+11,80694,1690371952,535243,615937
2.02E+11,80406,1690371953,534585,614991
2.02E+11,80685,1690371954,534258,614943
2.02E+11,81186,1690371955,534888,616074
2.02E+11,80813,1690371956,534881,615694
2.02E+11,80474,1690371957,534939,615413
